16  102.4   53.7    51.5852 51.6141
18  119.8   64.2    61.5507 61.4809
20  137.0   74.7    71.7709 71.7207
22  153.5   85.3    81.9645 82.119
25  177.1   101.3   97.6931 97.6551
27  191.9   111.4   107.909 107.897
30  212.7   125.9   122.739 122.943
32  224.7   135.1   132.564 132.752
34  235.2   143.4   141.389 141.695
36  246.6   151.6   150.212 150.562
40  264.9   164.7   165.395 166.129
50  296.0   186.4   194.373 194.504
60  312.5   192.3   207.565 207.523
70  321.3   190.1   210.788 210.341
80  326.6   183.3   207.049 207.925