1
0.984965
0.970536
0.956501
0.943121
0.930357
0.918648
0.906899
0.894761
0.884002
0.872479
0.860605
0.849407
0.838495
0.827284
0.816144
0.805354
0.795569
0.786447
0.7777
0.768935
0.7607
0.752167
0.743492
0.734475
0.725497
0.716341
0.708046
0.700066
0.692601
0.686091
0.67959
0.673548
0.667711
0.663384
0.659328
0.65513
0.651509
0.647886
0.644173
0.641306
0.638936
0.637317
0.636176
0.635089
0.632815
0.630428
0.628345
0.625382
0.622146
0.617539
0.612643
0.60697
0.600779
0.595334
0.588737
0.581098
0.572031
0.562788
0.553645
0.544902
0.535776
0.527478
0.519882
0.511565
0.503685
0.495376
0.486939
0.479494
0.472747
0.466758
0.459665
0.454041
0.448081
0.441824
0.4342
0.426618
0.419842
0.413115
0.406838
0.400158
0.393938
0.388882
0.383387
0.378578
0.373509
0.368915
0.365697
0.363102
0.360928
0.358986
0.356909
0.354709
0.351799
0.348526
0.346237
0.343427
0.34068
0.337336
0.334394
0.332169
0.329784
0.325589
0.320083
0.3153
0.310421
0.305478
0.299956
0.294687
0.28901
0.284156
0.278112
0.271752
0.265173
0.258605
0.251367
0.244384
0.237504
0.230999
0.224925
0.219651
0.214836
0.210369
0.205672
0.201807
0.197538
0.192039
0.185932
0.180839
0.174655
0.168576
0.163217
0.15798
0.153177
0.149008
0.144374
0.140533
0.136906
0.133278
0.12794
0.12257
0.115512
0.109113
0.103289
0.0977903
0.0926529
0.0869095
0.0818559
0.0766696
0.071369
0.0643714
0.0570725
0.0504957
0.0435861
0.0378154
0.0314424
0.0253997
0.0200515
0.0145641
0.00851069
0.00143505
-0.00541547
-0.0125411
-0.0194406
-0.0258272
-0.0323916
-0.0386409
-0.0449277
-0.05026
-0.0550638
-0.0591607
-0.0640324
-0.0698718
-0.075232
-0.0801303
-0.0853063
-0.0892614
-0.0930251
-0.096518
-0.0989873
-0.0998557
-0.102182
-0.104159
-0.105549
-0.106768
-0.108975
-0.110871
-0.11227
-0.112672
-0.112539
-0.113303
-0.113995
-0.114702
-0.116204
-0.117962
-0.120895
-0.123371
-0.126253
-0.127223
-0.127123
