-0.1344
-0.1368
-0.172
-0.1624
-0.1496
-0.16
-0.1744
-0.1888
-0.1872
-0.172
-0.1912
-0.1896
-0.1784
-0.2008
-0.18
-0.1816
-0.1888
-0.204
-0.1992
-0.196
-0.2176
-0.2496
-0.2472
-0.272
-0.2704
-0.2656
-0.2712
-0.28
-0.2856
-0.2848
-0.296
-0.2584
-0.2776
-0.2728
-0.2816
-0.2912
-0.2696
-0.3192
-0.3208
-0.3208
-0.3192
-0.3104
-0.3224
-0.3512
-0.376
-0.3568
-0.3832
-0.376
-0.3296
-0.32
-0.3008
-0.2944
-0.2816
-0.2688
-0.2792
-0.2848
-0.2672
-0.2592
-0.2776
-0.2696
-0.2528
-0.2528
-0.2408
-0.2496
-0.2424
-0.2264
-0.2208
-0.2
-0.2016
-0.1624
-0.152
-0.1768
-0.2304
-0.2024
-0.2568
-0.2576
-0.2472
-0.244
-0.2936
-0.2728
-0.2672
-0.2792
-0.3056
-0.308
-0.3408
-0.3648
-0.3608
-0.3568
-0.344
-0.3424
-0.336
-0.324
-0.3248
-0.336
-0.3072
-0.3072
-0.3376
-0.3384
-0.3464
-0.3384
-0.352
-0.3736
-0.384
-0.4024
-0.384
-0.3728
-0.3544
-0.3368
-0.3368
-0.3176
-0.3648
-0.372
-0.3824
-0.3656
-0.3736
-0.3912
-0.3928
-0.3504
-0.3696
-0.3392
-0.3608
-0.3752
-0.4144
-0.4144
-0.4176
-0.4448
-0.4816
-0.4888
-0.4992
-0.508
-0.5048
-0.508
-0.5096
-0.4712
-0.5224
-0.5016
-0.5168
-0.5344
-0.5064
-0.4976
-0.5088
-0.4848
-0.4552
-0.4504
-0.4304
-0.4392
-0.4416
-0.4312
-0.4616
-0.4464
-0.4424
-0.4264
-0.4072
-0.3784
-0.3872
-0.4152
-0.4008
-0.4024
-0.4352
-0.4128
-0.4456
-0.3896
-0.3696
-0.3544
-0.3024
-0.2888
-0.2984
-0.284
-0.244
-0.2104
-0.204
-0.228
-0.24
-0.216
-0.2328
-0.2048
-0.2128
-0.2384
-0.2712
-0.244
-0.2592
-0.2552
-0.2496
-0.2312
-0.1904
-0.1896
-0.1872
-0.1888
-0.2104
-0.204
-0.1632
-0.1624
-0.16
-0.1808
-0.1616
-0.1768
-0.1808
-0.1584
-0.1512
-0.1864
-0.188
-0.1992
-0.2392
-0.2616
-0.2496
-0.2424
-0.2728
-0.2608
-0.2888
-0.2936
-0.2928
-0.3088
-0.3008
-0.3136
-0.2816
-0.2584
-0.2464
-0.2512
-0.2472
-0.228
-0.2064
-0.208
-0.2088
-0.2008
-0.1768
-0.1688
-0.152
-0.148
-0.1456
-0.1704
-0.1712
-0.168
-0.1872
-0.2224
-0.2352
-0.2288
-0.2344
-0.224
-0.1832
-0.2192
-0.2264
-0.2368
-0.2032
-0.1976
-0.1728
-0.1824
-0.1792
-0.2336
-0.2184
-0.2296
-0.2248
-0.228
-0.2272
-0.2336
-0.2512
-0.2376
-0.2136
-0.172
-0.1632
-0.124
-0.1304
-0.1408
-0.1488
-0.1136
-0.112
-0.0976
-0.0744
-0.0488
-0.0712
-0.1352
-0.1608
-0.1112
-0.1096
-0.088
-0.132
-0.1112
-0.0936
-0.0832
-0.1304
-0.1352
-0.132
-0.1128
-0.0608
-0.008
-0.048
-0.0416
-0.0216
-0.064
-0.0568
-0.0448
-0.04
-0.0728
-0.0864
-0.1048
-0.0896
-0.1096
-0.136
-0.1272
-0.152
-0.128
-0.1184
-0.1464
-0.1712
-0.1512
-0.1376
-0.1264
-0.1904
-0.1976
-0.1568
-0.1648
-0.1856
-0.1776
-0.1408
-0.1296
-0.1832
-0.1808
-0.1672
-0.1528
-0.172
-0.168
-0.184
-0.2072
-0.2368
-0.2208
-0.1992
-0.1952
-0.2064
-0.1696
-0.1944
-0.1816
-0.1648
-0.1528
-0.136
-0.1504
-0.1424
-0.168
-0.0992
-0.1264
-0.132
-0.1352
-0.1272
-0.1648
-0.1504
-0.14
-0.1584
-0.172
-0.172
-0.196
-0.2288
-0.196
-0.1376
-0.1472
-0.1216
-0.124
-0.1096
-0.0856
-0.0312
-0.0056
-0.0088
-0.0352
-0.02
-0.016
0.0016
0.0032
0.0144
-0.0208
-0.0016
-0.0032
-0.0016
0.0088
0.0176
-0.0016
0.0024
-0.0128
-0.0096
-0.0096
-0.0296
-0.0128
-0.0232
-0.0008
0.0112
-0.0088
0.0232
0.0608
0.0472
0.0384
0.0408
0.0256
0.0144
0.0208
0.0424
0.0472
0.048
0.0496
0.0912
0.0704
0.02
0.012
-0.0016
-0.0336
-0.0576
-0.076
-0.0664
-0.0704
-0.088
-0.1104
-0.0944
-0.0856
-0.1
-0.1224
-0.1112
-0.1048
-0.0776
-0.0792
-0.108
-0.1256
-0.1168
-0.1664
-0.184
-0.1744
-0.1768
-0.1944
-0.2056
-0.192
-0.1648
-0.1704
-0.1392
-0.1464
-0.1312
-0.1432
-0.1328
-0.1152
-0.1352
-0.1608
-0.1368
-0.1528
-0.144
-0.1704
-0.1784
-0.168
-0.1768
-0.176
-0.1872
-0.18
-0.1832
-0.2016
-0.1944
-0.164
-0.1288
-0.1552
-0.168
-0.1664
-0.1928
-0.1736
-0.176
-0.1352
-0.1288
-0.1088
-0.0952
-0.084
-0.0544
-0.0456
-0.072
-0.0872
-0.0704
-0.0864
-0.0616
-0.0544
-0.0296
-0.0512
-0.0648
-0.032
-0.0312
0.0056
-0.0104
-0.024
-0.0336
-0.02
-0.0256
-0.0192
-0.0192
-0.0168
-0.0424
-0.0584
-0.0744
-0.064
-0.0288
-0.0152
-0.0152
0.0312
0.056
0.0352
0.0448
0.016
0.0112
-0.0112
-0.0256
-0.0768
-0.0416
-0.0016
0.0368
0.0336
0.0256
0.0584
0.076
0.0976
0.124
0.1144
0.1488
0.1704
0.224
0.1816
0.1616
0.1472
0.1456
0.144
0.164
0.1744
0.1632
0.1728
0.1512
0.18
0.1792
0.2008
0.2384
0.2344
0.268
0.2288
0.2048
0.2368
0.2184
0.2232
0.2672
0.2664
0.2792
0.2512
0.2512
0.2592
0.2656
0.2512
0.2392
0.2608
0.2688
0.2448
0.2528
0.244
0.248
0.2496
0.1792
0.1984
0.2048
0.228
0.2344
0.1776
0.2144
0.212
0.2072
0.2464
0.2176
0.2416
0.2336
0.2376
0.2376
0.216
0.2432
0.2248
0.2224
0.2368
0.2592
0.2416
0.2456
0.2392
0.2792
0.26
0.2976
0.2816
0.2816
0.2408
0.204
0.1832
0.1952
0.1896
0.1816
0.196
0.1888
0.1968
0.1888
0.1528
0.1472
0.1048
0.0928
0.0936
0.0896
0.0888
0.0904
0.1144
0.1144
0.1136
0.1096
0.088
0.096
0.1496
0.148
0.1328
0.1784
0.1632
0.1344
0.1656
0.1776
0.1824
0.1512
0.1184
0.1
0.0984
0.092
0.0744
0.076
0.084
0.0824
0.0832
0.072
0.0688
0.0592
0.0864
0.0872
0.064
0.0448
0.0584
0.0824
0.1272
0.1056
0.1456
0.1464
0.144
0.0976
0.096
0.1112
0.108
0.1
0.108
0.0976
0.0728
0.0296
0.0128
0.0072
0.048
0.0456
0.0096
0.0112
0.028
0.048
0.0064
0.0136
-0.0112
-0.0408
-0.056
-0.048
-0.0288
-0.0008
-0.0224
0.0056
-0.0128
0.0072
0.0576
0.0384
0.0152
0.0448
0.0304
0.0104
-0.0328
-0.0448
-0.0416
-0.0368
-0.02
-0.0376
-0.0312
-0.0296
-0.0176
-0.0088
-0.0464
-0.044
-0.0352
-0.0096
-0.0408
-0.0248
-0.0304
-0.0304
-0.06
-0.0304
-0.0168
-0.0136
-0.0376
0.0024
-0.0296
-0.0128
0.0016
-0.0288
-0.0224
0.0008
0.004
-0.004
0.008
0.0024
-0.0072
0.0096
0.0184
0.02
0.016
-0.0096
-0.0472
-0.0504
-0.0248
-0.0312
-0.004
0.0288
-0.02
-0.036
-0.0232
-0.0088
0.0072
0.0104
0.0032
0.008
0.016
-0.0072
-0.004
0.0256
0.0464
0.0184
0.0288
0.0368
0.0336
0.0376
0.0608
0.0472
0.08
0.0856
0.1176
0.0944
0.0904
0.0656
0.068
0.0904
0.0976
0.0568
0.048
0.0136
-0.008
0.0456
0.0288
-0.0112
-0.0032
0.0248
0.032
0.0248
0.0472
0.0616
0.0688
0.0704
0.0712
0.0336
0.0464
0.0376
0.0312
0.0184
0.0232
-0.0264
-0.0064
-0.0488
-0.0552
-0.0264
0.0048
0.0032
-0.016
-0.0208
-0.004
-0.0136
-0.0424
-0.0712
-0.0808
-0.088
-0.1104
-0.1128
-0.0872
-0.116
-0.128
-0.1224
-0.1448
-0.1408
-0.1544
-0.1608
-0.1608
-0.156
-0.1392
-0.1424
-0.1624
-0.1184
-0.1272
-0.1056
-0.1328
-0.12
-0.144
-0.124
-0.1272
-0.1352
-0.1096
-0.132
-0.0992
-0.132
-0.104
-0.1336
-0.1128
-0.1072
-0.1288
-0.096
-0.0968
-0.1056
-0.1168
-0.112
-0.1256
-0.1416
-0.1632
-0.1664
-0.1888
-0.2024
-0.1904
-0.1896
-0.1912
-0.22
-0.2232
-0.2232
-0.2128
-0.224
-0.2208
-0.2272
-0.2224
-0.2048
-0.2136
-0.188
-0.2032
-0.1632
-0.1584
-0.2104
-0.2
-0.2296
-0.1896
-0.1936
-0.2024
-0.2096
-0.2096
-0.2136
-0.2248
-0.2296
-0.2072
-0.2232
-0.2496
-0.2432
-0.2456
-0.2064
-0.196
-0.2176
-0.2336
-0.2576
-0.2496
-0.2312
-0.1976
-0.1864
-0.2264
-0.2216
-0.2128
-0.2368
-0.2232
-0.2464
-0.256
-0.3104
-0.316
-0.3
-0.2856
-0.28
-0.3216
-0.3096
-0.3168
-0.3112
-0.3288
-0.336
-0.3472
-0.3416
-0.3296
-0.3224
-0.3264
-0.2712
-0.288
-0.244
-0.268
-0.2112
-0.2064
-0.2016
-0.2184
-0.1888
-0.156
-0.1624
-0.1352
-0.108
-0.0792
-0.0672
-0.0704
-0.0584
-0.0856
-0.0408
-0.0304
-0.0464
-0.0288
-0.0064
0.0336
0.0088
0.004
0.0192
-0.0072
0.0264
0.0448
0.0456
0.032
0.0208
0.0376
0.0088
0.0192
0.0248
0.0352
0.0288
0.036
0.0424
0.0792
0.0928
0.0776
0.0784
0.1
0.12
0.1368
0.1016
0.084
0.0552
0.0464
0.0696
0.0536
0.0648
0.0848
0.0744
0.0632
0.1032
0.104
0.1136
0.124
0.1088
0.1408
0.1376
0.1176
0.1248
0.1184
0.1248
0.1288
0.1656
0.1848
0.1784
0.1928
0.224
0.2152
0.2008
0.18
0.1896
0.212
0.2208
0.2024
0.2464
0.2176
0.2408
0.2376
0.2504
0.2768
0.2952
0.2992
0.2952
0.3216
0.34
0.3144
0.3168
0.336
0.3176
0.3152
0.3416
0.3248
0.316
0.3144
0.2984
0.26
0.2728
0.2256
0.1936
0.1632
0.1896
0.1696
0.1328
0.1008
0.104
0.1168
0.0864
0.0808
0.116
0.0856
0.076
0.0728
0.0592
0.048
0.0312
0.0648
0.0904
0.0952
0.1048
0.1328
0.1176
0.1344
0.116
0.1208
0.0888
0.1288
0.0832
0.1032
0.1288
0.0848
0.0824
0.0928
0.0824
0.0624
0.0656
0.0672
0.0504
0.0288
0.032
0.028
0.0032
0.0032
-0.016
-0.0176
-0.036
-0.0384
-0.0352
0.0056
0.0008
0.0184
0.0176
0.012
-0.0056
-0.008
-0.0096
0.024
0.0256
0.0232
-0.0024
0.0144
0.0264
0.0576
0.0288
0.028
0.0072
0.0032
0.0208
0.0208
0.0368
0.028
0.0008
-0.0248
-0.0072
-0.0464
-0.0736
-0.0936
-0.0976
-0.1192
-0.1336
-0.1232
-0.1224
-0.1208
-0.1568
-0.1352
-0.148
-0.144
-0.1552
-0.1824
-0.1808
-0.1704
-0.1728
-0.1904
-0.1696
-0.1688
-0.112
-0.1352
-0.1416
-0.1288
-0.1008
-0.0936
-0.0952
-0.0832
-0.0808
-0.036
-0.0152
-0.0016
0.0256
0.0328
0.0208
0.0288
0.0576
0.0312
0.0224
-0.0152
-0.0288
-0.0424
-0.004
-0.028
-0.0096
-0.0104
-0.0424
-0.0512
-0.0536
-0.0528
-0.0624
-0.0864
-0.0896
-0.0912
-0.076
-0.0872
-0.0912
-0.068
-0.1072
-0.1352
-0.1336
-0.1576
-0.1592
-0.16
-0.1536
-0.152
-0.168
-0.2024
-0.1712
-0.1936
-0.1872
-0.1704
-0.1664
-0.1776
-0.1616
-0.1864
-0.1816
-0.1856
-0.2392
-0.292
-0.2792
-0.2592
-0.268
-0.2496
-0.248
-0.264
-0.2232
-0.2144
-0.24
-0.2672
-0.252
-0.2552
-0.3008
-0.308
-0.26
-0.2568
-0.2728
-0.2936
-0.2864
-0.2896
-0.3048
-0.3136
-0.2792
-0.2848
-0.2816
-0.2712
-0.2848
-0.2864
-0.284
-0.2464
-0.276
-0.3072
-0.2824
-0.2824
-0.252
-0.2408
-0.2576
-0.2456
-0.2688
-0.2672
-0.2792
-0.2864
-0.2864
-0.28
-0.264
-0.2536
-0.2104
-0.1848
-0.1424
-0.1928
-0.208
-0.1336
-0.1368
-0.156
-0.196
-0.1608
-0.1424
-0.1192
-0.1272
-0.1152
-0.0936
-0.0816
-0.1392
-0.196
-0.1936
-0.1776
-0.1968
-0.2168
-0.1832
-0.1672
-0.1544
-0.16
-0.1248
-0.1248
-0.1032
-0.0712
-0.0912
-0.0464
-0.0784
-0.0696
-0.0992
-0.0768
-0.0432
-0.0256
-0.0336
-0.0056
0.0136
0.0072
0.0176
0.0488
0.0192
0.0152
0.0088
0.0248
0.0528
0.1
0.0816
0.0816
0.1048
0.1032
0.1272
0.1416
0.148
0.1536
0.144
0.1624
0.1528
0.1352
0.1344
0.1368
0.116
0.1192
0.0888
0.1224
0.1264
0.1336
0.1152
0.1392
0.148
0.1376
0.136
0.1584
0.1656
0.1584
0.1576
0.1776
0.188
0.1688
0.1688
0.1328
0.1328
0.108
0.1144
0.116
0.1368
0.184
0.1944
0.2184
0.1872
0.2136
0.2176
0.2208
0.2616
0.2384
0.2328
0.224
0.26
0.26
0.2512
0.2688
0.268
0.244
0.2456
0.2296
0.2272
0.2192
0.2232
0.2232
0.2288
0.2312
0.2672
0.2344
0.2672
0.2672
0.2792
0.2888
0.276
0.2888
0.2704
0.2712
0.2824
0.24
0.2256
0.2104
0.196
0.1952
0.2376
0.2568
0.2696
0.248
0.2176
0.2216
0.2056
0.1856
0.18
0.2096
0.2064
0.2272
0.2672
0.2888
0.3
0.3288
0.3504
0.3576
0.368
0.332
0.32
0.356
0.3536
0.3064
0.272
0.2976
0.2912
0.2664
0.2432
0.2216
0.2352
0.2264
0.2744
0.2888
0.2856
0.2928
0.3056
0.3104
0.3064
0.3096
0.32
0.3216
0.2848
0.2368
0.2896
0.3136
0.3232
0.3112
0.312
0.2952
0.2792
0.276
0.2456
0.2328
0.2112
0.2328
0.248
0.2696
0.2864
0.2872
0.3008
0.2792
0.3064
0.2808
0.284
0.264
0.2632
0.2456
0.2624
0.2512
0.2376
0.2488
0.2496
0.2512
0.2464
0.2072
0.1792
0.2008
0.1792
0.1872
0.1656
0.1704
0.1856
0.2072
0.1888
0.1728
0.1656
0.1608
0.1456
0.1552
0.1664
0.1664
0.1856
0.1744
0.1848
0.1848
0.204
0.1656
0.1648
0.18
0.188
0.1952
0.2152
0.22
0.2168
0.204
0.2272
0.1944
0.1944
0.1824
0.1912
0.1928
0.2072
0.212
0.1832
0.1688
0.1728
0.1608
0.1352
0.136
0.136
0.1144
0.0984
0.0984
0.1136
0.1392
0.0968
0.0984
0.0976
0.1128
0.084
0.0392
0.032
0.0512
0.08
0.0816
0.0592
0.0336
0.0112
0
-0.0264
-0.04
-0.044
-0.0432
0.0032
0.0312
0.0352
0.0016
-0.0144
0.0208
0.0088
0.0304
0.0008
0.0032
-0.0144
-0.0592
-0.06
-0.06
-0.072
-0.0768
-0.1016
-0.0768
-0.1272
-0.1432
-0.1496
-0.1664
-0.116
-0.1184
-0.1168
-0.092
-0.076
-0.1224
-0.1384
-0.1072
-0.1264
-0.1536
-0.1512
-0.1488
-0.1256
-0.1336
-0.1544
-0.16
-0.1264
-0.1192
-0.1456
-0.144
-0.1384
-0.2016
-0.1912
-0.2016
-0.1832
-0.2128
-0.2432
-0.2544
-0.2152
-0.2296
-0.2528
-0.2528
-0.26
-0.2184
-0.2504
-0.224
-0.1968
-0.2312
-0.2368
-0.2328
-0.2384
-0.2
-0.216
-0.2312
-0.256
-0.2352
-0.2408
-0.2424
-0.2896
-0.3064
-0.3184
-0.3032
-0.2872
-0.296
-0.3
-0.312
-0.2976
-0.324
-0.3392
-0.3208
-0.3104
-0.3208
-0.3144
-0.3664
-0.3576
-0.352
-0.32
-0.352
-0.3512
-0.3352
-0.344
-0.3416
-0.3384
-0.3296
-0.324
-0.3384
-0.3336
-0.3368
-0.3552
-0.3944
-0.376
-0.4024
-0.3912
-0.4256
-0.44
-0.432
-0.436
-0.4248
-0.4392
-0.4376
-0.4408
-0.4216
-0.4112
-0.3848
-0.3808
-0.372
-0.3816
-0.3728
-0.396
-0.4096
-0.3944
-0.3856
-0.4088
-0.4336
-0.448
-0.4208
-0.416
-0.436
-0.4064
-0.4152
-0.4088
-0.3776
-0.3488
-0.3064
-0.2936
-0.2896
-0.28
-0.2784
-0.2752
-0.2624
-0.2728
-0.2648
-0.28
-0.2568
-0.2664
-0.2672
-0.276
-0.2392
-0.2576
-0.2184
-0.2304
-0.216
-0.176
-0.1488
-0.1736
-0.18
-0.1944
-0.1912
-0.2008
-0.1904
-0.1808
-0.1888
-0.208
-0.2296
-0.24
-0.252
-0.2376
-0.2584
-0.2328
-0.2096
-0.2016
-0.1776
-0.228
-0.2544
-0.2184
-0.1752
-0.2248
-0.2304
-0.2352
-0.2192
-0.2216
-0.1768
-0.152
-0.1864
-0.2296
-0.2128
-0.2024
-0.1952
-0.2096
-0.2168
-0.2264
-0.1936
-0.2112
-0.2088
-0.2296
-0.2088
-0.1752
-0.1672
-0.1608
-0.1568
-0.1656
-0.1832
-0.2064
-0.2632
-0.2896
-0.2856
-0.2984
-0.2904
-0.2592
-0.2568
-0.2592
-0.2656
-0.2432
-0.2312
-0.2312
-0.244
-0.2704
-0.2752
-0.3088
-0.3144
-0.312
-0.3488
-0.3304
-0.3024
-0.3072
-0.2832
-0.2968
-0.2864
-0.2984
-0.2544
-0.2736
-0.2568
-0.2096
-0.196
-0.1808
-0.2
-0.1568
-0.1488
-0.1488
-0.1296
-0.0704
-0.0936
-0.092
-0.1064
-0.1064
-0.1504
-0.1528
-0.1552
-0.1808
-0.1176
-0.1376
-0.1456
-0.1512
-0.1512
-0.1248
-0.1224
-0.0952
-0.0712
-0.08
-0.1304
-0.1112
-0.1
-0.0968
-0.104
-0.1296
-0.1664
-0.1416
-0.1144
-0.0584
-0.068
-0.0632
-0.0496
-0.0536
-0.0464
-0.064
-0.0552
-0.0392
-0.044
-0.048
-0.0528
-0.0568
-0.0512
-0.0328
-0.0384
-0.0728
-0.0896
-0.0784
-0.0864
-0.0472
-0.0248
-0.036
-0.0312
-0.0648
-0.0872
-0.0904
-0.0664
-0.0624
-0.0216
-0.048
-0.012
-0.0256
-0.0376
-0.0136
0.0056
0.0096
-0.0184
-0.0536
-0.0296
0.02
-0.024
-0.0272
-0.024
-0.0256
-0.0408
-0.0728
-0.096
-0.0944
-0.1008
-0.0904
-0.1016
-0.1392
-0.1296
-0.1376
-0.1776
-0.18
-0.192
-0.1864
-0.1776
-0.1616
-0.1576
-0.1552
-0.1496
-0.1856
-0.172
-0.176
-0.1608
-0.1952
-0.1888
-0.1384
-0.1496
-0.1592
-0.1352
-0.1088
-0.116
-0.116
-0.0992
-0.112
-0.1496
-0.116
-0.1168
-0.1216
-0.1392
-0.1424
-0.1144
-0.1344
-0.2016
-0.1384
-0.156
-0.1352
-0.1064
-0.1008
-0.1016
-0.088
-0.092
-0.0928
-0.0856
-0.0632
-0.0224
-0.0216
-0.0584
-0.0464
-0.0976
-0.1024
-0.1008
-0.0936
-0.116
-0.1216
-0.1072
-0.1216
-0.0976
-0.0912
-0.0896
-0.1272
-0.096
-0.0896
-0.1048
-0.12
-0.12
-0.1248
-0.1464
-0.16
-0.1248
-0.1232
-0.0872
-0.0904
-0.084
-0.0696
-0.0784
-0.0648
-0.032
-0.0208
-0.0168
0.0096
0.0064
0.0544
0.068
0.0608
0.1112
0.1128
0.0992
0.1064
0.1416
0.1272
0.1384
0.1192
0.1056
0.1
0.1056
0.1008
0.1008
0.1032
0.1232
0.1224
0.112
0.0808
0.0584
0.0584
0.0368
0.0144
0.0016
0.0448
0.044
0.0392
0.0712
0.0592
0.068
0.068
0.0872
0.084
0.1248
0.1184
0.0784
0.1096
0.12
0.1272
0.1432
0.1336
0.1432
0.0856
0.0728
0.0776
0.092
0.096
0.096
0.08
0.0352
0.0456
0.008
-0.0048
-0.0072
0.04
0.0616
0.0536
0.0752
0.0624
0.0536
0.0616
0.0216
0.0208
0.0488
0.0168
0.0216
0.0016
0.0112
-0.0096
0.0112
0.024
0.0336
0.0624
0.1104
0.1568
0.1616
0.1488
0.1136
0.1568
0.1592
0.1672
0.1512
0.1616
0.1608
0.168
0.1632
0.1752
0.18
0.1824
0.1992
0.2032
0.192
0.212
0.1912
0.232
0.2056
0.2056
0.2736
0.2728
0.2464
0.2336
0.2584
0.2576
0.2264
0.228
0.2176
0.2248
0.2352
0.2072
0.2264
0.2136
0.1648
0.1384
0.1488
0.1304
0.1328
0.152
0.1568
0.1536
0.1488
