-0.172
-0.1704
-0.1696
-0.1648
-0.168
-0.1712
-0.1696
-0.1664
-0.1672
-0.1648
-0.1664
-0.1608
-0.1624
-0.168
-0.1608
-0.1584
-0.1552
-0.1576
-0.156
-0.1632
-0.1696
-0.1792
-0.1864
-0.1872
-0.1856
-0.1848
-0.1856
-0.184
-0.1784
-0.1752
-0.1784
-0.176
-0.1688
-0.1704
-0.1752
-0.1832
-0.1792
-0.1824
-0.1792
-0.18
-0.176
-0.1728
-0.176
-0.1768
-0.1752
-0.1768
-0.1784
-0.1768
-0.1776
-0.1808
-0.184
-0.1848
-0.184
-0.184
-0.1856
-0.188
-0.1864
-0.1936
-0.1952
-0.1984
-0.2024
-0.2056
-0.204
-0.1976
-0.196
-0.1872
-0.1928
-0.1952
-0.1952
-0.1968
-0.188
-0.1912
-0.1936
-0.1904
-0.184
-0.1816
-0.1832
-0.1736
-0.172
-0.1704
-0.1704
-0.1704
-0.1696
-0.1648
-0.1648
-0.1648
-0.1632
-0.164
-0.1624
-0.16
-0.1584
-0.1552
-0.1488
-0.1456
-0.144
-0.14
-0.1416
-0.1408
-0.1376
-0.1392
-0.1432
-0.148
-0.1504
-0.1408
-0.1424
-0.1408
-0.1376
-0.1368
-0.1328
-0.1312
-0.1336
-0.1368
-0.1392
-0.1384
-0.1384
-0.1416
-0.14
-0.1408
-0.1344
-0.1288
-0.1304
-0.1368
-0.1344
-0.132
-0.132
-0.1264
-0.1264
-0.1288
-0.1272
-0.1256
-0.1224
-0.1264
-0.128
-0.1224
-0.124
-0.1208
-0.1208
-0.124
-0.1216
-0.124
-0.1264
-0.128
-0.1296
-0.1336
-0.1328
-0.1328
-0.1368
-0.1368
-0.1352
-0.1336
-0.1344
-0.136
-0.1384
-0.1376
-0.1416
-0.14
-0.14
-0.1384
-0.1368
-0.1376
-0.1368
-0.136
-0.1344
-0.1376
-0.1376
-0.1384
-0.136
-0.1336
-0.1328
-0.132
-0.136
-0.1368
-0.1376
-0.1336
-0.132
-0.132
-0.1312
-0.1312
-0.1328
-0.1312
-0.1296
-0.1296
-0.1296
-0.1296
-0.1304
-0.1312
-0.1304
-0.1304
-0.128
-0.1288
-0.1296
-0.1288
-0.128
-0.1264
-0.1264
-0.1248
-0.1256
-0.124
-0.124
-0.1248
-0.124
-0.1224
-0.1288
-0.1272
-0.1272
-0.1272
-0.1272
-0.1264
-0.1248
-0.1264
-0.1256
-0.1248
-0.1232
-0.1224
-0.1256
-0.1256
-0.124
-0.1224
-0.1232
-0.1264
-0.1264
-0.1264
-0.1264
-0.1256
-0.1264
-0.1264
-0.1272
-0.1264
-0.1264
-0.128
-0.128
-0.128
-0.1272
-0.1304
-0.1304
-0.1296
-0.1328
-0.1336
-0.1336
-0.132
-0.1296
-0.1288
-0.1288
-0.132
-0.132
-0.1336
-0.1344
-0.1312
-0.1312
-0.1312
-0.132
-0.1312
-0.1336
-0.1304
-0.1288
-0.128
-0.1288
-0.1288
-0.1304
-0.1304
-0.1288
-0.128
-0.128
-0.1272
-0.1272
-0.128
-0.128
-0.1304
-0.1328
-0.1304
-0.1328
-0.132
-0.1312
-0.1288
-0.128
-0.1272
-0.1256
-0.1256
-0.1264
-0.1264
-0.1248
-0.1232
-0.1256
-0.1256
-0.128
-0.1272
-0.1256
-0.1232
-0.124
-0.124
-0.1264
-0.1256
-0.124
-0.1248
-0.1248
-0.124
-0.124
-0.1248
-0.128
-0.1256
-0.1248
-0.1272
-0.1296
-0.1296
-0.1296
-0.1296
-0.128
-0.1304
-0.1288
-0.1272
-0.1264
-0.1248
-0.1232
-0.12
-0.12
-0.12
-0.12
-0.12
-0.12
-0.12
-0.12
-0.12
-0.12
-0.12
-0.12
-0.12
-0.12
-0.12
-0.12
-0.12
-0.12
-0.12
-0.12
-0.12
-0.12
-0.12
-0.12
-0.12
-0.12
-0.12
-0.12
-0.12
-0.12
-0.12
-0.12
-0.12
-0.12
-0.12
-0.12
-0.12
-0.12
-0.12
-0.12
-0.12
-0.12
-0.12
-0.12
-0.12
-0.12
-0.12
-0.12
-0.12
-0.12
-0.12
-0.12
-0.12
-0.12
-0.12
-0.12
-0.12
-0.12
-0.12
-0.12
-0.12
-0.12
-0.12
-0.12
-0.12
-0.12
-0.12
-0.12
-0.12
-0.12
-0.12
-0.12
-0.12
-0.12
-0.12
-0.12
-0.12
-0.12
-0.12
-0.12
-0.12
-0.12
-0.12
-0.12
-0.12
-0.12
-0.12
-0.12
-0.12
-0.12
-0.12
-0.12
-0.12
-0.12
-0.12
-0.12
-0.12
-0.12
-0.12
-0.12
-0.12
-0.12
-0.12
-0.12
-0.12
-0.12
-0.12
-0.12
-0.12
-0.12
-0.12
-0.12
-0.12
-0.12
-0.12
-0.12
-0.12
-0.12
-0.12
-0.12
-0.12
-0.12
-0.12
-0.12
-0.12
-0.12
-0.12
-0.12
-0.12
-0.12
-0.12
-0.12
-0.12
-0.12
-0.12
-0.12
-0.12
-0.12
-0.12
-0.12
-0.12
-0.12
-0.12
-0.12
-0.12
-0.12
-0.12
-0.12
-0.12
-0.12
-0.12
-0.12
-0.12
-0.12
-0.12
-0.12
-0.12
-0.12
-0.12
-0.12
-0.12
-0.12
-0.12
-0.12
-0.12
-0.12
-0.12
-0.12
-0.12
-0.12
-0.12
-0.12
-0.12
-0.12
-0.12
-0.12
-0.12
-0.12
-0.12
-0.12
-0.12
-0.12
-0.12
-0.12
-0.12
-0.12
-0.12
-0.12
-0.12
-0.12
-0.12
-0.12
-0.12
-0.12
-0.12
-0.12
-0.12
-0.12
-0.12
-0.12
-0.12
-0.12
-0.12
-0.12
-0.12
-0.12
-0.12
-0.12
-0.12
-0.12
-0.12
-0.12
-0.12
-0.12
-0.12
-0.12
-0.12
-0.12
-0.12
-0.12
-0.12
-0.12
-0.12
-0.12
-0.12
-0.12
-0.12
-0.12
-0.12
-0.12
-0.12
-0.12
-0.12
-0.12
-0.12
-0.12
-0.12
-0.12
-0.12
-0.12
-0.12
-0.12
-0.12
-0.12
-0.12
-0.12
-0.12
-0.12
-0.12
-0.12
-0.12
-0.12
-0.12
-0.12
-0.12
-0.12
-0.12
-0.12
-0.12
-0.12
-0.12
-0.12
-0.12
-0.12
-0.12
-0.12
-0.12
-0.12
-0.12
-0.12
-0.12
-0.12
-0.12
-0.12
-0.12
-0.12
-0.12
-0.12
-0.12
-0.12
-0.12
-0.12
-0.12
-0.12
-0.12
-0.12
-0.12
-0.12
-0.12
-0.12
-0.12
-0.12
-0.12
-0.12
-0.12
-0.12
-0.12
-0.12
-0.12
-0.12
-0.12
-0.12
-0.12
-0.12
-0.12
-0.12
-0.12
-0.12
-0.12
-0.12
-0.12
-0.12
-0.12
-0.12
-0.12
-0.12
-0.12
-0.12
-0.12
-0.12
-0.12
-0.12
-0.12
-0.12
-0.12
-0.12
-0.12
-0.12
-0.12
-0.12
-0.12
-0.12
-0.12
-0.12
-0.12
-0.12
-0.12
-0.12
-0.12
-0.12
-0.12
-0.12
-0.12
-0.12
-0.12
-0.12
-0.12
-0.12
-0.12
-0.12
-0.12
-0.12
-0.12
-0.12
-0.12
-0.12
-0.12
-0.12
-0.12
-0.12
-0.12
-0.12
-0.12
-0.12
-0.12
-0.12
-0.12
-0.12
-0.12
-0.12
-0.12
-0.12
-0.12
-0.12
-0.12
-0.12
-0.12
-0.12
-0.12
-0.12
-0.12
-0.12
-0.12
-0.12
-0.12
-0.12
-0.12
-0.12
-0.12
-0.12
-0.12
-0.12
-0.12
-0.12
-0.12
-0.12
-0.12
-0.12
-0.12
-0.12
-0.12
-0.12
-0.12
-0.12
-0.12
-0.12
-0.12
-0.12
-0.12
-0.12
-0.12
-0.12
-0.12
-0.12
-0.12
-0.12
-0.12
-0.12
-0.12
-0.12
-0.12
-0.12
-0.12
-0.12
-0.12
-0.12
-0.12
-0.12
-0.12
-0.12
-0.12
-0.12
-0.12
-0.12
-0.12
-0.12
-0.12
-0.12
-0.12
-0.12
-0.12
-0.12
-0.12
-0.12
-0.12
-0.12
-0.12
-0.12
-0.12
-0.12
-0.12
-0.12
-0.12
-0.12
-0.12
-0.12
-0.12
-0.12
-0.12
-0.12
-0.12
-0.12
-0.12
-0.12
-0.12
-0.12
-0.12
-0.12
-0.12
-0.12
-0.12
-0.12
-0.12
-0.12
-0.12
-0.12
-0.12
-0.12
-0.12
-0.12
-0.12
-0.12
-0.12
-0.12
-0.12
-0.12
-0.12
-0.12
-0.12
-0.12
-0.12
-0.12
-0.12
-0.12
-0.12
-0.12
-0.12
-0.12
-0.12
-0.12
-0.12
-0.12
-0.12
-0.12
-0.12
-0.12
-0.12
-0.12
-0.12
-0.12
-0.12
-0.12
-0.12
-0.12
-0.12
-0.12
-0.12
-0.12
-0.12
-0.12
-0.12
-0.12
-0.12
-0.12
-0.12
-0.12
-0.12
-0.12
-0.12
-0.12
-0.12
-0.12
-0.12
-0.12
-0.12
-0.12
-0.12
-0.12
-0.12
-0.12
-0.12
-0.12
-0.12
-0.12
-0.12
-0.12
-0.12
-0.12
-0.12
-0.12
-0.12
-0.12
-0.12
-0.12
-0.12
-0.12
-0.12
-0.12
-0.12
-0.12
-0.12
-0.12
-0.12
-0.12
-0.12
-0.12
-0.12
-0.12
-0.12
-0.12
-0.12
-0.12
-0.12
-0.12
-0.12
-0.12
-0.12
-0.12
-0.12
-0.12
-0.12
-0.12
-0.12
-0.12
-0.12
-0.12
-0.12
-0.12
-0.12
-0.12
-0.12
-0.12
-0.12
-0.12
-0.12
-0.12
-0.12
-0.12
-0.12
-0.12
-0.12
-0.12
-0.12
-0.12
-0.12
-0.12
-0.12
-0.12
-0.12
-0.12
-0.12
-0.12
-0.12
-0.12
-0.12
-0.12
-0.12
-0.12
-0.12
-0.12
-0.12
-0.12
-0.12
-0.12
-0.12
-0.12
-0.12
-0.12
-0.12
-0.12
-0.12
-0.12
-0.12
-0.12
-0.12
-0.12
-0.12
-0.12
-0.12
-0.12
-0.12
-0.12
-0.12
-0.12
-0.12
-0.12
-0.12
-0.12
-0.12
-0.12
-0.12
-0.12
-0.12
-0.12
-0.12
-0.12
-0.12
-0.12
-0.12
-0.12
-0.12
-0.12
-0.12
-0.12
-0.12
-0.12
-0.12
-0.12
-0.12
-0.12
-0.12
-0.12
-0.12
-0.12
-0.12
-0.12
-0.12
-0.12
-0.12
-0.12
-0.12
-0.12
-0.12
-0.12
-0.12
-0.12
-0.12
-0.12
-0.12
-0.12
-0.12
-0.12
-0.12
-0.12
-0.12
-0.12
-0.12
-0.12
-0.12
-0.12
-0.12
-0.12
-0.12
-0.12
-0.12
-0.12
-0.12
-0.12
-0.12
-0.12
-0.12
-0.12
-0.12
-0.12
-0.12
-0.12
-0.12
-0.12
-0.12
-0.12
-0.12
-0.12
-0.12
-0.12
-0.12
-0.12
-0.12
-0.12
-0.12
-0.12
-0.12
-0.12
-0.12
-0.12
-0.12
-0.12
-0.12
-0.12
-0.12
-0.12
-0.12
-0.12
-0.12
-0.12
-0.12
-0.12
-0.12
-0.12
-0.12
-0.12
-0.12
-0.12
-0.12
-0.12
-0.12
-0.12
-0.12
-0.12
-0.12
-0.12
-0.12
-0.12
-0.12
-0.12
-0.12
-0.12
-0.12
-0.12
-0.12
-0.12
-0.12
-0.12
-0.12
-0.12
-0.12
-0.12
-0.12
-0.12
-0.12
-0.12
-0.12
-0.12
-0.12
-0.12
-0.12
-0.12
-0.12
-0.12
-0.12
-0.12
-0.12
-0.12
-0.12
-0.12
-0.12
-0.12
-0.12
-0.12
-0.12
-0.12
-0.12
-0.12
-0.12
-0.12
-0.12
-0.12
-0.12
-0.12
-0.12
-0.12
-0.12
-0.12
-0.12
-0.12
-0.12
-0.12
-0.12
-0.12
-0.12
-0.12
-0.12
-0.12
-0.12
-0.12
-0.12
-0.12
-0.12
-0.12
-0.12
-0.12
-0.12
-0.12
-0.12
-0.12
-0.12
-0.12
-0.12
-0.12
-0.12
-0.12
-0.12
-0.12
-0.12
-0.12
-0.12
-0.12
-0.12
-0.12
-0.12
-0.12
-0.12
-0.12
-0.12
-0.12
-0.12
-0.12
-0.12
-0.12
-0.12
-0.12
-0.12
-0.12
-0.12
-0.12
-0.12
-0.12
-0.12
-0.12
-0.12
-0.12
-0.12
-0.12
-0.12
-0.12
-0.12
-0.12
-0.12
-0.12
-0.12
-0.12
-0.12
-0.12
-0.12
-0.12
-0.12
-0.12
-0.12
-0.12
-0.12
-0.12
-0.12
-0.12
-0.12
-0.12
-0.12
-0.12
-0.12
-0.12
-0.12
-0.12
-0.12
-0.12
-0.12
-0.12
-0.12
-0.12
-0.12
-0.12
-0.12
-0.12
-0.12
-0.12
-0.12
-0.12
-0.12
-0.12
-0.12
-0.12
-0.12
-0.12
-0.12
-0.12
-0.12
-0.12
-0.12
-0.12
-0.12
-0.12
-0.12
-0.12
-0.12
-0.12
-0.12
-0.12
-0.12
-0.12
-0.12
-0.12
-0.12
-0.12
-0.12
-0.12
-0.12
-0.12
-0.12
-0.12
-0.12
-0.12
-0.12
-0.12
-0.12
-0.12
-0.12
-0.12
-0.12
-0.12
-0.12
-0.12
-0.12
-0.12
-0.12
-0.12
-0.12
-0.12
-0.12
-0.12
-0.12
-0.12
-0.12
-0.12
-0.12
-0.12
-0.12
-0.12
-0.12
-0.12
-0.12
-0.12
-0.12
-0.12
-0.12
-0.12
-0.12
-0.12
-0.12
-0.12
-0.12
-0.12
-0.12
-0.12
-0.12
-0.12
-0.12
-0.12
-0.12
-0.12
-0.12
-0.12
-0.12
-0.12
-0.12
-0.12
-0.12
-0.12
-0.12
-0.12
-0.12
-0.12
-0.12
-0.12
-0.12
-0.12
-0.12
-0.12
-0.12
-0.12
-0.12
-0.12
-0.12
-0.12
-0.12
-0.12
-0.12
-0.12
-0.12
-0.12
-0.12
-0.12
-0.12
-0.12
-0.12
-0.12
-0.12
-0.12
-0.12
-0.12
-0.12
-0.12
-0.12
-0.12
-0.12
-0.12
-0.12
-0.12
-0.12
-0.12
-0.12
-0.12
-0.12
-0.12
-0.12
-0.12
-0.12
-0.12
-0.12
-0.12
-0.12
-0.12
-0.12
-0.12
-0.12
-0.12
-0.12
-0.12
-0.12
-0.12
-0.12
-0.12
-0.12
-0.12
-0.12
-0.12
-0.12
-0.12
-0.12
-0.12
-0.12
-0.12
-0.12
-0.12
-0.12
-0.12
-0.12
-0.12
-0.12
-0.12
-0.12
-0.12
-0.12
-0.12
-0.12
-0.12
-0.12
-0.12
-0.12
-0.12
-0.12
-0.12
-0.12
-0.12
-0.12
-0.12
-0.12
-0.12
-0.12
-0.12
-0.12
-0.12
-0.12
-0.12
-0.12
-0.12
-0.12
-0.12
-0.12
-0.12
-0.12
-0.12
-0.12
-0.12
-0.12
-0.12
-0.12
-0.12
-0.12
-0.12
-0.12
-0.12
-0.12
-0.12
-0.12
-0.12
-0.12
-0.12
-0.12
-0.12
-0.12
-0.12
-0.12
-0.12
-0.12
-0.12
-0.12
-0.12
-0.12
-0.12
-0.12
-0.12
-0.12
-0.12
-0.12
-0.12
-0.12
-0.12
-0.12
-0.12
-0.12
-0.12
-0.12
-0.12
-0.12
-0.12
-0.12
-0.12
-0.12
-0.12
-0.12
-0.12
-0.12
-0.12
-0.12
-0.12
-0.12
-0.12
-0.12
-0.12
-0.12
-0.12
-0.12
-0.12
-0.12
-0.12
-0.12
-0.12
-0.12
-0.12
-0.12
-0.12
-0.12
-0.12
-0.12
-0.12
-0.12
-0.12
-0.12
-0.12
-0.12
-0.12
-0.12
-0.12
-0.12
-0.12
-0.12
-0.12
-0.12
-0.12
-0.12
-0.12
-0.12
-0.12
-0.12
-0.12
-0.12
-0.12
-0.12
-0.12
-0.12
-0.12
-0.12
-0.12
-0.12
-0.12
-0.12
-0.12
-0.12
-0.12
-0.12
-0.12
-0.12
-0.12
-0.12
-0.12
-0.12
-0.12
-0.12
-0.12
-0.12
-0.12
-0.12
-0.12
-0.12
-0.12
-0.12
-0.12
-0.12
-0.12
-0.12
-0.12
-0.12
-0.12
-0.12
-0.12
-0.12
-0.12
-0.12
-0.12
-0.12
-0.12
-0.12
-0.12
-0.12
-0.12
-0.12
-0.12
-0.12
-0.12
-0.12
-0.12
-0.12
-0.12
-0.12
-0.12
-0.12
-0.12
-0.12
-0.12
-0.12
-0.12
-0.12
-0.12
-0.12
-0.12
-0.12
-0.12
-0.12
-0.12
-0.12
-0.12
-0.12
-0.12
-0.12
-0.12
-0.12
-0.12
-0.12
-0.12
-0.12
-0.12
-0.12
-0.12
-0.12
-0.12
-0.12
-0.12
-0.12
-0.12
-0.12
-0.12
-0.12
-0.12
-0.12
-0.12
-0.12
-0.12
-0.12
-0.12
-0.12
-0.12
-0.12
-0.12
-0.12
-0.12
-0.12
-0.12
-0.12
-0.12
-0.12
-0.12
-0.12
-0.12
-0.12
-0.12
-0.12
-0.12
-0.12
-0.12
-0.12
-0.12
-0.12
-0.12
-0.12
-0.12
-0.12
-0.12
-0.12
-0.12
-0.12
-0.12
-0.12
-0.12
-0.12
-0.12
-0.12
-0.12
-0.12
-0.12
-0.12
-0.12
-0.12
-0.12
-0.12
-0.12
-0.12
-0.12
-0.12
-0.12
-0.12
-0.12
-0.12
-0.12
-0.12
-0.12
-0.12
-0.12
-0.12
-0.12
-0.12
-0.12
-0.12
-0.12
-0.12
-0.12
-0.12
-0.12
-0.12
-0.12
-0.12
-0.12
-0.12
-0.12
-0.12
-0.12
-0.12
-0.12
-0.12
-0.12
-0.12
-0.12
-0.12
-0.12
-0.12
-0.12
-0.12
-0.12
-0.12
-0.12
-0.12
-0.12
-0.12
-0.12
-0.12
-0.12
-0.12
-0.12
-0.12
-0.12
-0.12
-0.12
-0.12
-0.12
-0.12
-0.12
-0.12
-0.12
-0.12
-0.12
-0.12
-0.12
-0.12
-0.12
-0.12
-0.12
-0.12
-0.12
-0.12
-0.12
-0.12
-0.12
-0.12
-0.12
-0.12
-0.12
-0.12
-0.12
-0.12
-0.12
-0.12
-0.12
-0.12
-0.12
-0.12
-0.12
-0.12
-0.12
-0.12
-0.12
-0.12
-0.12
-0.12
-0.12
-0.12
-0.12
-0.12
-0.12
-0.12
-0.12
-0.12
-0.12
-0.12
-0.12
-0.12
-0.12
-0.12
-0.12
-0.12
-0.12
-0.12
-0.12
-0.12
-0.12
-0.12
-0.12
-0.12
-0.12
-0.12
-0.12
-0.12
-0.12
-0.12
-0.12
-0.12
-0.12
-0.12
-0.12
-0.12
-0.12
-0.12
-0.12
-0.12
-0.12
-0.12
-0.12
-0.12
-0.12
-0.12
-0.12
-0.12
-0.12
-0.12
-0.12
-0.12
-0.12
-0.12
-0.12
-0.12
-0.12
-0.12
-0.12
-0.12
-0.12
-0.12
-0.12
-0.12
-0.12
-0.12
-0.12
-0.12
-0.12
-0.12
-0.12
-0.12
-0.12
-0.12
-0.12
-0.12
-0.12
-0.12
-0.12
-0.12
-0.12
-0.12
-0.12
-0.12
-0.12
-0.12
-0.12
-0.12
-0.12
-0.12
-0.12
-0.12
-0.12
-0.12
-0.12
-0.12
-0.12
-0.12
-0.12
-0.12
-0.12
-0.12
-0.12
-0.12
-0.12
-0.12
-0.12
-0.12
-0.12
-0.12
-0.12
-0.12
-0.12
-0.12
-0.12
-0.12
-0.12
-0.12
-0.12
-0.12
-0.12
-0.12
-0.12
-0.12
-0.12
-0.12
-0.12
-0.12
-0.12
-0.12
-0.12
-0.12
-0.12
-0.12
-0.12
-0.12
-0.12
-0.12
-0.12
-0.12
-0.12
-0.12
-0.12
-0.12
-0.12
-0.12
-0.12
-0.12
-0.12
-0.12
-0.12
-0.12
-0.12
-0.12
-0.12
-0.12
-0.12
-0.12
-0.12
-0.12
-0.12
-0.12
-0.12
-0.12
-0.12
-0.12
-0.12
-0.12
-0.12
-0.12
-0.12
-0.12
-0.12
-0.12
-0.12
-0.12
-0.12
-0.12
-0.12
-0.12
-0.12
-0.12
-0.12
-0.12
-0.12
-0.12
-0.12
-0.12
-0.12
-0.12
-0.12
-0.12
-0.12
-0.12
-0.12
-0.12
-0.12
-0.12
-0.12
-0.12
-0.12
-0.12
-0.12
-0.12
-0.12
-0.12
-0.12
-0.12
-0.12
-0.12
-0.12
-0.12
-0.12
-0.12
-0.12
-0.12
-0.12
-0.12
-0.12
-0.12
-0.12
-0.12
-0.12
-0.12
-0.12
-0.12
-0.12
-0.12
