-78066
-75334
-78574
-87224
-86230
-86138
-85646
-82118
-81558
-81526
-83952
-82596
-76644
-86024
-87026
-85714
-87864
-83242
-82876
-85696
-84184
-82412
-81598
-81288
-83540
-79456
-81990
-83382
-82900
-77810
-87598
-84878
-84154
-83814
-82508
-86360
-82558
-83564
-84388
-85142
-86694
-86330
-87196
-87746
-81508
-79192
-79920
-79134
-70244
-86854
-81926
-86780
-86898
-82454
-88040
-81570
-84684
-83566
-82746
-86482
-86616
-88952
-85618
-82398
-86078
-85344
-81018
-83884
-86648
-85282
-86576
-89142
-86068
-86158
-84862
-84808
-83110
-87092
-87136
-85920
-85050
-85554
-83104
-82050
-79390
-85292
-85490
-85146
-83668
-83050
-80952
-82708
-82750
-84160
-87856
-83826
-83522
-84762
-84926
-73616
-82182
-85846
-86058
-85706
-86824
-84078
-86924
-82630
-85334
-83896
-79466
-80494
-85078
-80064
-84896
-79794
-84986
-87954
-80540
-79846
-79418
-81800
-85596
-86590
-87148
-82506
-85848
-87964
-87990
-87468
-83502
-82204
-87308
-80032
-87224
-82386
-84208
-85456
-85180
-84102
-87936
-85502
-83892
-87640
-83934
-83580
-80552
-83438
-81900
-79780
-83690
-85744
-88264
-68530
-76792
-84124
-89000
-87662
-84486
-82082
-82294
-83916
-79988
-84340
-86790
-86368
-82942
-83796
-84390
-84016
-82178
-86956
-87770
-85248
-84468
-84804
-81282
-87148
-85812
-82076
-85544
-82540
-86650
-80824
-82234
-86382
-81330
-86858
-84816
-84382
-77074
-79340
-86250
-83506
-82590
-82832
-85896
-75088
-82644
-84970
-83390
-82728
-83270
-83216
-83494
-83570
-83946
-85122
-82792
-85604
-81974
-85578
-85848
-86168
-85992
-81200
-82774
-82610
-82390
-83896
-82052
-87258
-84486
-70772
-84082
-88792
-88064
-83980
-86592
-78466
-79114
-80864
-84784
-88006
-82644
-82432
-84918
-84840
-83622
-85402
-85074
-83894
-85038
-85164
-84322
-88402
-86786
-85076
-84852
-83346
-81178
-77998
-84498
-87220
-85046
-85260
-84090
-82530
-80414
-71552
-81372
-83060
-88080
-83948
-80684
-84654
-85374
-85264
-86522
-82398
-85712
-81918
-79170
-86328
-81476
-84362
-76212
-83836
-86624
-83400
-80370
-74240
-87552
-89390
-85096
-86382
-86362
-83794
-84076
-88630
-85938
-85592
-87930
-83114
-86000
-83374
-85240
-85822
-82658
-82560
-86994
-89740
-86220
-86832
-82468
-80008
-85948
-84660
-85692
-82670
-80226
-85876
-85202
-86056
-81442
-81580
-85414
-85522
-80740
-84768
-82446
-78196
-86508
-81808
-82806
-78176
-86154
-82814
-83298
-86398
-83924
-86396
-85874
-82738
-86350
-87136
-78668
-82816
-83796
-80730
-83296
-73414
-82424
-83108
-80682
-82092
-80044
-82330
-78838
-82800
-82834
-84554
-83016
-71960
-82808
-79922
-86008
-86388
-82710
-84484
-86364
-84868
-88324
-89218
-84748
-87118
-86498
-81270
-78056
-86382
-88558
-82678
-80408
-79522
-82158
-80178
-87964
-82012
-83796
-85894
-85840
-83258
-83134
-84694
-84556
-82924
-85852
-85626
-86342
-85964
-84890
-85390
-78410
-82504
-84594
-79432
-82766
-86516
-81326
-86026
-86256
-86544
-84790
-86294
-72408
-77850
-82978
-82600
-79154
-83888
-85232
-83756
-86662
-79702
-86844
-87826
-86794
-83130
-85748
-78572
-84564
-79736
-81844
-83756
-87756
-86610
-84636
-86592
-84680
-85702
-87750
-86492
-84932
-84626
-84680
-83898
-86752
-87210
-86692
-86642
-85482
-84228
-86244
-85516
-84112
-84328
-81832
-84544
-83360
-86178
-86564
-82172
-86586
-83552
-83788
-84188
-85056
-86994
-86866
-82682
-83044
-80706
-83608
-84610
-78904
-84888
-84676
-85686
-84940
-83706
-86470
-85424
-85588
-81362
-88116
-80760
-85604
-81918
-79496
-84882
-80452
-82610
-88028
-86364
-84000
-81130
-86882
-84216
-85356
-86842
-85002
-84672
-84932
-83258
-82330
-78792
-80596
-78814
-78414
-82600
-84112
-83326
-83868
-80440
-82002
-81072
-75176
-81272
-85958
-85384
-85320
-81078
-84332
-79338
-80192
-85032
-83512
-87076
-76756
-82360
-83322
-85652
-74296
-78780
-83228
-83020
-86410
-77100
-83036
-83190
-84392
-81136
-88398
-80652
-85320
-82142
-82950
-76516
-70792
-76048
-81768
-78818
-81264
-82868
-85814
-83730
-83990
-87174
-87892
-81364
-83902
-80970
-86290
-82142
-87918
-78222
-82560
-83390
-82706
-85842
-85728
-84254
-77812
-85508
-84464
-84514
-85488
-80312
-83840
-85664
-85004
-83662
-85818
-81472
-75692
-88802
-77342
-85508
-81988
-82018
-84642
-84752
-84190
-81034
-85476
-77554
-84578
-86162
-77946
-79488
-81798
-77400
-82722
-83566
-82914
-86412
-84986
-84628
-82382
-76704
-85434
-82572
-81906
-84090
-80526
-83440
-82300
-85056
-88116
-88238
-84814
-84840
-85952
-84686
-83716
-85658
-85636
-86402
-89332
-85300
-84682
-81994
-81198
-72198
-80734
-81134
-77628
-86862
-85276
-85440
-81694
-83294
-80072
-77172
-84454
-89156
-86836
-85914
-82196
-84628
-85698
-85926
-87782
-83076
-75158
-83316
-79764
-78286
-85908
-75526
-86886
-84884
-85766
-85332
-80562
-86648
-85952
-87670
-81626
-83532
-84236
-83548
-84134
-80476
-81780
-81356
-86136
-83988
-86346
-82092
-83140
-85676
-85746
-86298
-87262
-87160
-84906
-81932
-83924
-82262
-86744
-83466
-82828
-86342
-86170
-84434
-86832
-87046
-86190
-73452
-82708
-83292
-87372
-85388
-77178
-81266
-82634
-84176
-87320
-86596
-85652
-87186
-86664
-84732
-88808
-81728
-86138
-83034
-87306
-83336
-82572
-86976
-81244
-85296
-79044
-81624
-78860
-78720
-83580
-85718
-83134
-81832
-82434
-84200
-78110
-83948
-85066
-82802
-80586
-84842
-81814
-82570
-85094
-82472
-80350
-83710
-86644
-83304
-77970
-83592
-81226
-80396
-87482
-86086
-84510
-85480
-88060
-88374
-84280
-87696
-83894
-84486
-85400
-83460
-86144
-88612
-85902
-88488
-86104
-86426
-84090
-85654
-85082
-88472
-84780
-80836
-81818
-85278
-82418
-84148
-85042
-83212
-82552
-81662
-85394
-85372
-86040
-86208
-84042
-87540
-83680
-81834
-72410
-84120
-88050
-86512
-84876
-81594
-85956
-84328
-87036
-86766
-83232
-84860
-85440
-86686
-85932
-83780
-80586
-81566
-87008
-85398
-87594
-85944
-83414
-81926
-79186
-79038
-74052
-82966
-83116
-86002
-89950
-87842
-83576
-88024
-84132
-81712
-79776
-82024
-73714
-84914
-78250
-77888
-83946
-80320
-84508
-85544
-82670
-82940
-83918
-73966
-83602
-71536
-77134
-86822
-83506
-85366
-82944
-81660
-86378
-81860
-85420
-76134
-82302
-83308
-79624
-84162
-75984
-78686
-84348
-81490
-83072
-86066
-81546
-84150
-82552
-82146
-85770
-88170
-84108
-84514
-86164
-81248
-82722
-85206
-81382
-81542
-85614
-85962
-82128
-79750
-82544
-85164
-86884
-81698
-77490
-85226
-72858
-70592
-78582
-80412
-75326
-85450
-81834
-84708
-84814
-83044
-87130
-83790
-85446
-82922
-80422
-82856
-83284
-84216
-85092
-85460
-82390
-81752
-84362
-82778
-82248
-85634
-82408
-77384
-78452
-74216
-82404
-83548
-81302
-86060
-83680
-86130
-86762
-85472
-83880
-81814
-85594
-82830
-84084
-80456
-85500
-84874
-87380
-83014
-76744
-79008
-81772
-88340
-87478
-80952
-84774
-83694
-83818
-84160
-86538
-87046
-86232
-82256
-79628
-78528
-78442
-84214
-78324
-84002
-86708
-87668
-86576
-82868
-78740
-84660
-83344
-78404
-78180
-83040
-86204
-86882
-86186
-85418
-83992
-83346
-86992
-85046
-86460
-89600
-84224
-83494
-85890
-87010
-83692
-80570
-85296
-86354
-86058
-86682
-82680
-83002
-80336
-79700
-78950
-82122
-82468
-86226
-82114
-82612
-83488
-83902
-87008
-84170
-86086
-82016
-81174
-79412
-84562
-83780
-85358
-79344
-80038
-77306
-83754
-79428
-82772
-84170
-85928
-87970
-86284
-84996
-85184
-82532
-84160
-86020
-87964
-84024
-84430
-87802
-85640
-84904
-80220
-84170
-85460
-88592
-88098
-90206
-88228
-85530
-87898
-85856
-86320
-82074
-87634
-83586
-86264
-87284
-85946
-79688
-83036
-81592
-87004
-83240
-80638
-83206
-82216
-85606
-85220
-81910
-86436
-83554
-82118
-85886
-84586
-80280
-80616
-82754
-86732
-84096
-78158
-86120
-87540
-90216
-86834
-81704
-81908
-77128
-76880
-81780
-86938
-87472
-87750
-81492
-82976
-81864
-76692
-82344
-88494
-84394
-81860
-86030
-82118
-82794
-84318
-81964
-75400
-84926
-82180
-83626
-84230
-85538
-78208
-80462
-82042
-85428
-83006
-84040
-86624
-80490
-76808
-78912
-80212
-72366
-81732
-83908
-83864
-79554
-87280
-83216
-82222
-79772
-80788
-83928
-84972
-87754
-82672
-85258
-81624
-84250
-82132
-87888
-84278
-82972
-83760
-81672
-86762
-84408
-84330
-85722
-81974
-83154
-87116
-87278
-85176
-88760
-86354
-87870
-84148
-86328
-81680
-85918
-84384
-84734
-77282
-86222
-86218
-84554
-80564
-82958
-78272
-81536
-75984
-83914
-81910
-84210
-87410
-86602
-84092
-87268
-84708
-79592
-87080
-87236
-83768
-83476
-82152
-83108
-85554
-83060
-87706
-85706
-85874
-85616
-80432
-81164
-84520
-82126
-81636
-85988
-78814
-83440
-84994
-80988
-84908
-78326
-82822
-77142
-70578
-79768
-80798
-80870
-82670
-84292
-87996
-82044
-80356
-81406
-80882
-79826
-81876
-79708
-85540
-84868
-84196
-86472
-81814
-83856
-83226
-82906
-82942
-81932
-87232
-86096
-85054
-84364
-83670
-85552
-86280
-73104
-80352
-84168
-82284
-85474
-84984
-79088
-85202
-83190
-84896
-84272
-87218
-86198
-86592
-83578
-80790
-85988
-86800
-84826
-84820
-86710
-84410
-83434
-71846
-73476
-80366
-73972
-81156
-85210
-81032
-83272
-77908
-80048
-72980
-79544
-84064
-88172
-87702
-89356
-84844
-81938
-86576
-88048
-83750
-84718
-88784
-86668
-85836
-87192
-89964
-88386
-86940
-84340
-85710
-85578
-82910
-81656
-78780
-79806
-85962
-79274
-85696
-86622
-86732
-87928
-85114
-80954
-82548
-85074
-85792
-77770
-86210
-85092
-82500
-82196
-88154
-88178
-84694
-75546
-80020
-81938
-80708
-82824
-85600
-86232
-84190
-85430
-78418
-70136
-82216
-80916
-82042
-81746
-77626
-76490
-78282
-82756
-80792
-86630
-83726
-83204
-81950
-83586
-85578
-80328
-82034
-86664
-84316
-84412
-84150
-82450
-86926
-80066
-85412
-82320
-85612
-86956
-88278
-84976
-84978
-85154
-80380
-82652
-85316
-80368
-80740
-85978
-85130
-82788
-86878
-82464
-85776
-83410
-76908
-81272
-88834
-88512
-83522
-84664
-84742
-78738
-83878
-80852
-84988
-85960
-86106
-86810
-88288
-81770
-80080
-75258
-82470
-78144
-86110
-80676
-85000
-81358
-87290
-87242
-84010
-85692
-83126
-88176
-83488
-83714
-85100
-85988
-83148
-82704
-85638
-84150
-80664
-86764
-85256
-85406
-85228
-82702
-79736
-78532
-83610
-85292
-85596
-87936
-86174
-81710
-83740
-75070
-82458
-82966
-86136
-83308
-80934
-80132
-86474
-87198
-82236
-80756
-83558
-81998
-84068
-83542
-80962
-81278
-84594
-84752
-85744
-84986
-82408
-84158
-86270
-87116
-83800
-86810
-86884
-84806
-82576
-83888
-85768
-81862
-83152
-84596
-82722
-80614
-85648
-85014
-87744
-87000
-85594
-86404
-86738
-82986
-76314
-78678
-86582
-83726
-80760
-83468
-81720
-87632
-85630
-83666
-77756
-84992
-83348
-82704
-86878
-85868
-86060
-82746
-80114
-74418
-83578
-81098
-85666
-83842
-84136
-85340
-86142
-83424
-79544
-82388
-83482
-83546
-82214
-86596
-88342
-85076
-82880
-80666
-86150
-87488
-79930
-85412
-85474
-85232
-80750
-85856
-83922
-86896
-85630
-85916
-87608
-86830
-74624
-80322
-81392
-84824
-81934
-82640
-85294
-83194
-83852
-76988
-77456
-79814
-80976
-83354
-83774
-79738
-79770
-75896
-86070
-84434
-86300
-83898
-85126
-85226
-85870
-85034
-88758
-84304
-83502
-83238
-83808
-86160
-88998
-88684
-83574
-83656
-85942
-86024
-83942
-85788
-87164
-84348
-87028
-84586
-81984
-84118
-82152
-79102
-80968
-75932
-82988
-85004
-83626
-76334
-78078
-81972
-83390
-82324
-84036
-86488
-78936
-80766
-83270
-79598
-79378
-88388
-83498
-81768
-87580
-83590
-81574
-82936
-78704
-84420
-85630
-80716
-85214
-84560
-85838
-86390
-86328
-79968
-81790
-86168
-79932
-76774
-77798
-83698
-81364
-83584
-84620
-79900
-81054
-78358
-80772
-87888
-84640
-88750
-82098
-80606
-77350
-84014
-81874
-84632
-84076
-85686
-82336
-87014
-88334
-84096
-84320
-86204
-81892
-83344
-82330
-84192
-84956
-86978
-83832
-87292
-81866
-85590
-80344
-80680
-78412
-77196
-80224
-85008
-87248
-81582
-80928
-84980
-82632
-82806
-81278
-83714
-77556
-82916
-86492
-85382
-84438
-82928
-83122
-87126
-85930
-87144
-84490
-83310
-82124
-79112
-81696
-83496
-84578
-81552
-85156
-82490
-89232
-84060
-84574
-80692
-84766
-83322
-73882
-82878
-84120
-80960
-85598
-83872
-87916
-76770
-78498
-84676
-84272
-85850
-84482
-82456
-83968
-84788
-86344
-85850
-86916
-79392
-79284
-81594
-87624
-80444
-79674
-78802
-90136
-83122
-88024
-89524
-85218
-87266
-84484
-85966
-86110
-86404
-76516
-82248
-86754
-80540
-82870
-80338
-80572
-83268
-86536
-85794
-84700
-83014
-83604
-80798
-77574
-83946
-88560
-84982
-83574
-86402
-82972
-89528
-87100
-84390
-88474
-87438
-85706
-78786
-83182
-84720
-86400
-82558
-84890
-79802
-83786
-87306
-86766
-82190
-83102
-83618
-86900
-87240
-88196
-86670
-87496
-85194
-85906
-85140
-80422
-83266
-76630
-78268
-82606
-81324
-79366
-81410
-76276
-81072
-75706
-70748
-73886
-82994
-82100
-76836
-83438
-86328
-85276
-84692
-83470
-84820
-82188
-83476
-77734
-83764
-88654
-80558
-78890
-81000
-79578
-85922
-87546
-86188
-82254
-86736
-85124
-83214
-83684
-87246
-85710
-84478
-80662
-79882
-85228
-81634
-85200
-82866
-84196
-81834
-83840
-77664
-79862
-81920
-82036
-85118
-87030
-83000
-85686
-83910
-84536
-87532
-85612
-85218
-87092
-77606
-85110
-84188
-83876
-77816
-84424
-82412
-85620
-83956
-84140
-83524
-85060
-84630
-73650
-84874
-87422
-84208
-83866
-84320
-85238
-82708
-83732
-85272
-84774
-85596
-85380
-80956
-85706
-86608
-88298
-88294
-83902
-82292
-85362
-80324
-84272
-81422
-84140
-86118
-83338
-84800
-84984
-83802
-79982
-81878
-87294
-84590
-87994
-85064
-86136
-86214
-83330
-82342
-79640
-85454
-85716
-88386
-88186
-88212
-86888
-81402
-85504
-84490
-83534
-84660
-86746
-86288
-73394
-81814
-75252
-86944
-87074
-86772
-87846
-85314
-83490
-80376
-80620
-79114
-76122
-83396
-74932
-84392
-88646
-85324
-81390
-84008
-84728
-81596
-80000
-83370
-82688
-83402
-84678
-82448
-86396
-84282
-84170
-78054
-78402
-81450
-83410
-86056
-84324
-85168
-84042
-88152
-86230
-83898
-85240
-85828
-86472
-83004
-81960
-83656
-85292
-34410
-82240
-79266
-80794
-85946
-86736
-87518
-82752
-86792
-85122
-81074
-81636
-82328
-77826
-73194
-84384
-82506
-76850
-78442
-80640
-85280
-78954
-81510
-83296
-80150
-83658
-75716
-81594
-80242
-84066
-83684
-83686
-86792
-85524
-80192
-82898
-84610
-79204
-79506
-80010
-86120
-84258
-86624
-79472
-85310
-80108
-79910
-82744
-83854
-85938
-85112
-80476
-78282
-85746
-85434
-86572
-89060
-86194
-86904
-81782
-81678
-82912
-84466
-79706
-86118
-79414
-80834
-83794
-86078
-80124
-82352
-84846
-81122
-80664
-79952
-82942
-83670
-83634
-82790
-86396
-87070
-84110
-86910
-80540
-84722
-84316
-84222
-74116
-81152
-83852
-83904
-86502
-82568
-84832
-86490
-82964
-84722
-83188
-77448
-86492
-84750
-83152
-82458
-70004
-83468
-81118
-87378
-78250
-79062
-85422
-81628
-77276
-84230
-83624
-84582
-85798
-84784
-85706
-86894
-80002
-84692
-83518
-85426
-85564
-84536
-82324
-83540
-78746
-79006
-77024
-79132
-75414
-80468
-75982
-85986
-86050
-84586
-87038
-81650
-85536
-84852
-84052
-83018
-85928
-88400
-84544
-85156
-80120
-77156
-75832
-85988
-86292
-82950
-87786
-83552
-86292
-85058
-85766
-82258
-83452
-84246
-82114
-86022
-83330
-83602
-79298
-76984
-81764
-77446
-82230
-79046
-85772
-81308
-85862
-78868
-80926
-84432
-84674
-87494
-84934
-83858
-85658
-86060
-88630
-86010
-84784
-80762
-82462
-83218
-85222
-87470
-87160
-83520
-85996
-81904
-82666
-84552
-80568
-84266
-84556
-85048
-84586
-84032
-82936
-88352
-86708
-85774
-85924
-85176
-84060
-87850
-86714
-81804
-88422
-81422
-82670
-83242
-84564
-85350
-78320
-82874
-83786
-80826
-85770
-82372
-81600
-84418
-87970
-83628
-83362
-86558
-85170
-79894
-83082
-78536
-84006
-82130
-84598
-84116
-84482
-87758
-79910
-79180
-84214
-87404
-81728
-75344
-85142
-85452
-87312
-81922
-84566
-87674
-87402
-83928
-84092
-83336
-84574
-86076
-83468
-86718
-84034
-85162
-84626
-86496
-81858
-82982
-86482
-84824
-87582
-80344
-78912
-79412
-85870
-81070
-85370
-76616
-80950
-75758
-78624
-87952
-88058
-86330
-81104
-84358
-81438
-86052
-83610
-85394
-83310
-86638
-82046
-85938
-87748
-82942
-88622
-81294
-84936
-86220
-86040
-82174
-80866
-82088
-85068
-85480
-83672
-80908
-68672
-85350
-85478
-87644
-84916
-84396
-84042
-82746
-85814
-86696
-85934
-85058
-78020
-83636
-76272
-82090
-89702
-83274
-84324
-85956
-89630
-84024
-85386
-80736
-81556
-86228
-84014
-83658
-84258
-84316
-83594
-82964
-80690
-85006
-86260
-85814
-80708
-77392
-82556
-87068
-82678
-84176
-85766
-85372
-83468
-79362
-78018
-79658
-83220
-81152
-81550
-80772
-79128
-80816
-75362
-84424
-81784
-86472
-84858
-84302
-84590
-80784
-83976
-84826
-80946
-85046
-86136
-84560
-82398
-82244
-81332
-87530
-85820
-83670
-81686
-83142
-86312
-80886
-85234
-87020
-81772
-87010
-87658
-88898
-87812
-86128
-84702
-84558
-83782
-82880
-76230
-80468
-80142
-84600
-82766
-82644
-88260
-87098
-86284
-84882
-81756
-80902
-83934
-86980
-85244
-80198
-81622
-86770
-86102
-87748
-85694
-83870
-83394
-79720
-84248
-85848
-84418
-84478
-85282
-81976
-86754
-87752
-79832
-83796
-85670
-80822
-77956
-86744
-87938
-88718
-84782
-86016
-86652
-83570
-82892
-82624
-84726
-87598
-85432
-86884
-84266
-85490
-83432
-81902
-82422
-86218
-84854
-83624
-83942
-78674
-86650
-91504
-84592
-86912
-86440
-80936
-83670
-86428
-82586
-84266
-87676
-87702
-82182
-85182
-85788
-86746
-86924
-86600
-79582
-80938
-85552
-83198
-85108
-81034
-84568
-82814
-85308
-86812
-82260
-84624
-83670
-84900
-84176
-88594
-82214
-86104
-83572
-80848
-82958
-82206
-83020
-84492
-86488
-80770
-86760
-86378
-88648
-87730
-84720
-79296
-76364
-83334
-81064
-73036
-83544
-77932
-83162
-84570
-85620
-86602
-88302
-87074
-81510
-82906
-83014
-86702
-84976
-83504
-85838
-86650
-83988
-80304
-81058
-77322
-84442
-86074
-77294
-84238
-81870
-84238
-78376
-80654
-85032
-81780
-86582
-82148
-84866
-88670
-86180
-86140
-88264
-86764
-83728
-85154
-80150
-86882
-85900
-86738
-86120
-85044
-85972
-80898
-84478
-84478
-87150
-85628
-86364
-80006
-83312
-79928
-80944
-84926
-75280
-79942
-82320
-83198
-79084
-82414
-73838
-84576
-79774
-78436
-83328
-87368
-88352
-87326
-87562
-88044
-86664
-87404
-86926
-82404
-81974
-77842
-82936
-87424
-86262
-89788
-85732
-83474
-84448
-86266
-85238
-83512
-86384
-83712
-81380
-85614
-83078
-76988
-79812
-84314
-80718
-84476
-82790
-79338
-81068
-81872
-83154
-86876
-80318
-80326
-83372
-84716
-85638
-80756
-86498
-83672
-89392
-88936
-87122
-85412
-91022
-84558
-89094
-85970
-83264
-70498
-68492
-79242
-82818
-88294
-86078
-87790
-85982
-82426
-87430
-85336
-87998
-83468
-82004
-81514
-85726
-85996
-85288
-81098
-80904
-88662
-86082
-87330
-85590
-81956
-82894
-87628
-88326
-87444
-88318
-86232
-81578
-83814
-80956
-84132
-86868
-78526
-84850
-82698
-79550
-85152
-83980
-80370
-86450
-83012
-78370
-85182
-85188
-85060
-83900
-77704
-85238
-84930
-84122
-82968
-83444
-84270
-86080
-84010
-85204
-83808
-85162
-85602
-76998
-80356
-84728
-84076
-83804
-80870
-80858
-76354
-77936
-84632
-82446
-89092
-86270
-85830
-87776
-85398
-84034
-82112
-87752
-84670
-87516
-83708
-79508
-83088
-86794
-88426
-89180
-87580
-83708
-86648
-88106
-87078
-85096
-85676
-86406
-83768
-83008
-82010
-84756
-83198
-87960
-84164
-88222
-87402
-87286
-88502
-80248
-84030
-84114
-77066
-83174
-82584
-79552
-86280
-83634
-84774
-84656
-87968
-88132
-83726
-83018
-82210
-84378
-85164
-83366
-87098
-87990
-85848
-86732
-84274
-82098
-81828
-83852
-84698
-83884
-84008
-86820
-88580
-90260
-84762
-87070
-87930
-85700
-86572
-86358
-85912
-86446
-86968
-85780
-83538
-74770
-79324
-83700
-83684
-79098
-80298
-83888
-80902
-84072
-77630
-83636
-79736
-80558
-86690
-84562
-84046
-85768
-86560
-79816
-82120
-76168
-86580
-84352
-86262
-81988
-85884
-86732
-87430
-87356
-82914
-87898
-86200
-88570
-85318
-87278
-80156
-82442
-83036
-80826
-82578
-83224
-86816
-85302
-81030
-72738
-81360
-83306
-83444
-86370
-79258
-86736
-84168
-76940
-72878
-81032
-82178
-80424
-83440
-86614
-86034
-87700
-88088
-82546
-79804
-80502
-73166
-85516
-84708
-80046
-80546
-83722
-82848
-85394
-86962
-80244
-85536
-84658
-82906
-87952
-89646
-86942
-84274
-84600
-81742
-81038
-87178
-83674
-87874
-82364
-82780
-77104
-81672
-82620
-87762
-80034
-84004
-86602
-85570
-88848
-84590
-83720
-81196
-78900
-81180
-83902
-82928
-85326
-83882
-82108
-80776
-72112
-83130
-85076
-82488
-83212
-82200
-82334
-87388
-85944
-85526
-82206
-80968
-81518
-80266
-86922
-84696
-87142
-84502
-87402
-85718
-85608
-86308
-86628
-83214
-81520
-84202
-85502
-81056
-86168
-83952
-80322
-85454
-86480
-82198
-83498
-83994
-81624
-78168
-83962
-85132
-83672
-81132
-85214
-84172
-86406
-87962
-87958
-87128
-81236
-87020
-85206
-84434
-84442
-84238
-82580
-88428
-85558
-85168
-87784
-82180
-86914
-88468
-86818
-82848
-85114
-81610
-82282
-84258
-85068
-82842
-84544
-84222
-84974
-83738
-83768
-81488
-83564
-86216
-84750
-87012
-84380
-84762
-78978
-84032
-84740
-82052
-82568
-82648
-85976
-86388
-83684
-82518
-84172
-84176
-85322
-81146
-78344
-82636
-83156
-86604
-89174
-74302
-85234
-85516
-86746
-84186
-85108
-84980
-84256
-83930
-77444
-84016
-81692
-89950
-85338
-88254
-82848
-76794
-84422
-86326
-86798
-81008
-83676
-85876
-85236
-81242
-79860
-82660
-83790
-83722
-86700
-83700
-85026
-84666
-84940
-85694
-86420
-81456
-83026
-85876
-87794
-86502
-82810
-82972
-80066
-84054
-82218
-86768
-83976
-83904
-84838
-85364
-87202
-87214
-77012
-80700
-76450
-77190
-81620
-84804
-81176
-86028
-85038
-84436
-81472
-81798
-81078
-83024
-87624
-82332
-85782
-88128
-86344
-83774
-83978
-86262
-83852
-84476
-81710
-80132
-78400
-81250
-80314
-82752
-84166
-84724
-81236
-84528
-84078
-85156
-83930
-82052
-79742
-85196
-81858
-83440
-82684
-81282
-79856
-81464
-82862
-89646
-86234
-84732
-79090
-82478
-83642
-81228
-86040
-84680
-85586
-85542
-81324
-84254
-87978
-85566
-81736
-86276
-85044
-87458
-87106
-85502
-84160
-86132
-82362
-84394
-83004
-83974
-84754
-81868
-85660
-85840
-89278
-80022
-80024
-83574
-82004
-84616
-81458
-84098
-85520
-85982
-85284
-85026
-83660
-84780
-82634
-87080
-86500
-81366
-85842
-85950
-85462
-86722
-83824
-82406
-82900
-81628
-80160
-82912
-79694
-83848
-83934
-86000
-84290
-88128
-84364
-85452
-84964
-86322
-86884
-84290
-74478
-79188
-82514
-86810
-78990
-86664
-81062
-85478
-84662
-76650
-84902
-86016
-84602
-85352
-80500
-87172
-81938
-87368
-86848
-83330
-82336
-85848
-86482
-83298
-83344
-78968
-86542
-83370
-84292
-88386
-82208
-82424
-82426
-85164
-86684
-87658
-86218
-81908
-82168
-84480
-79642
-80928
-78382
-82996
-82388
-76804
-85600
-86330
-79798
-83248
-89262
-86992
-84364
-87522
-85242
-83520
-82454
-85052
-85728
-84408
-85534
-80404
-84042
-87178
-89880
-88078
-85404
-83048
-86846
-88670
-81914
-73426
-79788
-80824
-78804
-84592
-86358
-82612
-88786
-85782
-85322
-84640
-85236
-88338
-84116
-88198
-85146
-80304
-84956
-85262
-82544
-83230
-82186
-82540
-83794
-83162
-88590
-89614
-84984
-85046
-81272
-86982
-82306
-83372
-79522
-81296
-83468
-76858
-76108
-83478
-86528
-86104
-85186
-85774
-84570
-84278
-77278
-84750
-84512
-87380
-82312
-83296
-88530
-86624
-82540
-83834
-85944
-76098
-78846
-79598
-87714
-84656
-82652
-79982
-80946
-69828
-81978
-78600
-83904
-88404
-85776
-84194
-84336
-86298
-85118
-86196
-87346
-87838
-86918
-80788
-78884
-84654
-81906
-80992
-86148
-87864
-89814
-82300
-83428
-86604
-87658
-81520
-83986
-88658
-88056
-82834
-78970
-83206
-82050
-80674
-79846
-86080
-85156
-84064
-88012
-83694
-83114
-85004
-86854
-84816
-89140
-86190
-84784
-78648
-81878
-79014
-85100
-84506
-84856
-81828
-84818
-87272
-83662
-85098
-79058
-83456
-85366
-89458
-84682
-84976
-87740
-85002
-89018
-84228
-85088
-85452
-85464
-79142
-84028
-81392
-86670
-87050
-79734
-84674
-82016
-83286
-87108
-85176
-80852
-84042
-81632
-84218
-80856
-82880
-84678
-81098
-81982
-82590
-79708
-82782
-83748
-80008
-77886
-85118
-83852
-79054
-78618
-75036
-76200
-84444
-81082
-82910
-81622
-89468
-82058
-75642
-77350
-80378
-85022
-85022
-80224
-86338
-83442
-70130
-81796
-79862
-86876
-84246
-87028
-83494
-82008
-81048
-80942
-84212
-87160
-88006
-86630
-82442
-83196
-74934
-82828
-83906
-87308
-81106
-84284
-86436
-84544
-81462
-83374
-85432
-85640
-76320
-86398
-88532
-82670
-83506
-82322
-82536
-79892
-72758
-85054
-89138
-87548
-85168
-88738
-87094
-85068
-86916
-89580
-88840
-86832
-87152
-84910
-80958
-79510
-85094
-66668
-83728
-80584
-81542
-78884
-85354
-75900
-80304
-84778
-86338
-82216
-86290
-88036
-86094
-85104
-85026
-83956
-85722
-85662
-80090
-87664
-85726
-85212
-86900
-86812
-85406
-76494
-83182
-85316
-80618
-83948
-86182
-87176
-89842
-88116
-83146
-79048
-76402
-79810
-77174
-76946
-81406
-83046
-82488
-82490
-85768
-88878
-83922
-88170
-87528
-87206
-89020
-81712
-87176
-84200
-82956
-85800
-82784
-86674
-81784
-85670
-87068
-85004
-83276
-77326
-77086
-79274
-75258
-81786
-82692
-85902
-82852
-83852
-79278
-81204
-78818
-80512
-87720
-82766
-85032
-74652
-80576
-79654
-80516
-83092
-89268
-84678
-86432
-85308
-85876
-84314
-89650
-81514
-83582
-86216
-87706
-86858
-82100
-86782
-85442
-85138
-87030
-85936
-80700
-77048
-88430
-85802
-84728
-87156
-85234
-85502
-85762
-82490
-83948
-82518
-80818
-80524
-83422
-85048
-84078
-84258
-81994
-83184
-80352
-82038
-85728
-83526
-81272
-83770
-82080
-74990
-81692
-79452
-80152
-83704
-82636
-77918
-82060
-83328
-82448
-88464
-82934
-87934
-85474
-85214
-85196
-82644
-89114
-85432
-88112
-87814
-86670
-87120
-82054
-78712
-86394
-83776
-87242
-88970
-85132
-85424
-85758
-82318
-81832
-85240
-88758
-87226
-82972
-88488
-85036
-84490
-85484
-81442
-82314
-86872
-87886
-82642
-86042
-85246
-81214
-87254
-85866
-83738
-82902
-82562
-82174
-84608
-83786
-84936
-79314
-81190
-87296
-87740
-87516
-86754
-83412
-82654
-85556
-84894
-84482
-87688
-83090
-81796
-84558
-86380
-84670
-85910
-87388
-85956
-74950
-80192
-89096
-88316
-86710
-83470
-81062
-82670
-86878
-81932
-88480
-87004
-86858
-80610
-85672
-87256
-82442
-76728
-83394
-80724
-86982
-83678
-78834
-85648
-85088
-75272
-84228
-87280
-83844
-82480
-83804
-74312
-82760
-87416
-89518
-89706
-87424
-88074
-85286
-82882
-82112
-76528
-79594
-83394
-83014
-85050
-80130
-81800
-82912
-86040
-83514
-85638
-87262
-82674
-80808
-85278
-83228
-85082
-81032
-80744
-86976
-86198
-83196
-84752
-86612
-82354
-83526
-82520
-85322
-88414
-84864
-84722
-81952
-83294
-84378
-84554
-81124
-85304
-82014
-81110
-83168
-83720
-86648
-81032
-84330
-74866
-86036
-85596
-84414
-84604
-82922
-84196
-82880
-84856
-85494
-84788
-85578
-75308
-84868
-82212
-87156
-83438
-83820
-81584
-85900
-85508
-83708
-86054
-86028
-86002
-80666
-85698
-82596
-86034
-80324
-86190
-86506
-83926
-87708
-84700
-84128
-81920
-81500
-85632
-86748
-85430
-87802
-86566
-85688
-80392
-82530
-80134
-85182
-87058
-83748
-84466
-85306
-79724
-80910
-81064
-87294
-84264
-87388
-85204
-79508
-82308
-82652
-85780
-88394
-88626
-85412
-86068
-79400
-83578
-86532
-88776
-86172
-80410
-84034
-81296
-87652
-84668
-85716
-82302
-81702
-79446
-86142
-82460
-84358
-87424
-85550
-86654
-82840
-81234
-79384
-78884
-82878
-85526
-84198
-79824
-85578
-83820
-82984
-84974
-83274
-81562
-79780
-77868
-79508
-85010
-82008
-81366
-82806
-84470
-85658
-78384
-78956
-84468
-81538
-88022
-82372
-81114
-83810
-87700
-78032
-75428
-80716
-83026
-84894
-85642
-87038
-84160
-87544
-80176
-84226
-79042
-83640
-85508
-79580
-79604
-87066
-88286
-89854
-82828
-83678
-82822
-83768
-81364
-86638
-86450
-89080
-87150
-81970
-84576
-79780
-80416
-87328
-87850
-88612
-84046
-84722
-87292
-85094
-83928
-82964
-79400
-70852
-76658
-84006
-80738
-88784
-86190
-86424
-88366
-86848
-85638
-86876
-85600
-85204
-83492
-86414
-83162
-84872
-82720
-85138
-85504
-81094
-78518
-88110
-85392
-84420
-79684
-84758
-79636
-88040
-82252
-83462
-82442
-86672
-87196
-84678
-83552
-87752
-85918
-76592
-81532
-84808
-81542
-85914
-87466
-85746
-84748
-79228
-87602
-87782
-86194
-86158
-87550
-88426
-85726
-84006
-85946
-88014
-87516
-84328
-82242
-79988
-88278
-86024
-88018
-85752
-79704
-85006
-85260
-87188
-84842
-80344
-82104
-85612
-83336
-80730
-84302
-81344
-80410
-72544
-84008
-77010
-79636
-85688
-85138
-83900
-87178
-83518
-90052
-86846
-76792
-85056
-84996
-86434
-77902
-84270
-83588
-84516
-82586
-85542
-81840
-82136
-86918
-85084
-82548
-79114
-83522
-78650
-84672
-86952
-82408
-82878
-84774
-80372
-87968
-87678
-87594
-83730
-84382
-86374
-87142
-84632
-86560
-80872
-82836
-84008
-86370
-83444
-83326
-83664
-83512
-86814
-83626
-80016
-87072
-88070
-88200
-83490
-84678
-86178
-82042
-79320
-62708
-78882
-83210
-83326
-85214
-78326
-86610
-87346
-83460
-81196
-77454
-82326
-83698
-84122
-84258
-85926
-85806
-84524
-86216
-86920
-85670
-85606
-86708
-86266
-82324
-86190
-85770
-82886
-87888
-84462
-82832
-87874
-83844
-87272
-88050
-85702
-87976
-86210
-81968
-85242
-83058
-82520
-86468
-84106
-83804
-82890
-86418
-83024
-82474
-81132
-80822
-85264
-68882
-83924
-80244
-85912
-75146
-82710
-82282
-86660
-85992
-83000
-84344
-85438
-85680
-84266
-83638
-79842
-84180
-84668
-78530
-87350
-80302
-80564
-81944
-84846
-87398
-89168
-85592
-82952
-87990
-88258
-88408
-89548
-88090
-85826
-84240
-85720
-85720
-86288
-85356
-82690
-85576
-86304
-82676
-80728
-87950
-81850
-84498
-87398
-81078
-86978
-82262
-80662
-83666
-81306
-81228
-85064
-77948
-88100
-84346
-84690
-89684
-86950
-80948
-82922
-86328
-85950
-81874
-81618
-78202
-81016
-83154
-84894
-86722
-86322
-83684
-85694
-85482
-85206
-88898
-84818
-82812
-88006
-86012
-90362
-83328
-81644
-83308
-79744
-82540
-81258
-84612
-84526
-84220
-86044
-84678
-80502
-82840
-81426
-85396
-80122
-88638
-86046
-81474
-85048
-86040
-83738
-79982
-82938
-84726
-85368
-85502
-85892
-85160
-81484
-85576
-88806
-86820
-85132
-86120
-88022
-63864
-85142
-88212
-86528
-85776
-80124
-82898
-74542
-81716
-83898
-86682
-85174
-88320
-83450
-85100
-85030
-76128
-80180
-77578
-80086
-87202
-82818
-81518
-83076
-78748
-74118
-79610
-80146
-82816
-82456
-85718
-80398
-81380
-85354
-83598
-83448
-85066
-85012
-85954
-85378
-86040
-84078
-83998
-82276
-84148
-81862
-84302
-85878
-86302
-89396
-86940
-86860
-91814
-86628
-86372
-81844
-77972
-76866
-78272
-81412
-81022
-84704
-83048
-81574
-84254
-75224
-80792
-86752
-81466
-83106
-86172
-86466
-85062
-82446
-82070
-80774
-77568
-83116
-82438
-76458
-85742
-85828
-85946
-86452
-87236
-85898
-82156
-85538
-87790
-83856
-85118
-85786
-85086
-84464
-80370
-81270
-82994
-86418
-83350
-82894
-84044
-83142
-83660
-78806
-83474
-85200
-84968
-88128
-81750
-81986
-75356
-86074
-77508
-84750
-78612
-81836
-84218
-82206
-71644
-81872
-85954
-85420
-87048
-86094
-85420
-87188
-87378
-86892
-81046
-85052
-81944
-85548
-80992
-77618
-81704
-79706
-81300
-84016
-86564
-84240
-86028
-81600
-85768
-85806
-84460
-83252
-78570
-81476
-83996
-86980
-84124
-81778
-85250
-85486
-78338
-84394
-82150
-88194
-84826
-88594
-79684
-83164
-86440
-82202
-84566
-85138
-88688
-87804
-88372
-86394
-82628
-80586
-81846
-77632
-78482
-82790
-77010
-81464
-78318
-83176
-87238
-81532
-81140
-85100
-75654
-79154
-86512
-81888
-84980
-84554
-86398
-84590
-86604
-86088
-84496
-83934
-82850
-81392
-75146
-82546
-85186
-85820
-85460
-86516
-84856
-84194
-83066
-87768
-85278
-84422
-82996
-83736
-84268
-83968
-73786
-79806
-81862
-81668
-82420
-86556
-79910
-83794
-84354
-84340
-87528
-78856
-85338
-85742
-83508
-79156
-86392
-86230
-85530
-85496
-86150
-85060
-84344
-83310
-81150
-82170
-78618
-85270
-82886
-86322
-85604
-86304
-86428
-86118
-85622
-84684
-85612
-86222
-86206
-86060
-87096
-82730
-79976
-77052
-78078
-78904
-85168
-83082
-81372
-84960
-88286
-87410
-83790
-84808
-78458
-72268
-81430
-86708
-86832
-86494
-84296
-84294
-84172
-83874
-84616
-82770
-86672
-81492
-84372
-81566
-75082
-81074
-85944
-76088
-84216
-83520
-85244
-85406
-80692
-82976
-79412
-84228
-86268
-85066
-87930
-83208
-83714
-79202
-79664
-76172
-83438
-78670
-82818
-71930
-85710
-82660
-86756
-85118
-86760
-83504
-82746
-83834
-84238
-80578
-82040
-84838
-82730
-87858
-79290
-86362
-87910
-87916
-82834
-84050
-74338
-82264
-82758
-89850
-83454
-85842
-83594
-83358
-79442
-76708
-80378
-82392
-82674
-83368
-81456
-77020
-80806
-85272
-79254
-78860
-86858
-84978
-83112
-84484
-84474
-83452
-85162
-77760
-81132
-85324
-85088
-85850
-86222
-86200
-82070
-86190
-85774
-85806
-85160
-85100
-86650
-87310
-85800
-86468
-84424
-84082
-83492
-80288
-81366
-90006
-85414
-82256
-82202
-85310
-85710
-83426
-85228
-85046
-86180
-80788
-84582
-86018
-87462
-85044
-84890
-86762
-84724
-86606
-82972
-84112
-81790
-86762
-83488
-76840
-78578
-86496
-80102
-78986
-85310
-84902
-80246
-85946
-84794
-83266
-76584
-83974
-82670
-81046
-77296
-72482
-83358
-84026
-82184
-82452
-86998
-82630
-82040
-85638
-84004
-81010
-85474
-86166
-85934
-86610
-81000
-86146
-84436
-84598
-85752
-85588
-82100
-84212
-81134
-80018
-82152
-83238
-88226
-80766
-86604
-80148
-82422
-87060
-84330
-85720
-86112
-88890
-75610
-65768
-83188
-83660
-85830
-85822
-85998
-84054
-86024
-83416
-82276
-83446
-85314
-84286
-79506
-84128
-76260
-81200
-82880
-82042
-84072
-84606
-84820
-81870
-80572
-84798
-86550
-86158
-86220
-87542
-84114
-79960
-65634
-84790
-84640
-89598
-85434
-84954
-84896
-79586
-83430
-82440
-82940
-82726
-87948
-85270
-83740
-81248
-82828
-82402
-86472
-86000
-85642
-87028
-81738
-82026
-85666
-84632
-81098
-82374
-83466
-84738
-82984
-70402
-77880
-86134
-88576
-83422
-84304
-76054
-84268
-77682
-82414
-83948
-81584
-83886
-83734
-84098
-83486
-85622
-81300
-84990
-84152
-81572
-82886
-86488
-87922
-88174
-82994
-87552
-86240
-88228
-86624
-87330
-86904
-80872
-84052
-85668
-87948
-80242
-82578
-82394
-81728
-81900
-79980
-82400
-85064
-85442
-84792
-85180
-84766
-79276
-83230
-81280
-80152
-78296
-84786
-86392
-86076
-83816
-79438
-87556
-86848
-88052
-85554
-82624
-84236
-86644
-81540
-83346
-86316
-85070
-85724
-81150
-81970
-85814
-86088
-86260
-86584
-79806
-82826
-87950
-86128
-86836
-82086
-80420
-87258
-87152
-82386
-76062
-84530
-87578
-84612
-85326
-83012
-84196
-84378
-81878
-88154
-82032
-88318
-85042
-85866
-84790
-85160
-84784
-85100
-83480
-86304
-85164
-86614
-86224
-86010
-87278
-88636
-79242
-84028
-83684
-84256
-84758
-85736
-82742
-80974
-86528
-89440
-89028
-83380
-82644
-83800
-89456
-85678
-83912
-88714
-82878
-83466
-85448
-73952
-87500
-88480
-85368
-82876
-81716
-85790
-86006
-85634
-84112
-86996
-83370
-87490
-84902
-87574
-81878
-78238
-84086
-83616
-80338
-78872
-84150
-83654
-82962
-85628
-85650
-85104
-84924
-87766
-83150
-85062
-85568
-85248
-80438
-84386
-80920
-63090
-81466
-82738
-84260
-84332
-78998
-82482
-83892
-83362
-84016
-82010
-81230
-84848
-81304
-83720
-82068
-87888
-86264
-82782
-83324
-72322
-86504
-86648
-81868
-81956
-82190
-78834
-85426
-84072
-84132
-80366
-84850
-81634
-83388
-82970
-83274
-85056
-81144
-85098
-85428
-86296
-78822
-82448
-79040
-85130
-81312
-87614
-85344
-87798
-84624
-84458
-86754
-83212
-85020
-84874
-75972
-82334
-79486
-81048
-85506
-81292
-85984
-78340
-81394
-82512
-85204
-86402
-86816
-85384
-85602
-84070
-83910
-87482
-82512
-85036
-84662
-84318
-79268
-83130
-86296
-81730
-84346
-73630
-84478
-82202
-84926
-81504
-76924
-81074
-83596
-86246
-87422
-83112
-84752
-83300
-79666
-84364
-82028
-81720
-80626
-80394
-84090
-83412
-82058
-83908
-82436
-86242
-83326
-83134
-80782
-83216
-83748
-89024
-84794
-85768
-79902
-85978
-86078
-77398
-80692
-84058
-77072
-83646
-74250
-81980
-84322
-84502
-85658
-83298
-80824
-76814
-85330
-87436
-83392
-82164
-79914
-75564
-81404
-83992
-84474
-84564
-86120
-80716
-84570
-82426
-83916
-83346
-81134
-83192
-85134
-84812
-82244
-84892
-83552
-84578
-83098
-83570
-86968
-80050
-82866
-82788
-80320
-86966
-84314
-85782
-87580
-85406
-79382
-85024
-84690
-77182
-79044
-80908
-83880
-82306
-82660
-80514
-82086
-81354
-82484
-82400
-81696
-81978
-84562
-84408
-80680
-84386
-79812
-84030
-83722
-82288
-87798
-84718
-86616
-85490
-86114
-80898
-87770
-85004
-87054
-84122
-83202
-76700
-85104
-82882
-81064
-87004
-79964
-81902
-81932
-84912
-83222
-81402
-80794
-81096
-79890
-78540
-84100
-86702
-86420
-89544
-88226
-88296
-85244
-83226
-82882
-83248
-77516
-81156
-85396
-88166
-84042
-84878
-85132
-85266
-89248
-84796
-86458
-86810
-88770
-85726
-85346
-84570
-82556
-83140
-84032
-81718
-83570
-84838
-85602
-83728
-86866
-85624
-76192
-86638
-86584
-81962
-83302
-82700
-87076
-82706
-85390
-79952
-86318
-85932
-84540
-85164
-87212
-85788
-83098
-86590
-84398
-81688
-84364
-84142
-85626
-81354
-82190
-83042
-85134
-85226
-89058
-86494
-86636
-85014
-86288
-86826
-84738
-86866
-82516
-79906
-84028
-83002
-77144
-84726
-79784
-86870
-85374
-83872
-85732
-80196
-83124
-85174
-85798
-87658
-86818
-88656
-85160
-85238
-90230
-87878
-84566
-86996
-85794
-82692
-79936
-84596
-83390
-85904
-83526
-80532
-83788
-78076
-85090
-82186
-82890
-83156
-83040
-86000
-84064
-82586
-89558
-80406
-83672
-71824
-78404
-82768
-81742
-82240
-78602
-78522
-77592
-77542
-81568
-82654
-81574
-83688
-82968
-80118
-81884
-79224
-82374
-83312
-85174
-88074
-83458
-86970
-85222
-81844
-79164
-76988
-84210
-83940
-81642
-87954
-85778
-84088
-81836
-82722
-80630
-80072
-83376
-82632
-81772
-83212
-82968
-80134
-81768
-78538
-80246
-86750
-83228
-74312
-82150
-82250
-81020
-79084
-82406
-76656
-82484
-89108
-78602
-83336
-75298
-80310
-72408
-80566
-82518
-82442
-84684
-83584
-84744
-87504
-86886
-83512
-85446
-87694
-81728
-81966
-86100
-80560
-84366
-81674
-75144
-76238
-82446
-83522
-82094
-80096
-82112
-83816
-81582
-86740
-81596
-85308
-87056
-88834
-88108
-81420
-79718
-82476
-81498
-85180
-82866
-81454
-84994
-83766
-80158
-82950
-83050
-83828
-88634
-83472
-87284
-80066
-80810
-84376
-82738
-78010
-82294
-86344
-81264
-84444
-86426
-83718
-84806
-81516
-85780
-80346
-82270
-81614
-82840
-84104
-85974
-80970
-86790
-86160
-82002
-87284
-86258
-87208
-83402
-86528
-82682
-75338
-81088
-86194
-83516
-79604
-83412
-86650
-84240
-79166
-85312
-77348
-84512
-84492
-85560
-83106
-85338
-83766
-84272
-87172
-85056
-86626
-83782
-86660
-80660
-84554
-84836
-85226
-84122
-83842
-81404
-80908
-81804
-84958
-83328
-83506
-84408
-81886
-82302
-81068
-86028
-83744
-85920
-82852
-83552
-87680
-86746
-80734
-84244
-85522
-84852
-82222
-85084
-82974
-83080
-82286
-83766
-82960
-81594
-85820
-86574
-85790
-87358
-83358
-84312
-75974
-84458
-81728
-86038
-85544
-84042
-85140
-83644
-82096
-85566
-87376
-86200
-87842
-83160
-85960
-83652
-78756
-74234
-81874
-81478
-76100
-80698
-81716
-78170
-80802
-77108
-86574
-86948
-89612
-87494
-77076
-89158
-86734
-84834
-81956
-81072
-83508
-76580
-83284
-84882
-83624
-83316
-82346
-85798
-82980
-83388
-84572
-81778
-86034
-81330
-83158
-84108
-84160
-82100
-84284
-81680
-83708
-81484
-87286
-86748
-86082
-87948
-88668
-85720
-86738
-80952
-78456
-80416
-85740
-83580
-83668
-80730
-81766
-85718
-86378
-79590
-85888
-87038
-83094
-81040
-85604
-84874
-85940
-86114
-83878
-83712
-86100
-83812
-80910
-80116
-87410
-84110
-84806
-87914
-84440
-88232
-83238
-84836
-91064
-87394
-89126
-86960
-85684
-83852
-87150
-82130
-84696
-82414
-84736
-83904
-82146
-83184
-80608
-79380
-83976
-81856
-83142
-80122
-84478
-86044
-79210
-82640
-85534
-82088
-82856
-77620
-77690
-85546
-82740
-84028
-84036
-83998
-84400
-78508
-84022
-80792
-81922
-86570
-84062
-86912
-86390
-83028
-86054
-80546
-85386
-88508
-86578
-86912
-84774
-88488
-88628
-86184
-79800
-83234
-84440
-84946
-78606
-76778
-80434
-80426
-80754
-78730
-75304
-84886
-83770
-83936
-87526
-83970
-84762
-77270
-82910
-79476
-79958
-84762
-80324
-79930
-85060
-85088
-82958
-85242
-83264
-82452
-85826
-82894
-82958
-85246
-85904
-84080
-83728
-81360
-81358
-83014
-85408
-84598
-81666
-83296
-79614
-87760
-82972
-85528
-81794
-85796
-86260
-84698
-87636
-86640
-85456
-82912
-86584
-81232
-83136
-82266
-86606
-79358
-82578
-85816
-83124
-82672
-85088
-86234
-85486
-83562
-82752
-85180
-84264
-86036
-85780
-86024
-85816
-84026
-84030
-85650
-81630
-82834
-80132
-72694
-83656
-84722
-87170
-86024
-82662
-86950
-80330
-81428
-83716
-83710
-87738
-85716
-86416
-86510
-90218
-89416
-86208
-87154
-86868
-85294
-84882
-85440
-83342
-86284
-82766
-82472
-85322
-82510
-86472
-86200
-86694
-79942
-86070
-88498
-86988
-81224
-84900
-83466
-83162
-83736
-78190
-88854
-80728
-84342
-87728
-84740
-87548
-85270
-87100
-82406
-87862
-89526
-87318
-85982
-87922
-90228
-89856
-87230
-85184
-83436
-88836
-85020
-88568
-86408
-85664
-84688
-84020
-82800
-83888
-86286
-84700
-84026
-85368
-87738
-87264
-85666
-85184
-85388
-83820
-84932
-81446
-85270
-84550
-86118
-78488
-80302
-85712
-84584
-87454
-76066
-81120
-84324
-84852
-85044
-81178
-80318
-82446
-84206
-72592
-78036
-80470
-77122
-81750
-79422
-85028
-86610
-85786
-83176
-77204
-82784
-82426
-84286
-84468
-84900
-87730
-88034
-88130
-87226
-85468
-85954
-86450
-84506
-85558
-87286
-86762
-83474
-84142
-82124
-83920
-83512
-77298
-83594
-87414
-85866
-78244
-82774
-81660
-86548
-81846
-82750
-80244
-83878
-87558
-89518
-85948
-83804
-85438
-82814
-87668
-86136
-82088
-86948
-81130
-75752
-81872
-80848
-84146
-85942
-85884
-84606
-85626
-83568
-80766
-82544
-79244
-86194
-82248
-84624
-84686
-86214
-87044
-88498
-89390
-88182
-86028
-85624
-83836
-82936
-77772
-86678
-83132
-86698
-84410
-85964
-84890
-87486
-81900
-79574
-85258
-83958
-80940
-86424
-84686
-83528
-80884
-84902
-84070
-84478
-81010
-83976
-80044
-73782
-87948
-84280
-89146
-87448
-88394
-86720
-82636
-87238
-86944
-86170
-79672
-86350
-83606
-84968
-81792
-85322
-83306
-85584
-86012
-83452
-83794
-82802
-78840
-81630
-81048
-84042
-84708
-86496
-84654
-80936
-83106
-83928
-83734
-81200
-83256
-83164
-82620
-85890
-84838
-81816
-88214
-79932
-80250
-69872
-81144
-84030
-82018
-85358
-83948
-82984
-82840
-83490
-84674
-82976
-84890
-82642
-85296
-83938
-88716
-88312
-83916
-79364
-83264
-76216
-82900
-85102
-84838
-84240
-85932
-85128
-87342
-84332
-87946
-77214
-85234
-86812
-83832
-84310
-85056
-89836
-84886
-83876
-83518
-85932
-83884
-79206
-78732
-83816
-84420
-83962
-78368
-82054
-84720
-84268
-75562
-82424
-78556
-84336
-84072
-84222
-83320
-84002
-85418
-74892
-81734
-84320
-81456
-86746
-85746
-78626
-80782
-82284
-86196
-80252
-82372
-80642
-84450
-80360
-82104
-79434
-86290
-87060
-85524
-89756
-87920
-83684
-86052
-86060
-85266
-85078
-88278
-85630
-86006
-84026
-82040
-83966
-83304
-85686
-82190
-84680
-85672
-85044
-81674
-80638
-80846
-81160
-82592
-85704
-83946
-83370
-84332
-84094
-85612
-77152
-85292
-84826
-88328
-88222
-86886
-83326
-80480
-82808
-85306
-84730
-85516
-87196
-84774
-85982
-83236
-86814
-85622
-85910
-87132
-84030
-85312
-79072
-75530
-75826
-74904
-79450
-83570
-82798
-88126
-82256
-85134
-87818
-85892
-85850
-78298
-84290
-84906
-83766
-86712
-83202
-84134
-83874
-85626
-81952
-85684
-85034
-84378
-84890
-86888
-84842
-86880
-85780
-89440
-86482
-85150
-81870
-83510
-81882
-83230
-87226
-84062
-81204
-80994
-84896
-83000
-78344
-80200
-82336
-82364
-81134
-81798
-80596
-81056
-80884
-80968
-82564
-78894
-83268
-83646
-79178
-74312
-84902
-82340
-85846
-86424
-86164
-82260
-82962
-78506
-87050
-83678
-76660
-81456
-82244
-87128
-83876
-86870
-83020
-85160
-83422
-81746
-80480
-81746
-83724
-87702
-85686
-85668
-87068
-86954
-84376
-89592
-86896
-86900
-89126
-82922
-83764
-79850
-84484
-81206
-81886
-86526
-81548
-83432
-84374
-78944
-83394
-84686
-81700
-85378
-84208
-83206
-77162
-84064
-80734
-79466
-80946
-79738
-83026
-86658
-79012
-83906
-77414
-84848
-85636
-81852
-82402
-82132
-85838
-86380
-84596
-81940
-81562
-82092
-78860
-83310
-82746
-82018
-87594
-85384
-85176
-84476
-77602
-83342
-81622
-87434
-84952
-86818
-82216
-87224
-84808
-84070
-84580
-87376
-90484
-85816
-81856
-79690
-84310
-87778
-85962
-83698
-83292
-82566
-84936
-87354
-89088
-87136
-84394
-87182
-85752
-86734
-77652
-81832
-76460
-76898
-82034
-80722
-80812
-85276
-82548
-86242
-82702
-75124
-83508
-85826
-86170
-77206
-82754
-84484
-87224
-86566
-85292
-76740
-78720
-85024
-80224
-82704
-89036
-80204
-87160
-85628
-83806
-82806
-86556
-86458
-83346
-80600
-81854
-83282
-80822
-84584
-76230
-86556
-88984
-87092
-84674
-83592
-79554
-83800
-78128
-82506
-82238
-80924
-82778
-86558
-80468
-80502
-81136
-81876
-86016
-85764
-79846
-79564
-83864
-87288
-84384
-84676
-87618
-79652
-72804
-84724
-85166
-84444
-85026
-84170
-85344
-82904
-78110
-79820
-81924
-83978
-84736
-83034
-78022
-81570
-86742
-84194
-82902
-76836
-79814
-80864
-80480
-82738
-83156
-80774
-79840
-76402
-84030
-86072
-80822
-76990
-79862
-78490
-84832
-84296
-81792
-85274
-84192
-84652
-88192
-84216
-85602
-86198
-82716
-82282
-82800
-86114
-82326
-84890
-84014
-88198
-83924
-85692
-86410
-84834
-86820
-81292
-82380
-86732
-84160
-81230
-82888
-83770
-87738
-86080
-85646
-79212
-84062
-85160
-85780
-85124
-86066
-89024
-86696
-83992
-85086
-80844
-86526
-85686
-84704
-81556
-86762
-82060
-81956
-83636
-82520
-83600
-79538
-84686
-86610
-85768
-84460
-82142
-87494
-86850
-87350
-83138
-83758
-84042
-89690
-87490
-87774
-81734
-80814
-74338
-86450
-78622
-83506
-84658
-85648
-83512
-79168
-83338
-84456
-78926
-80614
-81506
-84232
-79324
-85338
-84602
-83204
-85260
-78472
-83072
-86016
-85676
-89584
-87498
-85108
-84558
-80892
-70678
-74986
-81204
-78728
-83504
-87430
-88382
-84752
-81998
-82826
-79614
-87060
-82264
-80764
-80456
-84430
-83778
-87128
-86960
-86654
-84834
-82172
-83984
-84684
-83838
-82274
-87734
-88938
-86084
-87252
-87770
-86820
-83870
-82350
-84782
-78730
-80368
-81562
-83214
-81106
-83136
-73390
-77046
-82826
-85276
-84782
-81882
-84348
-83310
-86626
-83672
-81234
-78366
-82198
-85318
-88788
-85812
-82728
-82312
-83928
-87006
-79142
-81810
-80120
-85154
-79442
-77124
-85066
-86506
-84480
-82654
-87652
-88026
-82212
-82538
-86652
-85704
-79450
-86670
-80496
-81428
-88886
-84538
-82408
-83264
-84788
-85572
-83244
-80930
-84074
-83700
-80416
-84640
-86926
-85976
-82334
-82368
-83462
-74816
-84916
-80740
-81942
-73564
-82176
-83514
-85514
-83912
-85334
-84994
-83318
-84174
-85370
-83160
-87762
-90218
-86198
-83844
-86034
-84294
-79658
-85122
-82360
-87624
-86742
-82788
-83508
-80630
-81678
-85150
-84886
-84118
-84700
-84492
-84800
-84438
-83744
-84316
-82406
-82030
-84258
-84122
-79778
-77914
-80388
-83536
-82722
-88020
-84974
-80530
-78484
-75818
-79354
-86152
-81522
-81810
-84518
-83622
-83050
-85644
-88442
-78548
-84176
-84232
-82890
-81840
-85750
-87278
-79102
-74704
-80798
-82462
-78798
-78952
-79982
-80158
-84562
-83838
-81222
-84968
-85822
-83262
-84386
-83868
-83692
-85280
-83734
-87524
-88074
-86478
-88234
-84340
-83156
-81742
-76728
-83038
-79868
-83198
-86710
-85362
-75852
-80490
-81220
-79910
-84370
-86132
-86310
-84790
-84930
-82758
-88328
-88514
-82984
-86954
-82644
-84634
-88218
-84832
-76960
-86520
-81902
-81488
-83748
-78830
-84456
-83398
-80380
-86376
-86930
-83802
-77606
-81084
-82008
-82308
-84590
-87020
-86362
-89544
-81476
-78934
-79802
-79118
-82010
-81314
-84090
-83286
-86278
-84994
-81762
-84574
-83620
-84182
-82600
-86966
-81668
-80568
-84610
-82808
-81950
-86812
-86394
-83792
-82488
-84600
-88024
-84282
-84314
-83748
-72656
-84342
-84456
-84374
-85730
-84164
-81678
-81666
-86284
-83534
-83960
-85586
-87478
-84146
-83824
-81884
-85912
-83192
-85606
-85384
-84072
-86678
-83080
-81722
-87726
-86750
-88214
-88406
-85900
-87728
-86044
-88064
-84290
-86586
-88466
-85182
-81928
-84986
-82414
-75676
-81430
-84226
-87124
-85154
-86562
-87850
-86682
-83994
-78212
-74884
-80470
-79668
-82294
-84532
-88320
-85002
-86318
-84868
-87792
-85744
-85128
-84830
-81818
-86382
-83604
-78754
-74842
-83330
-84200
-85884
-82412
-87048
-83098
-83462
-82986
-82864
-89406
-88046
-86166
-80302
-74248
-84610
-77674
-82924
-82158
-87682
-85890
-81122
-78550
-79734
-82000
-85170
-85100
-80982
-86262
-88850
-87918
-87420
-84248
-88498
-85376
-84144
-83956
-83476
-70126
-86250
-70806
-84984
-82844
-81896
-79306
-79082
-77146
-82296
-83436
-82064
-79786
-86444
-85660
-85368
-88490
-83794
-87630
-82858
-84018
-84086
-74818
-85504
-86138
-85904
-83288
-83752
-82730
-84760
-84958
-84764
-80836
-85716
-83796
-85092
-83174
-79632
-84058
-86414
-87434
-82736
-77858
-79498
-80634
-69218
-77918
-84826
-84516
-86630
-85824
-78662
-82840
-85628
-86610
-82604
-84492
-85736
-85654
-83122
-87146
-81224
-85274
-84312
-83828
-85624
-81644
-82052
-70984
-80650
-82928
-81146
-83598
-85926
-89280
-82818
-80376
-86420
-85616
-87052
-83096
-87014
-83004
-84084
-87890
-86370
-86266
-83450
-85348
-78032
-88934
-81072
-84812
-85566
-82958
-73942
-76862
-78218
-83162
-87990
-88998
-86684
-82848
-86998
-87254
-86104
-85900
-85088
-83098
-85934
-84420
-82610
-86440
-84756
-87454
-89420
-86756
-77784
-78988
-79986
-73890
-78812
-83324
-79526
-83358
-84992
-82304
-79890
-81724
-86642
-83190
-81286
-77094
-85540
-83916
-86586
-86880
-85724
-85566
-83766
-83010
-87576
-86436
-87186
-84818
-81946
-82292
-84408
-82390
-86820
-83764
-80168
-84580
-83628
-87016
-86074
-81340
-84022
-77458
-82794
-69548
-81602
-85834
-82186
-86978
-80648
-83224
-81882
-84400
-80076
-83966
-83146
-84152
-81732
-88218
-79926
-88472
-85064
-86506
-82018
-82898
-81668
-79792
-81912
-86458
-84872
-81512
-81532
-80706
-79544
-83120
-83828
-85980
-83328
-87098
-82592
-84098
-85732
-79142
-85418
-84104
-85302
-81084
-79760
-85922
-86842
-88124
-87198
-83104
-82934
-88144
-86060
-86632
-88688
-88054
-88374
-87358
-82756
-87338
-83602
-82912
-85678
-81738
-84850
-84372
-78836
-83148
-83802
-82436
-85004
-85990
-85584
-83286
-81456
-81362
-82526
-83320
-81646
-85046
-85640
-87420
-75534
-86732
-87364
-75770
-82196
-78898
-87664
-83210
-80662
-85330
-84656
-83958
-83740
-83176
-84650
-86166
-82994
-81420
-81558
-79296
-82128
-84002
-83416
-84366
-84720
-84548
-87140
-82572
-82412
-73496
-79964
-84056
-83366
-84754
-88466
-83416
-87932
-81674
-83558
-83998
-83880
-84614
-88192
-85168
-82444
-85674
-86442
-79630
-82606
-85924
-87570
-88130
-82946
-84760
-82202
-81968
-81776
-80064
-81830
-79186
-77832
-85344
-78782
-77252
-81402
-82260
-85150
-82898
-79926
-81642
-87122
-85904
-84650
-82846
-86486
-84572
-84426
-79762
-83176
-84260
-81358
-83962
-85296
-85260
-86694
-80728
-87754
-86198
-84782
-85868
-87358
-85650
-84430
-83224
-79908
-82132
-83740
-85494
-85766
-86284
-84734
-83034
-76244
-81200
-80144
-83212
-80784
-81610
-86618
-87640
-87070
-84602
-87694
-85590
-76894
-80250
-81848
-80636
-82054
-82888
-84226
-79778
-86342
-82830
-85252
-71008
-73192
-81594
-84502
-88300
-83284
-84800
-82448
-85116
-81758
-82220
-78484
-84804
-84700
-89436
-84988
-80354
-86336
-85550
-86354
-89328
-85888
-84218
-86414
-82548
-81426
-88172
-85928
-82408
-83298
-85126
-84450
-78614
-81658
-87082
-85012
-82316
-78470
-83424
-84712
-81678
-79728
-83884
-79180
-78580
-72510
-81540
-79302
-72746
-80486
-73340
-83090
-84140
-86364
-83128
-88480
-85400
-84052
-86958
-84438
-83330
-86424
-87522
-85306
-89378
-88192
-84874
-87684
-80136
-81658
-83978
-83100
-83256
-80206
-90218
-85244
-85110
-82982
-83030
-72584
-88332
-88298
-89230
-81314
-80100
-80112
-85818
-84426
-83874
-84276
-82848
-84044
-86490
-85758
-83702
-61914
-77136
-82574
-86530
-81802
-79018
-77606
-80796
-80426
-84774
-87170
-86624
-85274
-80810
-83700
-85948
-88236
-83112
-80582
-81380
-82470
-79128
-81296
-85458
-83416
-84128
-85192
-87942
-87370
-86096
-86996
-83046
-83060
-85046
-84822
-86152
-87916
-84930
-84242
-83800
-84698
-83130
-84124
-83358
-85990
-87008
-83300
-82776
-85658
-83428
-88296
-85544
-82464
-83936
-80354
-87204
-85478
-83754
-83864
-86312
-84184
-85740
-81226
-85380
-83778
-79150
-86818
-83396
-81390
-86698
-88576
-89552
-89458
-84708
-86920
-87812
-86614
-85154
-79906
-82446
-81316
-78452
-77626
-82138
-77568
-80028
-79858
-86256
-85748
-82698
-73030
-78294
-74942
-80498
-84036
-83048
-80614
-83188
-82812
-87590
-87760
-84758
-85296
-83266
-84826
-81684
-87376
-86056
-87184
-84962
-83962
-83916
-84778
-84180
-84332
-81374
-84926
-74552
-86980
-87232
-76240
-83426
-79638
-81642
-80852
-86468
-82244
-84174
-84218
-84610
-85388
-85896
-87358
-86038
-85472
-86314
-83416
-83690
-86006
-87504
-86142
-76396
-84922
-78268
-80332
-77852
-79674
-81468
-84980
-83640
-84226
-84522
-89980
-86016
-83734
-84688
-82074
-81726
-79084
-81638
-78982
-79304
-86176
-84650
-78428
-83812
-84952
-85690
-78406
-84378
-84276
-81508
-82122
-84680
-86942
-83138
-84656
-80876
-84630
-81540
-84558
-83094
-81674
-83928
-82528
-81032
-83638
-81976
-84520
-84996
-85670
-85126
-86486
-83400
-86402
-86838
-83786
-83244
-86360
-82918
-87166
-85326
-80842
-83902
-86562
-82756
-86364
-83614
-80748
-85188
-82470
-83504
-85432
-87482
-83746
-83790
-85430
-86328
-84332
-81790
-82442
-85620
-86922
-84548
-85120
-61778
-84804
-85924
-85770
-85368
-85106
-85436
-86738
-83792
-83370
-87516
-84450
-86340
-87830
-86536
-85162
-82658
-77606
-79914
-84434
-88382
-79348
-86684
-86940
-81952
-87756
-79104
-77324
-83194
-82602
-81894
-83968
-85366
-81052
-78900
-85836
-82936
-81616
-85374
-84148
-87978
-87488
-88340
-87070
-83998
-87504
-87708
-85972
-82302
-86776
-79828
-80640
-82218
-83300
-83218
-82918
-81218
-80152
-84536
-83868
-84960
-84818
-81008
-83622
-81314
-81142
-76954
-82554
-77596
-79776
-72626
-79924
-82640
-76832
-81538
-85686
-87302
-84618
-84708
-83968
-86642
-75554
-81804
-80370
-85210
-82944
-90020
-86714
-83594
-85314
-84998
-85610
-85714
-80582
-86546
-83486
-85026
-84114
-88834
-84976
-85912
-84550
-87292
-80794
-82068
-82588
-80036
-85292
-87886
-83744
-83556
-85388
-84294
-80644
-78840
-82502
-83700
-84698
-86454
-87420
-81714
-84942
-82058
-85044
-81812
-83302
-83908
-83760
-78108
-80530
-78902
-86402
-77528
-78338
-85866
-85388
-83214
-84682
-78592
-85476
-83246
-75806
-80406
-81978
-82228
-82810
-84508
-83092
-85540
-81264
-80942
-86326
-84036
-77418
-85964
-83922
-85720
-84786
-83970
-85096
-78670
-83866
-84390
-85270
-85226
-84760
-84030
-81824
-83848
-86556
-85072
-85488
-77654
-83600
-87056
-82940
-87160
-84384
-87488
-89034
-84030
-84616
-82362
-81596
-80408
-81622
-84506
-89254
-85362
-88234
-85890
-82874
-81328
-85158
-85148
-84826
-79148
-83386
-86258
-87086
-81876
-83546
-83890
-86274
-85220
-86310
-83636
-84666
-83708
-82460
-84996
-88166
-86900
-80532
-82838
-85772
-80164
-85378
-84606
-85698
-86086
-84288
-84076
-85464
-85710
-85106
-86876
-88838
-87086
-86662
-85784
-83956
-81108
-79578
-82562
-86086
-88022
-86096
-80868
-89578
-86868
-88076
-82446
-85958
-85702
-79884
-84654
-85892
-85322
-79854
-83016
-85046
-85916
-87854
-82164
-82380
-81510
-84362
-82756
-78612
-82332
-87216
-85476
-89080
-85558
-81780
-84408
-81962
-81816
-84834
-84320
-87258
-79054
-87334
-90738
-83574
-86130
-74816
-86552
-85688
-81934
-86846
-84392
-87010
-87728
-83348
-82318
-85778
-79534
-87420
-87080
-87438
-85860
-85492
-86280
-84228
-87764
-84638
-87068
-84772
-77398
-84794
-86380
-79438
-82656
-84118
-86170
-83628
-83000
-71786
-84372
-86286
-88068
-84890
-82162
-81968
-86304
-88528
-86966
-78260
-79792
-81962
-81100
-81106
-82106
-85290
-81086
-80564
-80528
-85654
-87536
-86782
-86858
-84202
-84836
-85184
-87434
-85252
-86166
-86186
-83518
-89030
-84062
-85672
-84462
-84992
-86478
-85566
-84570
-73050
-82676
-76624
-80704
-81870
-81634
-78614
-80860
-79548
-81490
-72318
-81392
-86030
-85368
-80502
-80832
-83706
-80444
-76950
-81948
-80992
-85242
-87492
-83394
-81648
-81280
-85636
-87502
-87350
-82810
-83800
-82688
-87328
-84888
-85238
-82748
-86250
-79096
-78756
-84846
-85122
-84634
-85888
-82652
-86016
-83930
-85224
-82222
-81860
-78344
-84992
-84754
-80120
-83128
-71002
-79946
-80552
-80012
-86042
-84516
-88574
-82624
-83696
-85490
-83968
-82430
-86140
-88160
-85508
-86570
-76930
-79254
-84228
-84484
-81122
-85918
-86022
-84520
-83462
-80860
-87482
-80844
-89762
-81714
-83622
-82968
-85450
-84638
-82426
-79530
-85076
-85388
-86400
-86582
-77512
-84918
-83088
-85444
-82938
-86256
-88154
-83588
-88376
-84486
-85184
-83122
-84960
-74752
-88716
-85826
-85742
-88578
-86584
-87656
-85090
-84064
-82934
-86228
-83498
-81586
-84518
-81196
-83980
-82950
-86358
-82898
-86152
-83864
-84266
-83138
-84372
-80670
-82728
-80484
-81132
-80344
-72714
-71054
-78456
-85380
-82908
-81620
-83868
-79898
-79376
-86286
-84386
-84296
-82872
-85204
-88594
-86048
-86000
-82186
-78688
-85296
-85556
-85702
-84490
-82094
-82386
-85240
-86250
-87598
-80534
-84452
-82466
-84280
-82800
-78662
-86676
-81482
-84460
-82680
-84278
-85636
-86044
-86250
-87774
-77122
-83474
-86302
-84220
-85476
-85348
-81034
-81762
-88448
-90386
-83122
-85588
-78078
-76454
-83876
-82612
-77586
-78896
-80688
-84818
-84492
-83848
-83154
-82884
-83330
-78924
-77470
-72146
-76576
-76026
-76364
-79924
-83636
-78780
-81360
-81854
-68558
-84344
-79762
-82830
-84244
-86634
-84506
-84382
-83862
-85316
-86386
-84390
-84546
-84772
-84360
-86772
-85832
-84052
-83476
-85954
-88648
-81132
-81728
-77030
-83016
-85034
-85486
-85106
-75866
-81094
-81336
-83562
-84994
-84306
-85474
-81872
-82034
-82960
-81540
-84510
-83442
-81888
-74806
-83336
-80984
-79430
-86662
-84836
-85164
-83212
-75916
-83954
-82718
-87572
-87738
-86332
-81186
-82474
-85898
-78138
-80728
-76686
-85398
-78468
-86220
-82518
-83726
-75296
-82590
-82758
-85734
-86294
-77910
-80630
-86780
-87730
-86104
-87404
-84754
-85842
-90056
-86186
-83202
-85228
-84222
-81906
-86120
-84098
-84236
-82640
-86250
-88124
-81460
-79628
-86750
-83192
-86618
-83372
-84206
-83056
-81116
-82574
-86348
-82198
-84128
-86136
-80988
-86758
-83856
-85566
-83160
-83782
-86112
-89440
-86306
-85528
-86098
-81776
-84774
-86796
-84516
-78660
-84782
-83958
-88126
-87004
-83436
-85370
-84410
-87050
-87946
-85054
-80390
-84408
-79196
-73464
-82842
-86008
-84072
-82394
-82146
-82436
-79970
-85358
-75478
-79778
-83182
-81082
-80546
-81446
-82752
-82372
-81358
-80300
-80332
-77780
-85490
-81592
-84258
-84254
-82804
-82104
-83458
-81838
-87108
-82812
-76890
-68014
-82152
-83974
-86842
-86598
-82470
-84726
-83972
-86258
-86444
-87876
-85940
-80266
-85710
-88136
-84098
-82838
-79408
-83544
-82078
-84110
-83104
-83558
-87298
-88306
-83426
-85020
-81618
-79870
-79360                                                                                                                                                                                                                                                                                                                                                                                                                                                                                                                                                                                                                                                                                                                                                                                                                                                                                                                                                                                                                                                                                                                                                                                                                                                                                                                                                                                                                                                                                                                                                                                                                                                                                                                                                                                                                                                                                                                                                                                                                                                                                                                                                                                                                                                                                                                                                                                                                                                                                                                                                                                                                                                                                                                                                                                                                                                                                                                                                                                                                                                                                                                                                                                                                                                                                                                                                                                                                                                                                                                                                                                                                                                                                                                                                                                                                                                                                                                                                                                                                                                                                                                                                                                                                                                                                                                                                                                                                                                                                                                                                                                                                                                                                                                                                                                                                                                                                                                                                                                                                                                                                                                                                                                                                                                                                                                                                                                                                                                                                                                                                                                                                                                                                                                                                                                                                                                                                                                                                                                                                                                                                                                                                                                                                                                                                                                                                                                                                                                                                                                                                                                                                                                                                                                                                                                                                                                                                                                                                                                                                                                                                                                                                                                                                                                                                                                                                                                                                                                                                                                                                                                                                                                                                                                                                                                                                                                                                                                                                                                                                                                                                                                                                                                                                                                                                                                                                                                                                                                                                                                               -85164
-82162
-86256
-84580
-84946
-84190
-87324
-87348
-82170
-83608
-85920
-91002
-85908
-86984
-88024
-84410
-86184
-83988
-85640
-81892
-81156
-81502
-86210
-81646
-81016
-82512
-81006
-83930
-84680
-80044
-86548
-84984
-85874
-88044
-85706
-86680
-85796
-86238
-85876
-86858
-88884
-79672
-81428
-79960
-82796
-84244
-84508
-86796
-86052
-78322
-83640
-86766
-86126
-86044
-82304
-85158
-84644
-78348
-86216
-80660
-78074
-87030
-85120
-88028
-81908
-85100
-87888
-80086
-81438
-78234
-79844
-84870
-76046
-82684
-79878
-81546
-84462
-79508
-80464
-76686
-79502
-81148
-85370
-84630
-87648
-89106
-87936
-90120
-86762
-84140
-84006
-81584
-83068
-81472
-83690
-86796
-85126
-87606
-82426
-82250
-80716
-82172
-85330
-82418
-84966
-81420
-86582
-90848
-85320
-86154
-80466
-83236
-81506
-80168
-85610
-73426
-81526
-81684
-85914
-83144
-71204
-84156
-85976
-81640
-80662
-85040
-82692
-76940
-84182
-80224
-82656
-83616
-82852
-86030
-79432
-87574
-86936
-84744
-80778
-88304
-85250
-85298
-84898
-82764
-83982
-85082
-82346
-84306
-87140
-80228
-83282
-77954
-84026
-83662
-79826
-81050
-80080
-82112
-80814
-74414
-84742
-86002
-85432
-85842
-83394
-84154
-84918
-83528
-83060
-85196
-86116
-85298
-81986
-79952
-83394
-87314
-84238
-87804
-83164
-86258
-85906
-86438
-84974
-85102
-84074
-83582
-83726
-70594
-85140
-83242
-81868
-80030
-84038
-87272
-85940
-85236
-86514
-85522
-89968
-84830
-88638
-87006
-85684
-86512
-79870
-83660
-80816
-83058
-84490
-83026
-88932
-86632
-85008
-83500
-81272
-86832
-88788
-86908
-85922
-86146
-85194
-82878
-80620
-78164
-85174
-84634
-82510
-81702
-80700
-83516
-83696
-86924
-83138
-84488
-82478
-80706
-83510
-84184
-78702
-83300
-84938
-85464
-85556
-87404
-86224
-80328
-83520
-83316
-84042
-83866
-84968
-81652
-82090
-76888
-80376
-85972
-78530
-84022
-86514
-86806
-85018
-80852
-81812
-78210
-80262
-84282
-81416
-83830
-83648
-84832
-82132
-84622
-85322
-84218
-82982
-89508
-83280
-82398
-77196
-80346
-81300
-85962
-85174
-84698
-82770
-78248
-72470
-74136
-83314
-79196
-84468
-87314
-86198
-85128
-86030
-82374
-80042
-85730
-85744
-83062
-86220
-84390
-83904
-86340
-86444
-89686
-86716
-86970
-81304
-85674
-84890
-81308
-85188
-84394
-85434
-86736
-86004
-78366
-83596
-83584
-86880
-86096
-85162
-81798
-81828
-82086
-84510
-72942
-83032
-81378
-83394
-86116
-83614
-84474
-80900
-77362
-80910
-83710
-83526
-82818
-86190
-86650
-84956
-85504
-84998
-87840
-86124
-85126
-89522
-85224
-86152
-88958
-89914
-89494
-83290
-80958
-83902
-80252
-80162
-81944
-83802
-84350
-85830
-85492
-83596
-79270
-80500
-78938
-84878
-88110
-85428
-88460
-82820
-83896
-84742
-87298
-87020
-87852
-87992
-88176
-83312
-74438
-83268
-81052
-81094
-84576
-79318
-82574
-80426
-86010
-82930
-76364
-79428
-78622
-80322
-80662
-83502
-79336
-81494
-80636
-80836
-83094
-85732
-83412
-85660
-81574
-85346
-82792
-81186
-86048
-87130
-86002
-83728
-87634
-83584
-85332
-83660
-86456
-84680
-84798
-81990
-82786
-82894
-85084
-86952
-87460
-85668
-87886
-89268
-81952
-84870
-83060
-85648
-80974
-77746
-87706
-84374
-84446
-81740
-82770
-73826
-77244
-82622
-82564
-87336
-87600
-87338
-84356
-86354
-83574
-88916
-83686
-87596
-85062
-88644
-83444
-84808
-85782
-83194
-84900
-85486
-80140
-82002
-80344
-81630
-84476
-83696
-87316
-86202
-86910
-81248
-85752
-76876
-81574
-85054
-84466
-83910
-82028
-83774
-79894
-83696
-83624
-84442
-87834
-85998
-77808
-84342
-87534
-80592
-81758
-80518
-87892
-83490
-82934
-82618
-86438
-82734
-86000
-84676
-82358
-75266
-78626
-82230
-77280
-82842
-86016
-81820
-82930
-82652
-87252
-86088
-78602
-86484
-83612
-83008
-76356
-76374
-76136
-73110
-82046
-82070
-83798
-85378
-83018
-83144
-86502
-88322
-85998
-86500
-87338
-85550
-85434
-84904
-84544
-87208
-84692
-88260
-87394
-80814
-79310
-76668
-78610
-75492
-83692
-80706
-82740
-85740
-87210
-88468
-86282
-84892
-86194
-81140
-85292
-84338
-84682
-80002
-83020
-84076
-85790
-89156
-80990
-81552
-81106
-84370
-90624
-86646
-85456
-84078
-84460
-86884
-81846
-83920
-78896
-84174
-79198
-74738
-83140
-80966
-83578
-82438
-80824
-85324
-86314
-80570
-75210
-84704
-83248
-86106
-81530
-86232
-85604
-78084
-84884
-83284
-87890
-85190
-83160
-83610
-77086
-84764
-79884
-77566
-84526
-84966
-82926
-81628
-85102
-87904
-89078
-87784
-86140
-85470
-82412
-85920
-86006
-85050
-84810
-86546
-81242
-83516
-86026
-81268
-85320
-83946
-82544
-83522
-87406
-84960
-84554
-87072
-86262
-80648
-86494
-85746
-86992
-85742
-88150
-84566
-80002
-85664
-88762
-86502
-88108
-87856
-86708
-87242
-83062
-82420
-86204
-84210
-80778
-81826
-82192
-82228
-82352
-85390
-85962
-86732
-82816
-77618
-84512
-88240
-87850
-80982
-81260
-80102
-84698
-83124
-74078
-80852
-86894
-81502
-74422
-77882
-85256
-84730
-89248
-80768
-82036
-79656
-71100
-84302
-81798
-84454
-84132
-87198
-85264
-86328
-88394
-89486
-82606
-81670
-83188
-84634
-82696
-80760
-83948
-87330
-84188
-83342
-88030
-79968
-82420
-82662
-81992
-86054
-86906
-81530
-86094
-82072
-81592
-84080
-83574
-83302
-82078
-67050
-84306
-84834
-85358
-81440
-85316
-84198
-81180
-81868
-76976
-74484
-82356
-77978
-83666
-84966
-83438
-85370
-81554
-81696
-83284
-83990
-83302
-84670
-85468
-85966
-84648
-77778
-85210
-83856
-79554
-83460
-84360
-82880
-88122
-90054
-84150
-86446
-83156
-80186
-80544
-80886
-80860
-71476
-80010
-83528
-84994
-83888
-84174
-86358
-78738
-73742
-84210
-85796
-81710
-84162
-82890
-83894
-86388
-85928
-80980
-80290
-81400
-83110
-78010
-85538
-85548
-86346
-86138
-82976
-83732
-84228
-82408
-83230
-81472
-78976
-77762
-82722
-84710
-87214
-77756
-78378
-81120
-81966
-82938
-78964
-87402
-85346
-86616
-88408
-86232
-89684
-81906
-82404
-80960
-80784
-80006
-76338
-80952
-81092
-81046
-73222
-82324
-84748
-82856
-81544
-79288
-71458
-80766
-84106
-85498
-85880
-84626
-79274
-84822
-86472
-86056
-86456
-84688
-83402
-83850
-84078
-85400
-78376
-80018
-84466
-83736
-85520
-87536
-85660
-84372
-80574
-84166
-86244
-82328
-86070
-81372
-68616
-70590
-82556
-87234
-84148
-85052
-85054
-83660
-85564
-81238
-84594
-86092
-85846
-89352
-83318
-84164
-82168
-84268
-83920
-85936
-82890
-83634
-82720
-84034
-82844
-74754
-81150
-84264
-83584
-82320
-80526
-82994
-84626
-84178
-84802
-84832
-78450
-80200
-82878
-80722
-80048
-83998
-78598
-80852
-82056
-81564
-86828
-84152
-82452
-83716
-83964
-85676
-79128
-88214
-79890
-80430
-88310
-85420
-79370
-85076
-80942
-76148
-67100
-84956
-86380
-85070
-78788
-85910
-79962
-79244
-83142
-87474
-85734
-79964
-75156
-82588
-78516
-83000
-88246
-88012
-87540
-86780
-87444
-84984
-81874
-82556
-83942
-82248
-86440
-85926
-84520
-84398
-79480
-82734
-85278
-86982
-82464
-89090
-86422
-85426
-83768
-83238
-87928
-85482
-84974
-85112
-88018
-87018
-82322
-77392
-63088
-84800
-87480
-85188
-82010
-81314
-81618
-83664
-79108
-65778
-82738
-83066
-84398
-86080
-85498
-85094
-83016
-87358
-85484
-82126
-82704
-86336
-86462
-85134
-84022
-85980
-82012
-84128
-82306
-85750
-84432
-83540
-87878
-87696
-85798
-89436
-85062
-87252
-88160
-90130
-86820
-85584
-85382
-86280
-82838
-81880
-70730
-85288
-84600
-87052
-83068
-85712
-85028
-86178
-82402
-81722
-83100
-83348
-82758
-83322
-86314
-83484
-86636
-87898
-83350
-87284
-84782
-88268
-90868
-86674
-84710
-84720
-86858
-83652
-85276
-84412
-86358
-87622
-85044
-82128
-81856
-83360
-80464
-80784
-81972
-81460
-78966
-78484
-86676
-85486
-82792
-78752
-84844
-83138
-78410
-79912
-87820
-88794
-85542
-87154
-87564
-86980
-89264
-84746
-85454
-87570
-80066
-84686
-82370
-85060
-86328
-85730
-84414
-82786
-82000
-77878
-83832
-86474
-87980
-86978
-83604
-80154
-84032
-84912
-81058
-83088
-84652
-81688
-78766
-83078
-87608
-84206
-82356
-82096
-81598
-80536
-81000
-85398
-84772
-82774
-83226
-84578
-82560
-84684
-83594
-83004
-85190
-83508
-83670
-83600
-83376
-84048
-81646
-85728
-84792
-86460
-81222
-82040
-81612
-85704
-84460
-87518
-88520
-83742
-85682
-86580
-85386
-87202
-86666
-74026
-85098
-82614
-80724
-81900
-74274
-77522
-82338
-84212
-80660
-87004
-81098
-83060
-84788
-83722
-86364
-83210
-82288
-79010
-82914
-83534
-79328
-83110
-85064
-86058
-86278
-80956
-84766
-84796
-84390
-83512
-87242
-86410
-84912
-84180
-85202
-79538
-80114
-86530
