-15318
-36076
982
-49156
12368
-39210
-51516
46918
23950
-12678
24838
-18006
61390
-62294
60590
53540
-61718
-45088
31666
-22394
47552
25770
-18654
-10850
42332
-19228
35516
-29782
-48538
-64864
29140
-53090
55408
-47818
26440
26210
-4644
35954
20954
-20166
-37148
-29536
-47044
60082
64036
-43034
6546
-43278
-48718
3074
-4802
26046
-20384
-37114
-5438
-2772
57338
6336
-12942
-3402
40692
-52492
-36082
46992
30184
-43330
22504
37810
37576
-64094
-51518
-16694
-3346
4538
33708
19110
-19732
15706
12800
2918
12184
-29224
604
-43980
4168
-44556
-19052
-18098
-1306
-12820
-3872
36886
-48510
-38312
-47350
-53390
-16164
-19338
-20362
-35482
-4544
-20282
44820
52228
21682
-6794
-31294
-48660
47416
36694
47874
41064
20870
4534
21112
-49008
28598
41152
15698
-34206
32850
-14774
25262
23960
-9400
11492
-6792
11400
12644
-49284
33350
22982
13526
46144
39758
30326
-29560
19010
39716
-29492
-8372
-44246
37538
31308
17692
14954
-33676
26704
32636
24408
-34568
50732
-42866
-47406
-22644
-18512
-27774
30906
11066
14922
-12744
-47678
25088
-8664
-7504
34674
-1468
67716
65218
-15072
13730
18134
34074
-3296
54956
-59438
-11554
-54978
-20608
-13424
43040
47964
-58648
61684
63356
47104
3610
-38236
-52104
-48184
19182
-4858
-2404
-6460
-25154
-45012
-37522
-44546
41696
56944
59490
39028
12736
-43082
37452
33994
15400
-21958
45274
22886
48790
25032
12372
-38720
13294
-45892
-13970
-26852
-53744
30808
66220
57458
44020
-55184
-60034
-3370
-3104
34952
-29816
40238
-20084
-41832
3750
-30268
22392
42974
13076
-27118
-47130
42014
20866
-22794
-49496
21274
-56704
28856
8932
-54218
-51598
-12698
-61258
60666
45886
22452
-28940
-56842
41926
45732
48180
-3016
-31552
-2668
-5824
-20632
34032
20130
-35370
56518
-42552
1762
24020
-10760
-49336
50642
-49408
-35596
-13636
27206
-10928
41648
-19492
-14254
-9618
-37498
20172
5750
45092
-19994
60774
55164
-38110
-34180
-19784
-40422
48654
-58234
50808
64180
-24744
48628
-30238
36618
3412
3644
10772
41148
-26188
-42524
-24364
42774
-57396
-32306
-48798
29022
-29010
44976
-31482
22418
-33558
-27714
-8310
-30468
43206
5214
32452
41006
47138
3324
38856
-37664
28150
4154
7924
27566
-10692
32104
26708
8376
52508
-33268
7500
8830
53218
11360
53694
-17378
54224
32104
36982
44734
-1766
-46406
-33558
-22740
-8736
29154
-20200
49812
-15944
-37496
7914
11606
-55980
26132
-23170
51658
-46044
-47954
25712
46294
-54262
59696
-31180
15248
-38074
-30576
-10728
4764
4216
14952
12442
-36980
-38538
-45560
-1426
23486
-49426
31348
56226
-44000
58424
-28620
-52992
20706
54204
4804
6000
16654
15940
26884
-29782
14138
39524
4508
30176
18740
-47420
-34002
-42254
-34128
33872
66670
58744
-54876
54630
-38286
39304
6970
4536
5446
-21966
-10648
11408
1022
-12452
39828
-40172
-4216
45788
-8342
18188
-18650
-30170
-13464
47318
-12370
-10174
-47624
-21468
-65260
-55172
-48820
40826
-33836
-40540
18362
-23808
-25030
3820
-1682
-14164
-30950
45678
43318
28472
39300
-25226
-34580
-42150
-49242
-34408
-6330
-16134
-15444
-43794
33828
-14316
-37984
55226
37484
-49766
46762
57392
-5482
51226
37940
37394
-45412
7796
37364
-25000
3740
35860
-16086
39582
-33250
-38722
46464
-36686
-39510
-49708
-48644
-35808
-14318
3474
-26918
25052
3992
-29318
-14266
10722
3728
21706
-51100
12932
13950
19030
31626
55136
-37206
-61254
67030
-56908
-63318
-56114
36626
33992
-41614
49392
26352
40078
-60770
-56498
45262
37042
-42722
45490
13000
-42650
32986
-14366
45300
-7732
56528
26514
-35010
35260
-20584
25044
7632
-15348
-20848
-45780
-13608
-23700
24152
-44662
52022
37728
1786
40948
-10586
49294
40398
20950
30538
57894
-19262
10566
20116
31790
-42538
61666
-22272
58710
-50832
21980
46826
-28336
46556
-56902
-35388
442
-50698
31726
15334
21934
-51848
45444
-5148
-37292
46564
-3080
36788
-41132
41354
59624
-67740
-62812
-45034
2270
55948
55774
-18962
30246
26088
-55946
-61410
34798
-55596
-43848
-54272
19112
-5248
30014
-53238
3764
19276
-58148
-30758
38632
-32102
43816
16136
21506
-31270
39842
-22102
36582
-44500
24432
-27960
-41242
-6170
7038
52782
-45822
-41120
-57856
14842
21984
-36330
-28328
25994
38954
4134
4444
-54478
-6792
-35088
-4318
33908
-802
29918
-1678
-9200
23288
-59068
-61106
29446
47150
36548
-27246
-46148
46994
21546
-23460
11648
38786
-27394
34236
-18942
-21112
42602
-7198
-37394
-25722
-16038
-21576
-46332
-39868
35596
-16728
31892
23244
18006
27596
23142
-13884
4408
-21080
48720
27120
-37658
14270
-43144
3900
28894
24394
-40062
-26360
-32922
21454
53948
-42922
-47330
54536
-14418
-61570
-35414
-22180
40882
-8456
18554
-13220
19190
29580
-21260
28044
-12076
-47136
37052
21782
-13766
20634
3902
24096
34310
14320
28190
48898
-8268
26914
42510
50418
3320
20378
-45398
16066
-32664
48334
55406
4610
41570
-55714
25764
-14582
-16962
3966
-45606
-1856
-45542
26514
-58396
41448
48526
-11468
-4104
19598
-12324
-20526
900
-25176
35680
26334
42876
-39084
-25152
47080
-48276
4160
58324
42706
-34164
-14464
27510
-64980
-51258
33246
38708
-35004
14148
54810
54430
-59872
44828
-45142
-54666
-33812
54902
43864
-42398
8474
-25474
-35344
57626
56892
-39610
66498
-28154
-39988
6806
18808
25112
8292
5698
-41870
3948
-32710
-29958
40862
-39438
31314
-38372
21496
47220
51106
26280
17194
-10128
34546
33742
-11518
11404
-16660
20084
-53014
44332
25044
41662
30200
-4528
1860
18490
21858
54806
-52560
-19790
-27058
56776
-33952
45142
-46286
-48068
-69038
50004
-29542
31934
-25468
-36720
3066
29074
-36252
-14580
-20834
-32630
8330
-51866
-17480
-950
13900
-17320
1240
46066
-52278
47360
37158
25284
-40044
24428
-38782
-53036
-56298
58978
-62910
-20506
11044
-8036
-42334
-39104
48052
-41200
31472
-56470
-65064
-3924
-29284
22164
49402
-42938
-72368
55004
47550
-45350
41128
-30478
41482
-16014
-14038
20030
33032
38280
-25108
-31302
55358
-59220
-33050
50728
-13278
138
-19422
-41594
37320
59442
7280
-47100
38250
-28626
51120
-44568
-29414
31758
-58102
2688
-33932
23222
14888
-3422
20450
61026
-25228
39590
-124
53198
-48866
24740
-49974
-23788
-46048
9898
-16198
-48466
44006
-52860
-30838
44500
-7940
11904
11184
24140
45714
-11058
-5242
-25946
31490
34012
-21672
13380
12796
-29200
-8070
30096
-42802
34950
-8032
13370
33350
-22340
-47130
30166
-46856
-42090
-37986
-56220
11956
-7078
59750
-31992
54244
-40186
39158
-7296
-31884
-12400
27700
-17180
-43870
12296
-3966
-37044
32934
31980
20678
-58114
46122
-39178
20394
-43178
-46846
-30286
-3526
32984
38414
-564
31980
-25240
20338
12450
-32700
-12718
7030
-49400
33576
12310
-54658
51412
23256
-46748
-44272
31194
-33010
42294
-53698
36446
12452
-49178
19920
-12144
-3298
59784
-4644
-12054
29654
-84
25624
28864
38062
53324
-40698
35824
24182
27150
51316
18222
19930
-17764
-20896
38608
12532
-60598
60514
-65394
-70020
39548
-3630
-60320
-28618
51010
-42784
22788
51430
-49000
24066
-49872
61662
62618
-6302
-71056
5174
18250
-17786
-37908
5590
49950
-41392
51306
-34788
34340
11554
-5872
-47944
-50778
-27434
5380
-59752
-21388
-27548
22326
-14512
-55034
44852
-23718
-40116
-5258
2106
46154
63458
-57650
25562
34260
-44184
40858
37284
7820
-25994
9684
10324
-50128
11066
-36848
46816
-17764
-4582
14218
-27496
-24858
9602
-17140
38218
8002
40490
30140
-42684
31422
43380
-57966
-11118
-3318
-19058
40492
48048
-21468
-38798
53270
23982
27182
36046
-46156
-2232
-5534
32712
18540
-5138
23692
-3490
-23970
-27838
-38350
23812
29766
-44040
-32342
-38734
-45944
16412
-60414
44374
-48902
-39428
-5806
26986
5332
44954
60608
-4784
36998
8080
14336
-2940
57792
16820
53392
-16434
21450
12926
23054
19546
-58904
34986
-3918
-34180
56798
-35446
62122
-25256
-49036
54240
-35520
35922
42544
56288
-8952
39612
9932
40634
32736
-51960
28404
-35962
37810
36634
-14380
-1360
41138
12712
46000
39622
-43426
-17412
-53514
36410
-8908
-43456
-41386
-48238
38110
-58052
-53630
55044
-33536
34014
17706
39480
22654
20078
11206
48930
-53078
-33754
-29348
32532
-64640
47026
-47234
15312
30282
-67850
33378
-47712
41680
-5506
12992
41180
-52194
-56716
-3490
-58860
64902
-428
-18430
10986
-34588
20824
-38792
46342
51870
49556
-57274
55568
-61518
14242
-19550
27918
45130
-10338
-47470
25938
56130
-22934
-22274
12164
47320
36668
-41518
16524
-26550
3338
-12210
-15694
-39052
-4802
51616
-55342
-49800
3856
45284
14758
-14410
5972
-19528
-32562
-64702
6010
-24964
-10480
-1758
9212
28652
-12892
40498
14556
-26654
-29368
37822
36744
31880
26374
-7326
-16872
-34192
504
-39522
-14490
-54724
24852
7142
11552
-16282
-8660
-50408
-4874
58598
-40146
45112
43278
-19392
40756
-16962
-19980
-36834
-13240
-10832
-4648
42352
-11112
24666
-32282
-50400
36156
20810
35928
54518
-44762
-31176
33904
43614
9996
-57228
-3560
-404
-37324
23696
-39222
14744
-13000
-25386
-13442
38118
38696
-35284
62248
-21326
8560
-20666
-21754
4786
-18248
-14958
26688
43996
37892
-28190
32526
-35578
43720
-16090
31442
8726
13162
-27628
-35712
17122
44894
15510
17710
-15706
33204
29450
29414
17012
-24408
36478
7430
8354
-51756
56582
-27688
-13328
53122
-33980
12824
-47078
40158
19012
-12520
52252
-44370
8806
-14226
-38028
38886
-56192
-49496
43778
51750
43570
30076
30796
-33234
40068
-30026
48938
-29060
41304
20748
51478
-53566
19608
-14904
-5844
-57022
22046
46816
-44836
59238
-47122
24516
62934
-35666
-47554
-10252
16458
-17212
14710
-2940
-43666
3716
-29850
24410
-7166
-24362
17430
-29222
-8464
-34522
39670
-12302
10590
16956
-26934
8294
-33268
30936
48514
-38242
21280
-40748
-29402
16578
25368
34802
25072
-2712
30282
-35094
35118
-47144
24300
54124
-10764
-10470
63474
-31558
-36928
-44578
-47204
41218
23548
-18796
-39700
37168
33222
-25494
-33242
56454
-52064
45434
-58948
64230
41766
-7118
1452
33664
-40052
-5172
39872
-40364
54938
26072
27414
10938
-36958
3412
-31366
42528
31992
-66564
-57768
-59126
55594
-52912
46146
-51492
40362
3652
15538
28626
-28802
-46248
-21914
-37984
55164
-59048
14970
-18456
22834
-49338
-23118
64816
-35024
-42818
59422
-42730
37180
36994
-15156
-21160
39636
-4692
-28990
-33912
15756
-46812
20566
50796
-55962
11186
36334
-21894
-4944
30466
32368
10434
-3042
15904
24798
-34558
-9420
24684
42772
25734
18356
-24488
-25928
-13062
-18462
50098
-7032
49182
-54038
59842
-24828
-16224
30520
31826
10050
-21078
6864
-6696
47088
1426
10580
52752
-33108
9380
12118
-19384
12764
6988
21594
-34480
-38896
-7022
-4044
34140
-37084
-30708
-43070
3334
-8232
-35834
40138
1834
7468
-11934
37342
-41800
-684
45660
24724
27622
-4654
-6484
-58392
-17982
-19350
43396
56780
-28112
-17420
36392
19472
-13888
-9356
-34142
-6218
1272
-42432
-47574
-32310
-54142
36460
-25408
3624
-39804
-44670
33956
44360
-40688
22308
54062
-20742
22034
-23086
10000
8814
40348
64560
7212
-56444
53160
-59094
57736
-34672
39990
-47746
20280
22470
26746
-15336
-26524
53528
-31848
-41060
46174
-29030
42144
33252
2206
-20352
10140
-21750
18968
17272
51804
-12054
42072
17692
3670
-66616
30032
-15000
56546
56464
-27030
1708
-50776
-46392
-25168
7576
38710
14822
42932
-27138
-13406
5142
-268
8740
37280
1486
28076
-7084
41030
-62294
4718
-50780
44726
-47968
35060
15858
-37614
55636
-52834
49916
-48996
-66628
40056
-39450
23530
-11240
-38704
36860
-23036
-30002
8674
19724
-12856
21410
-40466
51642
6366
-33444
-30016
-34368
-4530
-31420
-5558
28470
-49448
16270
25092
-9468
16102
42194
46164
61086
-43586
62408
-40126
57262
14068
-49516
42308
55832
20012
41062
32212
38260
-24020
-45332
8014
22302
-12592
46558
-31908
-53296
21902
-62988
618
18654
-53314
48218
10176
982
-37932
45142
-8580
42212
-45604
45900
-53564
43378
10982
-44078
16528
25136
-54722
-58242
8854
5528
29936
6412
22872
4100
44924
-37236
46978
-51634
19756
-40142
-400
30318
36984
12212
35452
57112
34782
-52928
-63712
12842
36876
-27602
40832
-37372
-28408
35826
27012
9224
-16634
25432
16664
6316
38296
17838
23908
-6656
29246
15106
-19844
-21580
19720
23332
25808
-13578
-3738
11842
25288
-33790
-42276
1214
-9162
15214
57268
-22914
48516
-16546
14212
-11030
-42176
50236
55976
-13840
21144
36898
5068
23442
30728
23268
15864
-8558
-7256
16642
-35310
25110
-42380
24070
-35064
-29198
13336
-45948
5718
26708
11440
18590
7800
13718
-26828
47232
-23276
28622
39578
-30276
-32014
-35308
-25804
35266
-6748
-11946
16532
10982
-28156
38662
25258
-56590
-26660
-52758
-45686
-39262
41994
19074
12644
-38214
-34994
29252
27188
48210
-21852
41918
31658
-29484
-6860
43890
22368
-21060
-37620
-39768
35594
-37802
-37052
32406
-55806
-27180
-42896
53292
54410
-50714
23740
-33056
-11892
18916
-22122
-38932
-34620
32968
-26680
51578
-48960
31596
36686
11352
-43844
52848
-47498
24586
5838
-54692
27594
65954
61346
-56078
48912
-52046
-48918
-45772
41922
-59896
47382
-39878
33958
-48998
-45678
-28950
-9890
46618
-29038
5692
-38628
-49670
-55670
45278
-22028
3540
2036
15388
-32144
6402
242
-13782
15780
-41044
-46944
22830
-10054
59530
24952
31764
-44836
59674
-58176
32342
-34286
34704
-39634
-3594
44396
2094
30156
36848
61928
-8246
67210
-52420
18968
-20048
-45244
50332
-8670
23678
62608
28342
42914
46026
13160
26558
33350
50510
-43154
24484
-47320
-55006
45410
-41856
25222
27282
14460
-54042
-59696
-27308
-5842
28298
-7404
-20134
-4208
-28986
-57052
-62846
2440
-28886
-62434
23160
31522
12474
-36772
-28412
38132
-27214
6240
22176
-338
-32478
-38780
-8532
10426
65044
31122
36126
-24078
-21602
-33118
-16812
-27930
6914
-1830
49816
10772
35228
-30924
-38
20688
47534
-37694
-44644
-43866
25156
65910
-47828
-5618
-20332
41390
44118
-48124
38594
-32950
1182
-31082
6832
11150
-31886
-12508
-57926
43190
-58768
-15248
44784
55910
-25378
62164
-47886
-23256
-13366
-37116
11024
-12188
50666
2862
44572
-11564
-46098
-54308
53438
-31230
-24606
12102
-34318
-18
-54754
7282
-35958
-15792
55556
-33500
35544
-48484
-31902
-9920
3738
-52250
-45438
-24912
-23820
3060
33902
5742
-27874
-26064
-15024
-25010
3712
-7916
-12702
52766
9862
53434
11986
21562
-30806
54014
48322
-65808
-51052
26938
-9726
-28530
-44500
232
17032
24296
39258
27736
36004
-34974
39830
-16170
2794
50074
-26522
38118
-32568
17726
18088
14876
-45908
-14762
-26768
-47828
-41244
-52618
20668
-42254
-16722
42562
-20036
-28802
15986
11856
15538
15228
45718
-39394
37204
-48592
-31442
-12716
-30466
21952
49390
28278
-1230
-7690
19678
3158
57942
-22934
51104
-35882
-41260
-36768
-52080
-47266
-22374
65410
-16684
28462
32014
-15380
24904
-31518
19674
12732
48930
5600
-23690
57086
384
-722
-1162
-10880
40590
38510
-43314
52368
28814
-39172
12662
55888
49308
27330
-49298
-34142
-8482
-41888
9508
-22954
-30598
-15362
3886
-19814
45918
23772
-16600
2366
31530
30540
50496
-2886
18314
-28218
-30462
18314
-45114
-1724
49582
31040
-33146
-46576
21158
-20310
6818
4954
-12564
6682
12872
24182
-6110
-34918
37188
246
-13824
-22068
-39132
37046
17000
50596
-29140
-32182
22576
39758
-18870
-30328
24490
25942
-24290
-34718
25072
-32658
49022
23216
-32966
40322
33078
11848
-12956
-48908
28234
-38230
-37660
-13030
-30876
-14936
-44364
-44574
-56334
-28198
-49302
7160
-15862
51988
-1088
13674
31784
-13408
42954
33878
15822
13990
-51656
14842
-18958
-27776
8956
37022
31104
-7434
-8266
-14770
-1022
34432
30234
-4306
21932
-28616
46886
-30822
8310
33592
-48800
51152
-27504
34256
-472
-11876
15762
32802
-17230
-2890
-1902
-15578
-176
-22542
9474
-4386
-14454
16634
-20720
3190
23050
-15680
4788
-49442
-23910
62016
-24312
17202
-42380
46024
14486
-9880
-21530
-18088
-19902
-38722
-19662
11584
-11052
-18088
14438
-33654
-34648
39048
-13710
-57540
-14836
24270
17992
23972
25328
15858
14020
-41908
-42614
-28422
-32640
25214
-29188
-48758
23682
-39542
-29606
22604
-50496
38222
-14720
-510
46340
-40300
16934
43822
20538
-35042
13190
-15118
-52630
-29936
-23708
28510
-3170
38602
-24144
-34116
59108
-36022
-6918
-47290
37188
-17114
-1294
-57758
8186
27500
-41566
59730
-26872
34308
33708
-28038
39384
-43000
46676
-30408
61108
65058
67486
-57690
-16144
36308
-33414
49488
28816
49574
-4954
43874
16694
24158
46348
-35708
29462
52068
35406
25074
33270
44542
-18050
-41076
65948
9536
14330
46040
43226
42264
-2518
24394
-54720
48502
32604
-46062
-38384
43474
25434
16414
28262
-24956
1436
55430
46824
-26490
35768
42820
-21646
-20180
-33292
-4276
-7344
46234
-12540
-43440
40824
10538
-29462
-4690
63188
-12932
-37074
29032
-32214
-21646
53944
-25808
24652
-22010
-11940
-6420
-24732
-9956
-11712
39994
15192
50068
-16428
44990
-9142
-10510
-26884
-59520
10834
-42762
7600
-57792
-4266
30218
-1520
44076
37710
26034
39654
6326
61828
-41612
-33994
38236
20138
-19520
40552
-14572
-47664
50110
-15696
25796
28324
-40568
-6670
28852
-40872
-14786
-27482
35356
-7898
14348
-44826
-11268
-30922
46198
-6960
-33824
37622
-28466
-4650
-58820
-25402
34088
63314
11428
63208
-51864
-29486
-36724
-18470
-46056
8020
-13234
-33950
48882
-37112
-33078
-29324
12714
-32054
39610
23550
-27374
45466
2866
-11702
-47494
7740
-12422
-13244
-41276
42572
-35884
50544
49622
45122
54328
-39152
31342
-33744
19712
-50104
-13732
-46390
16176
51186
-48390
-12158
-8628
6134
52294
-37694
41662
-30012
-42516
60760
-18532
25792
-33730
12460
-4146
-38442
3788
-17724
50214
19464
54942
-1294
2180
-33064
-15218
48748
-35118
3176
47274
-2904
18840
-45148
32312
12758
-8908
-20586
-10928
11682
-46288
31166
-39894
25514
8176
35996
21946
-1206
41200
-23834
-53296
-3596
-65128
-17748
-23414
8844
-24132
57466
5086
-46842
-17176
-37378
8808
23988
37612
-50508
46768
10462
-11812
4814
19764
-17252
25590
3358
-11096
3864
56190
-25498
-10046
34258
7160
-27846
-27306
31378
44408
-39122
-30342
36686
-55916
44626
64618
-62902
37090
-63956
-33848
4838
44680
-35508
-44290
39374
-41982
27776
-38366
-52466
16588
60142
60914
49820
-26342
28880
32764
39370
-26494
24098
44272
-56564
4548
34494
-52946
2614
-41354
40644
-55244
-35672
37408
63474
7216
-52938
40938
24132
44244
-45024
53496
-56414
63556
42326
-51514
-4480
59792
-40888
43534
24290
45162
32056
10274
17988
34046
26594
-59810
34108
55258
-15662
-15922
44472
-54668
1884
14188
-15486
-18712
-30414
9800
-21698
-28796
11298
-40810
-43682
42506
-13956
38826
-32992
-11026
56944
7008
-5084
-46230
23580
-12382
-36366
55524
-46078
45156
10562
33986
-48920
53244
-23036
8614
-33396
47720
-30296
52116
15946
30204
29030
29144
-7140
45028
14640
-45628
-14284
-20586
-4582
28488
52672
40554
3696
59798
50900
-57182
-29002
14638
-49836
-47144
57868
-41022
2616
-47856
-43382
-16038
-36054
25890
35466
20530
35036
-11052
37414
-39234
1070
-38052
-49384
30684
31550
30700
-10918
14904
53466
-28142
-23990
45036
46112
27166
-5612
-33616
-60128
45804
-49072
50014
-45824
42294
15640
-45724
44834
28234
-37648
-47392
-61544
47662
-17888
-27980
21792
47346
-50618
-63028
-54342
-55142
61356
-42578
-20482
-12414
-3466
-25902
-20338
-30970
14146
28334
-35346
-29470
-56848
50734
51612
-61670
-29642
-63744
-11836
5072
20588
-30524
28400
-44746
21288
232
-2328
15614
-760
58642
46150
1166
38140
-34700
-35408
39136
35942
-26510
39230
52108
66610
53330
-45646
-11750
-36786
40830
-45624
16126
16936
-7796
-8470
-3350
-59902
52344
-62444
23134
-26754
-52006
48642
-51526
-39428
38982
-7518
-47798
47890
19746
-70854
-63470
42174
-49550
18178
30228
51140
34068
27500
-14486
-12176
35306
49706
60258
59464
6142
-59682
46382
38578
-50536
-9762
-49244
-26686
-51160
9678
-41250
-39104
2750
-19470
25782
-1936
-33298
11770
-36418
22758
15576
-5346
5098
-28868
51426
-23120
-50014
49850
27934
-11028
4810
-27140
-8356
8258
-49328
52714
-38340
36224
-59602
21188
30862
-6842
41464
-51556
43150
8924
-34740
-24588
38326
3192
-8748
2168
-33384
-42600
-18214
-41622
56462
-27128
23138
60852
55546
25674
2732
38562
-33850
-21314
-25842
-27108
23750
31916
43686
-9760
-29896
-16854
43012
46262
-6472
-12812
41496
-4424
5042
-33866
30344
13252
-26538
21502
1462
7648
-31320
-28386
-22282
294
3828
-43230
26448
24440
-35534
-20626
48146
-45566
-28082
-50706
51210
-65682
41316
47260
64804
-15474
-15008
-45882
-63720
50258
-15956
-54710
-57450
-28
-16892
23084
53900
51282
23684
-27548
17894
-58860
-66656
-69758
4348
59556
-54260
34958
74
-59022
-23462
-25776
-41420
59476
-46540
51178
-7738
41042
42610
-37098
-21406
-41620
-47566
-42798
-13116
48810
-54464
-25006
47874
17086
-26188
-48316
-41446
56346
-34984
-5898
39464
22662
39042
3284
32468
-6232
41342
-34604
-45990
25616
-36352
39032
57978
-50462
-23082
21558
-37282
-18982
-17394
-45584
53028
40920
38074
-53488
59704
7980
-49686
71836
40694
-16992
-53200
46670
37974
-46278
-27270
-40698
37212
-33078
22988
-10958
-49180
44298
15494
-15334
-2162
-23042
-46248
48016
-3342
-42290
-45088
-32024
-34708
-38872
18324
8540
23620
3288
36286
-954
-1656
-39366
-14846
-45964
34882
36444
49262
-38426
-36378
48264
34336
-42488
23012
3466
-4138
-35392
13702
19922
-36564
16310
-3258
-22280
-1454
43564
22058
-31968
24120
35250
-48712
-36702
-18492
54280
994
-20334
23190
-1922
-11044
26948
-36692
48262
-2196
-28518
31150
7666
-11724
21840
-34180
-14246
24882
56702
-5680
-32224
-31472
11558
-44728
-7210
-50242
40448
29700
-26318
17592
46592
28082
-38758
-15210
-9452
-3872
53416
40678
30772
2218
-10780
-36400
-37854
-8680
-6370
-8026
19864
-19664
-49812
50942
-42980
-41478
-45070
-17622
-35576
-53208
12722
47350
-25884
4690
-4122
-23326
-22838
3852
202
-43550
26950
-58268
33816
-57386
25854
8780
-31288
20620
-28964
-18632
47822
14070
25602
28408
18734
35244
59918
36240
-40748
-66368
-71224
61494
-30046
37420
-65960
-67414
-68898
50160
52816
-48686
56334
68256
-63730
34790
-17766
-2732
-34422
-50070
43780
32238
21352
-46364
-37188
29066
-24482
-23450
2952
-42516
53096
-48524
-21778
-886
-2716
17424
29830
9670
12558
4704
25602
21460
-28192
10022
-31026
4644
45862
49856
-46458
32826
-14260
10740
23084
16040
-26696
-25518
35978
-3684
-17488
16322
-54204
57000
-25652
-33190
-31196
-65970
-47912
-24192
25626
-11698
-62230
-48522
31576
39156
41660
44190
88
-19316
25304
-37614
-11676
-29108
-17094
-3652
7314
-1422
3568
15586
43158
52298
-53822
30026
-57354
-45988
29948
35706
-32648
52740
21540
1734
41886
29292
54826
36952
16812
-32502
47106
-28538
12772
-37462
-9496
-38966
34152
-39198
-25886
26592
46412
20742
28158
16156
-45292
23126
-54858
50248
10620
-24062
42616
140
-8812
-21808
-27710
-36052
-48786
2228
50728
2324
-19838
-5690
23670
-40336
31210
13628
-55384
-30362
-39664
38412
-45150
30662
-64340
-54572
-54480
-54180
19764
-53730
46100
-46624
25472
60386
-27268
-34552
-26598
-28796
-27322
57950
-21826
47980
21406
54180
-25342
-24972
-8452
-7794
-11288
19936
-7480
-43000
36826
36814
-44374
41764
-27662
34830
-47942
68622
-33396
25766
53036
-20996
39598
63842
-38248
13468
12444
-53198
2870
-52472
57236
-15322
9028
-14434
-47844
-9952
-44834
50484
-26064
-14322
-1066
-19250
32456
-36874
-13744
9304
20758
-12044
-51120
-17060
47088
-5110
58702
-12476
35142
-2686
-23394
39286
36408
62830
-66192
8264
25190
-36646
-26344
-46336
-18896
-8816
8386
-15408
31106
-3802
54576
-34442
24904
-44314
26494
-58988
2974
21638
-25928
-21720
-30836
-8866
23292
53890
-30136
-43300
-52242
59372
57218
-22858
-15664
22436
-29904
-20004
-42986
41180
-66070
-73018
33472
12668
40842
21350
17604
-3790
19538
-60492
15056
25400
-53056
27422
6442
1850
-27422
18986
-9006
-33644
-32914
-35758
28320
22716
43412
-27466
14942
-28076
66848
35512
-24982
-43320
-51078
-37110
18314
-240
-5378
-11814
50068
-46004
-28730
-40052
-49126
-29608
-41496
-62106
-47468
-42748
42968
-55248
-34980
-43412
-36226
-2448
36434
-23988
7180
8338
-23778
12296
23410
8792
36200
45354
-16744
-10096
-47528
27066
10930
14180
-31182
43928
22086
-41760
17328
-22156
-18128
-54522
-16122
42172
11896
-42962
-22076
2214
19864
48072
7330
29982
-39266
59552
-42110
-9310
-34320
44572
-18668
-50588
-18378
44818
-24132
-42930
15634
-13342
-29952
-26170
9258
-51384
33202
-12730
-16152
22206
-19496
28286
-2228
19342
-19434
-51894
53378
35406
-48652
-57242
-58644
59482
46582
30546
-27850
26512
-24250
37538
-34938
-14440
-28900
-36724
41590
-58486
41860
60398
-18932
3226
-42588
41186
60034
-52068
-39022
-36668
1688
-5750
22502
-35848
28178
-13444
-36266
-41836
24816
41606
9344
28452
11320
-52948
9994
9080
-11268
27328
42344
15238
10680
-16392
-11732
19046
-39358
-57860
54738
10224
-31902
-1692
-49100
46742
-51736
59986
-27846
50242
4336
43710
-44900
35662
1626
22080
-34774
-5284
19654
-17822
34178
20414
31938
-26360
-28532
23142
35856
-21640
66002
-37908
-45156
30232
-42672
38440
-66036
56374
-31244
-62144
-6912
31786
53746
28388
-55190
-18278
43590
-43348
-4768
222
-32678
8444
39266
-46132
42076
37098
-40924
-2670
42840
-65512
-452
20598
13366
-26592
19944
65918
64670
-53716
50092
42160
32288
14052
-33856
6578
4066
-25188
-56138
21458
19980
18366
-11418
-43220
-31820
35066
-28346
-5174
36360
-50858
31668
-39946
-36486
54560
-55954
63996
-49528
-31056
-13692
31536
-53304
57480
4142
-51216
-31284
38624
-14016
-37402
-47276
39978
12878
43220
48188
-2046
-8768
37612
13466
41510
-30532
18962
-36822
41058
-9750
3922
19152
-2108
46168
24908
-10716
-39264
-16892
-16600
-24894
-26660
12966
-3024
24006
-60384
10590
-45232
46862
12764
-27592
-3914
18738
-41744
-2148
15820
5448
32898
11194
-29280
58176
60670
-17178
-56154
-63542
1154
38480
34720
33926
-18222
14966
-36638
-40784
60180
-43026
19196
-35388
-41656
-41166
-13300
-9796
-45162
-29162
-1644
-56830
35422
-43888
2430
-47858
54304
-6668
-54488
60842
-27748
-23016
47510
61284
42696
-64686
-64610
-53862
42122
-53296
-27274
-44620
57956
-38630
-44092
-22980
55114
58880
-43618
3342
43300
-23880
-35196
49834
-27000
35194
-53068
53006
-47080
59936
800
44980
-28072
-19502
48328
-58652
59356
26484
-43482
-874
-40484
38462
-30542
-50352
-2908
-38818
23568
-14742
46320
-35832
-20028
19078
13662
-46980
-14120
-29456
8062
27768
14536
17610
49724
43874
-51610
-57332
-37486
29272
28818
-41240
8334
-14470
-10384
27962
-1656
-31332
11384
-27842
24234
44972
-22916
28672
-44340
35294
-38710
48748
10976
-41892
12340
19072
18576
1956
36666
-58130
46742
-20608
50294
-9210
48038
-52638
33956
1834
-59574
-51158
-24746
-21542
13314
42732
-16616
18760
-60640
58474
26424
-54560
-32108
23748
25040
42110
-33824
31728
-48752
-34468
52690
-34684
-64950
-28682
45138
32924
23158
15278
-17366
41280
1908
-2350
46258
-39174
19720
47116
-30620
53698
5630
57538
-47736
-30784
-33030
20564
35162
21648
-35074
47686
-12802
-53502
-42876
-12556
-46552
60884
-55652
-54436
51630
-38064
47414
-36586
40674
-24400
-16220
-20760
-17800
46556
21004
5196
46526
-6292
-1656
-33534
-43398
-22094
7978
15954
-3066
-41704
3360
39654
-27716
43462
29516
-46004
-21192
12942
2984
-24864
-10990
-30112
-43396
47374
-18788
-51882
34704
49294
-23576
61078
-49712
47154
9378
-182
53114
59920
-19166
42894
40646
-24338
-4788
-15398
5614
-42384
16254
-23438
52434
-40292
-45156
-8580
-38428
-22946
-49358
35050
-33484
-12980
32898
10860
52030
22274
36422
16604
23582
-23204
18904
-38984
38696
26922
-28216
-26386
-35740
43160
-50396
-43292
29926
49832
-49574
15322
-11460
12442
26666
5116
-42778
158
10382
41724
-32842
7600
-1164
-29466
-18420
-3910
-20590
39856
-34030
-11638
-27690
-18562
-1480
-27468
8962
-26698
-9512
-34430
-26682
38034
41340
39062
38226
-5482
-56230
-33810
33660
41206
49862
-45512
55096
-36734
33816
40816
-6116
-28202
-42696
14234
-50188
23790
-19784
22334
37884
8738
-32172
20794
13622
-2980
22514
-23856
-42864
5484
-13870
-23722
16100
10132
-2364
70
-40210
-41026
-55692
-56828
53408
-63720
-32132
-20218
38998
33850
9254
-20960
-31622
-9522
36562
35014
-5250
-27730
-64182
-40
-58940
52644
-59190
21188
10886
20048
47292
-31852
51768
51684
-17502
25004
-64754
21718
42596
-17178
-9354
22326
45626
-17156
26888
36708
55930
-25162
41536
-26976
-26414
-40062
-46386
-4082
-16084
-54712
65892
-44760
26402
-4280
-17434
14790
290
-35938
25744
-42132
-18440
-48506
52674
10612
-37990
30470
7412
29314
-3302
12270
-8380
24728
-43232
9594
-47428
49458
-47316
53210
-21688
-11036
-47212
-20152
40096
20008
-22392
-50398
43938
42972
-36702
13860
45430
30592
-50092
-65930
5660
50534
-21402
5342
40740
-55000
32258
30308
-4168
46402
-8920
10844
-4482
-52842
-57284
20700
-46200
-12814
3990
-42748
40544
-52454
-40128
-56778
5848
10954
-62864
33364
-16164
23902
-45394
-34914
12064
37956
-51534
25978
12080
-55932
-25680
64948
-50016
56742
-20852
9042
-53660
21742
31606
-45390
27916
-6680
-47162
-18784
-35436
37626
-24616
-3382
-37138
52136
-54954
5428
31180
-8850
39838
50738
-6026
55150
34374
-17336
33388
-65794
29230
-55320
-2606
52232
-12378
68448
64542
-43474
43690
-49706
-53486
40864
30016
25254
27756
9382
-49194
28892
22160
19348
-13888
6682
20172
17958
-6680
-30854
52082
-28628
-52442
-50810
53112
-59532
45588
-7472
-26434
57352
13486
2994
22278
34278
-51282
1836
30528
35198
39482
-19100
47794
-6952
-36214
28564
-26232
49732
-58318
59712
48232
31394
49616
-60316
63074
56550
-29080
17874
24696
54520
12692
-41244
45748
65840
57368
2012
49800
17130
-49994
-42238
4816
47078
-56530
22982
-29908
39496
-43802
-15128
-52084
-65748
-59750
-50002
45460
66006
-45150
43200
23064
-33570
19762
39504
2008
13340
-23636
34
-10366
25558
37646
39554
26140
-7174
13808
-1696
33472
1004
-7572
-44440
31414
-37958
21180
-38890
-23056
-14656
-11128
9568
30132
-14186
-45222
-58928
37866
-62670
46066
-29948
-26716
-46118
60768
-24538
33748
17778
-46486
-40962
17154
51046
-50658
36944
40782
13250
-9628
23832
12296
2844
21750
14464
-37926
60816
4068
5626
-58566
-2428
32510
-40064
-43064
21840
-20374
35174
35844
-34762
-15558
-20522
53464
-34804
-23598
-18432
31956
16660
41294
-12936
-678
-34838
1794
27680
-32398
27826
12198
-49182
-37430
-26200
-16978
17708
-12798
51430
44878
-30732
-43762
6628
27094
9298
-22020
47000
-49334
53538
26436
53342
-35000
15412
-7290
-38202
-42410
60218
-30932
-14566
27026
-61792
-16238
-43216
-29796
-23708
-9740
-17608
44876
-19408
41968
-29390
-49448
-13534
15596
18210
-5162
58144
-26250
49004
8718
-45042
18652
23240
-1808
-16792
7664
-36990
-28154
-53198
55036
-54960
52762
-42818
13326
-11110
4096
-37500
-48868
34698
-32576
56374
-49328
56568
-46806
-55424
-38320
-33742
-46296
17728
-5600
-32548
36478
-9066
24466
39324
-10628
-24320
37150
13072
26400
-12606
-12782
-47846
-38258
-44266
-33792
-45364
-7294
-28924
-52060
18672
11690
23004
49856
-376
12336
-22698
-36610
-15874
-32132
22458
-55260
15822
47974
-43518
18916
-42752
52224
-57218
60900
-35376
46522
-55506
56500
-35196
9102
58556
-21404
-30558
44918
44684
-43036
40440
-16358
-33890
-7986
6618
22506
-45942
43240
57752
-6714
-34294
29852
-48176
-19014
16704
-42052
44012
-30454
-15148
42578
-23998
-64772
-7038
-798
45580
43472
-55114
7064
-37828
30686
22726
-15500
-23694
-39932
-48790
12500
-41526
48160
-17270
-43152
56762
-30910
-21896
5198
-11848
-4744
38254
-23712
-66968
12756
22914
-23346
38774
-10706
-17804
-4330
-14758
-36920
-9056
-10740
19530
43974
40862
-26882
26600
-18188
56676
-10968
-6874
-28608
39766
-46652
48216
6480
-45250
-59986
43354
-21698
31328
4902
26250
-14028
-59162
14794
42156
54470
-34670
44072
-34914
31218
-4142
46790
11484
27810
41678
8750
-2568
18176
-36762
34492
-25412
-13002
-39694
-38064
-56992
16232
-45830
32066
-48268
39466
2654
35444
-33278
58624
58914
-47666
-49366
-33634
35566
-66158
61422
-48874
-43620
43526
-31946
-34686
29578
-46322
-41522
-4438
47100
-34116
54380
46730
7854
24932
-2396
65900
-54858
7286
47846
-52874
-2268
-47684
-31802
-36502
46838
-55878
-55658
41200
9350
-11410
55740
17286
-48892
15236
-49430
53476
-1954
1436
-54848
25718
34534
35796
35998
33734
-55614
-28392
4632
42228
-54798
51214
49176
26836
41706
6240
42246
27442
-33026
-6422
-1612
13478
29022
1176
15414
-5392
-35798
57096
45762
21364
-24004
46120
-51980
33474
-19392
9042
57014
62686
26068
19608
27046
22162
26362
14310
-16736
24558
-20106
-1726
9582
51684
-60626
61094
23682
44566
10986
-12668
57244
38454
17504
-3788
31718
47522
1306
37650
6486
-38244
-28578
13186
-15422
-44898
62596
27782
-27438
-52300
-20722
-10556
16414
-33908
26388
-21460
-28150
-48146
10584
28940
40536
-9834
55552
36920
-35002
-53948
-50218
-32494
40172
-31698
-53566
-18550
-52950
27542
8090
30774
-19680
26970
8120
54692
-17358
710
25802
38652
30418
-18332
52556
-29376
2932
-42190
-37786
13252
-32108
-61028
-15942
-50642
54770
22440
-30024
17672
50710
-17294
-14374
-4304
-31098
-52404
-37878
-7578
-11466
38192
19212
22106
-28166
11646
-19920
5794
-5652
54654
-37434
-41150
-39840
-17360
54830
3456
39798
36220
-42074
44318
10688
48912
29942
-53812
53594
56538
-24076
-1334
30292
30800
7716
31096
-7278
-57530
59840
48520
28984
33040
24200
51704
35482
33914
33454
-15736
23672
2310
-22430
6022
33366
-716
-35500
18490
-9598
46836
20784
52450
-5046
34710
44948
-39716
44330
-24940
-41354
9684
31074
57002
-51674
41204
-44462
-34818
-42548
18352
61188
-6242
-51948
56392
-44218
40990
-51284
12
-52904
20360
-47816
5444
-46924
-11550
11528
36386
34322
52650
54048
-45378
-47262
41332
-17016
48294
19958
-62490
-24542
-45244
-49880
-25524
-6056
45034
-61860
-26700
56068
-19548
-36900
8800
-52596
-8932
-27634
51936
17878
17684
25990
34154
-39422
-58746
-64498
-64204
-63638
-63322
25462
-50060
38874
30630
-38586
18132
25642
-44622
39998
32364
-37320
-56896
54532
-30998
25654
5982
11854
40620
25596
27860
-57356
-43850
26644
-46100
-27060
7496
-24990
50684
-52876
-37022
3480
-53584
23042
65026
-25802
9860
28536
-50594
55550
-10036
-17558
-18956
-19736
47762
-40172
19028
-8112
-10892
-23934
-15124
-22968
26476
22370
17718
-40486
-4140
-6470
56628
42676
-33810
42078
15996
-31478
43528
-59256
65488
-59610
34510
22246
-48622
-22736
34448
38268
-36690
24678
-43282
12344
-58
-872
-31116
-37164
29640
4294
42432
-48070
46510
34754
-42256
-51484
-12714
-6150
-39946
-25138
-42898
-12994
37812
35676
-10098
55540
23056
21206
-27102
-18640
49286
-36400
49264
34850
-31040
42212
-52720
10464
-57658
-54672
13146
-48698
25486
-9388
-36404
-50642
-52972
29120
-9762
-45304
17520
50062
-41600
59512
59206
-37426
20474
30412
22634
10126
26104
-2240
-30728
-43828
48494
-15056
4596
-56500
66832
-21912
2444
3326
50030
-38362
5148
-38246
52362
-50552
-5884
57426
42404
36898
17398
21794
-3078
-29768
28842
35980
33458
-52180
-18538
28252
-33660
-37884
-57838
-12234
41008
34758
47520
-26258
-25760
-32224
-15202
-22378
30390
-38176
34896
46934
50822
-19260
-1422
-47934
51308
-55636
9218
-20250
-9234
39744
-15688
-17656
35090
-33240
-18546
23650
-45392
50832
-45748
40580
45148
-34818
45260
47626
-2350
37800
-6858
-47824
14064
-162
67816
-67020
26388
34390
29292
-22066
42014
12056
21646
10760
1564
-2164
55412
15886
1866
-47238
6364
-9988
-39496
19068
53134
16092
9856
-51164
56544
-39150
50018
-8674
8180
28464
22672
11018
-38288
-41900
-11442
29318
-21928
-40692
34890
-26028
-3032
-25156
-50380
-17132
51020
-25118
28850
-12324
39872
60068
40610
24824
-40024
-12586
-45680
22028
-39104
30916
-36298
-37498
-21760
16470
27556
-2038
-45238
39816
-2360
28306
354
21078
-10072
18524
26396
-6690
5196
-42538
-22674
2098
5098
-42036
18212
-22882
15088
-54052
-12470
-28692
5650
-21640
-51296
18246
-43018
55276
-35228
-57526
-63932
-10168
-41858
32950
-35176
-53060
-27840
-7352
35194
-48436
-58512
43120
-21562
39170
21128
-23350
208
30440
-39526
-30348
-14150
31706
-25066
26758
10402
-58918
26046
58312
-39398
42250
-46066
-35894
49602
7374
48816
-45020
34510
-54836
-9122
88
-21476
-15250
-37302
-35082
-51294
55944
39934
42084
-67902
-37628
-43800
-45058
2262
57860
18868
46920
-38916
-5332
-35104
-22414
-19748
-44160
47610
-262
30648
45150
8990
-40428
50940
3142
29964
56926
33248
-29118
-10228
-50302
-60236
34934
49476
674
-48716
50204
-29558
8258
-35330
-9222
27874
13400
-33024
45290
-33936
54036
-55954
-7118
-12228
-10670
-30780
48170
-22118
-17480
-24010
-26206
-9674
1286
-8922
-3934
41466
20446
-30230
21986
-20102
40334
-2764
43540
-11212
29798
-47990
17034
2096
36728
-31636
-22280
-47290
-3248
49630
51842
-12132
20230
34386
-7406
-50878
-31564
-27806
-26418
35802
-2290
45252
-34638
-5794
28246
19594
1580
24740
32900
-18796
44830
-26770
53374
-47644
45340
12902
-28104
24046
61424
45918
23798
-25318
-18822
-8008
-47736
14356
-21958
35050
34064
-26834
-4776
-23240
35398
36438
-17810
-22402
49692
4088
-60150
-45220
57692
-40746
32228
-42980
-51522
47444
37574
36490
-23500
38106
-4264
45762
14586
-8770
34704
19836
9306
-48638
35254
-8256
382
1786
15910
17204
17734
-5750
24198
24102
-16290
24076
-27610
-41596
39222
-35042
-30286
22174
-18128
-7496
-24436
22722
7638
-50500
27968
37488
43690
19376
-10360
-3462
23192
-51924
11814
29098
-17368
16646
-12450
-25724
-41726
13124
22554
-32884
-25044
-14702
-48578
11006
48312
-49366
-39512
31422
-33716
16706
61634
-7458
51476
-34564
-17446
-39684
-47464
-1886
51358
-63732
35574
-44860
-58934
33166
15372
19614
-8416
-52672
9386
33802
20508
18542
-35672
33452
11992
8404
22902
-40366
15208
-34098
30474
52278
12128
13372
3196
20870
-22214
29262
51706
-9108
40842
3654
-17092
-15444
-3454
-16114
18994
-51032
-2362
-17262
39544
30570
17068
-43238
-10262
-29990
-38602
20098
-19458
1172
-46484
39604
-7244
-12832
21468
-41460
19820
-10994
35736
3940
-33168
1772
-21994
-38926
-44690
-56312
17398
-1180
13174
7232
42272
-15660
29796
-37660
46698
-10920
38842
35866
-6366
-9824
-47290
40380
-51420
33952
55000
27820
28188
-38456
-4714
17622
12092
-22534
6694
-36350
1534
10748
-51478
35444
-43746
37300
33216
24260
-7966
-26250
-34350
-27834
4922
17628
-1954
-16044
32310
-17442
-24432
54132
-26686
9750
22424
-53230
37484
-43350
-52662
-1882
-10912
6226
-23268
-36222
21412
-12714
39924
-54676
-31622
-32132
45928
-16810
-49896
19090
-62750
-15938
25786
46830
50990
-56134
63102
7162
13428
51810
-53364
50594
8070
4134
-3636
13664
45534
-18790
-43660
64546
41354
32494
36196
32682
-26282
28448
-43184
31514
-31310
48278
-51312
44036
-63328
55116
3812
28976
8794
-56022
-24736
-17074
-10042
-25684
5304
-38414
-11254
-47608
48134
20160
-50034
-6992
43910
28016
-51230
50336
29082
-47038
3712
-33564
27378
27382
-57744
45376
47408
-35320
36272
-43024
-43236
41528
-20376
36774
-31466
1938
-30852
44136
-45844
-53066
-49558
-25616
-20248
-15610
3076
-26110
55714
51476
-42168
6092
-32284
-19304
4566
-568
4470
-21128
-4564
11046
-52402
26978
-4200
21248
27106
47570
-34922
43918
-33304
31386
17762
-29224
-33036
-27892
27076
-29338
-46156
-12638
29796
43666
-29296
-23344
-20198
5718
43850
44318
37104
-7660
53412
48882
-23324
29176
-43470
-28756
11988
28434
-3278
-26736
-18942
15996
33898
2816
34006
17642
26542
16318
-134
17840
-20470
-35224
26204
-49818
49298
-35186
8096
6378
21726
20262
-40002
-28202
20364
18546
-31906
-29470
-18426
-45676
42196
-1310
20904
38756
-44638
23282
-7432
-20004
34834
-28616
-20476
55142
-19554
26874
-32238
14498
-15460
-23804
-28172
-42544
-21432
-48634
-16250
-5616
42756
-23492
-31924
32290
-15622
45210
52054
-45360
-9544
-12062
37018
32278
-30570
-47032
46714
4330
42768
5928
17484
-1410
-16648
-23192
-26132
-7098
-17206
-31296
33192
22398
7470
33316
-18824
37524
-27936
-1284
-1206
19546
-46362
34068
-37930
-62602
71204
46506
-58684
34034
-32304
23730
10966
-45618
114
-676
272
-18800
-25892
47236
-6086
44146
10066
45852
20486
7538
-41752
24694
24758
-17494
6744
26984
19872
44978
-31234
8036
-48854
-16538
-37150
-46454
10134
5534
-41972
37234
-7536
-35566
39250
-7066
28852
-38528
-32502
52250
-50120
50942
-32138
51624
-33898
25904
-46086
-56700
-42978
-55020
33480
-6068
26990
18088
-34714
-38636
31410
19336
30464
24710
46838
-27158
-39802
46228
-26546
-47712
49406
48826
8502
-26758
-45246
176
37660
37016
2752
24054
-53334
33632
44002
-1670
-45308
6854
-1538
-44338
47206
-10930
44556
-29300
58506
62308
-49012
16970
6936
-40842
31524
68896
67880
-49654
-55348
54590
-34444
39136
-38810
28988
-7882
-55836
9486
68002
-19436
36638
-29352
20412
-29104
-29154
29840
-37834
40098
-5872
-29574
-12102
9910
6932
-28058
35464
-41590
17526
9848
15156
-51718
-30694
22356
3254
64822
-808
-23858
20844
-57258
55112
10174
-12770
29180
-2814
54682
15112
7370
19782
-2098
-27974
3048
-11476
-26434
-6830
22466
34236
25626
3254
-37200
-42710
27478
21402
24664
-25310
10138
6642
2094
3016
30834
11864
-14662
52878
-29614
30068
-18920
-17002
-38860
33566
-9506
-7962
33270
44458
52982
47874
-54784
-52086
35530
-46958
-24380
17882
9734
-18568
50946
-17926
23020
-15594
39478
23810
27802
-22030
-31634
-37382
35852
10696
-53554
-252
22078
14274
-54142
-70348
41612
-44124
-52330
-69914
-66724
-29772
19526
57598
54290
-52266
-49000
-33894
15546
-62862
56736
-36946
36670
-55026
23848
-38676
28770
30298
2974
-33582
13020
40330
-44580
-59368
-60338
-31940
6058
24618
-27692
-7686
-30670
-9642
2298
-23660
-9668
-8326
41742
52524
34296
-43432
-29178
48938
11750
-68198
-33252
-44590
-48304
10780
15190
15982
-40440
-22812
-49252
56432
57098
-11574
-29274
-24142
-29248
-54436
46712
-43644
26960
5720
-44586
33886
25964
11730
-24352
32682
35674
-12140
-10852
-54952
50394
20124
-33616
8870
55332
43002
-39722
14286
-18196
25502
-4088
-30340
19736
-45832
28482
20594
40622
-52484
56080
-58182
58286
-18730
-50576
-43602
-34534
52540
25266
-38016
36368
-37714
26938
-43202
53642
-15708
-40886
-240
32354
-41908
-34504
34238
-44794
-11728
36586
730
33174
33258
-38136
-3468
3266
-8368
-672
35396
12072
-10856
18380
-9338
-24878
64666
-63108
-62852
63844
-60232
58426
6502
29728
15506
-59590
-28744
-12634
23018
6520
50508
15842
-6962
18598
-5452
-32858
31390
416
3982
-4768
27360
-21040
-17828
57374
-33342
-28266
39222
-40630
-43064
-30474
43500
-58004
-42840
17144
18142
-24650
39618
-26432
-36040
41976
-55058
28206
-42602
-38652
52152
-26276
36618
42032
-42886
47442
10364
-50146
50780
-41506
37732
-45412
53190
-46402
21158
-8582
-21208
14928
46802
48430
-20158
35490
10756
21710
-49578
58024
37222
16316
47140
21134
42718
8360
-8372
926
3852
38948
37400
-41952
20692
56980
-52772
39628
-31866
11260
31146
71446
47102
10716
-50958
35054
-43270
32932
-40638
-42576
19406
-34970
41672
-54044
28186
-43500
60664
-35784
36694
20936
-14484
-8110
11258
-9658
-67164
41350
11630
30876
-25634
38790
57902
-1814
-27136
22504
-5936
29148
-15756
31582
-12842
24148
26890
40304
19066
-39632
-490
13148
36690
564
42692
51458
-33600
34242
-12460
15120
-24566
51334
57404
-37674
-36664
-6356
46188
-1572
-52486
30968
-33888
-22870
-35280
34956
-39598
-38512
-23126
13382
7430
50306
9046
-2586
25982
49158
41786
42460
-28182
-11412
54310
15458
-60226
5310
-63868
-11788
-7104
16238
8174
18562
-8920
-57234
-50948
-18266
-13058
-13090
-36698
43572
-36934
42952
6706
33930
18922
26956
-39378
24788
-59078
39682
-57070
42418
-43844
-38724
-6336
-25102
8678
-11354
62330
-47884
38048
44688
-49148
-39776
-42798
24634
-30560
-17140
41316
24758
-25064
67844
-60454
48846
37562
-12772
6058
33250
-39892
-27384
28144
-30954
16446
-34400
59620
-44854
-13238
-29168
54860
30692
22480
-55630
48642
58070
58804
-52596
-21244
46090
6400
-43370
-14772
-10700
-33944
42698
10262
-28410
-17484
21512
3268
18788
-2374
26250
-14788
-29230
-41162
-46566
55064
-37634
-38436
54378
-5102
-35688
61234
47268
26232
25480
44636
7202
-50046
25092
17580
57712
3734
55418
-53476
48130
-64880
-54836
-21010
48800
-59818
34112
-16410
16488
-40912
-37536
-41080
-26368
25212
34532
5768
20524
38198
-32184
29168
-17136
12648
-48840
13978
16168
2602
-6254
-35706
53478
32754
-38130
-21648
-60342
11480
48346
-29234
-42814
-45118
39934
13462
11322
-31220
-40428
-5400
47044
-23128
9158
6936
35860
46600
-37920
-2738
-16824
-15982
-31592
-37856
57084
35986
49008
28314
-44028
-29034
-29860
-61476
46672
-22430
-15418
-10340
17730
53620
51978
-56838
61432
-50502
51550
-18930
-47450
-1024
-27830
1524
45706
-61654
45204
-26188
-41940
49402
-43986
-8628
338
-52190
1310
-31542
24232
-17756
-34400
-43912
41280
-17162
-29578
-32386
50440
-28578
-49034
41834
-37536
28584
7990
-39236
2406
3296
6892
4448
13350
-15668
-13496
-14994
1190
-52602
-12070
48704
-27668
18554
25224
7240
26804
-45478
59726
-35418
26402
-62754
-51032
-22886
40780
17548
-28294
-10672
52590
-58100
-48926
38736
43410
-13384
-3648
14758
23674
13412
45350
47662
-39278
50958
-7388
-15526
40666
2110
-30040
26114
48106
24222
23460
-16732
4178
-3820
-7690
-34942
-42248
6958
20604
34478
20656
-6754
-32666
11190
-46158
-14918
21732
17734
-48224
-35848
2236
35584
-16666
10056
-1060
52514
-40292
45434
32192
-25616
33882
25184
-41932
13940
-5336
-61504
31832
-43416
41222
-43718
-21474
-2658
40866
-29600
-26706
-23902
50432
-12638
26368
-53386
14716
-54944
-18910
-1342
-12840
16468
45120
-17738
18036
-13066
-6900
34682
-56148
-48826
-28558
45188
27942
20782
31070
-7714
-38398
44798
34830
-48288
53460
3944
-56862
-60372
62464
-45458
24718
8516
-18254
-11352
-17166
21306
48280
29646
-55322
27936
-27138
-39962
-22912
57360
29140
19830
28080
10902
-13986
33244
66778
-28152
-26796
21900
24298
5888
346
-23362
25146
-49668
-40900
58374
-35658
50520
-57964
-23934
-24340
32926
-692
38570
-40868
68904
64402
44414
-42402
-21104
-55374
-61044
-46458
-59028
-43364
-28768
42790
-17652
-48652
-57672
46918
-62910
39154
23302
-18442
-33994
-33988
-57124
1314
19896
-43134
-10270
31490
-25788
-45502
54212
47510
-38640
31970
-37038
48072
-26928
27272
11642
27828
31486
-28610
29134
-39092
34900
-15436
-23492
21980
-19150
-3026
-27722
-21998
47602
-47974
-40488
-27080
43014
47252
-39586
57916
-8408
47764
-52862
30224
-9030
60366
-42052
-17026
-11476
-63382
-14372
38282
25794
-2620
33570
-1170
61588
30650
-42906
12784
21376
-9454
21562
-4120
-37850
22810
-26392
-56624
-20342
65742
-44784
-26826
34222
-20928
-56850
16944
17332
38028
11360
21450
29180
-39044
-12636
37886
-13262
34832
22666
-19286
24282
51106
-63432
-2662
32178
33200
-5554
-36534
55588
52130
-6528
-33002
-26376
-46240
50468
24388
10494
41642
-15616
-57302
-40234
-37814
-6920
-18600
-30534
60468
58520
-57156
23584
-29758
48346
35094
-30540
46998
36444
12652
-31156
-27896
-4252
56416
55146
4430
39380
-64894
63120
-31964
-29434
35510
29850
-3658
-54600
-22550
-34464
14848
-42964
36254
-42204
30960
-66410
-31782
-20238
-21878
-24880
-8852
-49708
-27884
20754
-13788
17482
26628
13860
6374
47430
7360
7364
-8608
-38912
-22642
21146
44598
35930
-41588
-11076
-13480
48336
21474
-52820
-37144
67260
-53344
26752
-44978
-39526
41870
-58688
47040
-576
-9472
52018
-57238
-64048
8584
32780
-8976
-39390
-20380
21334
7950
-30762
23408
32126
-29476
49416
-37538
22356
10744
-47620
-18000
59510
-27938
-17198
-2576
43788
-8060
-28720
-38234
44766
-38908
42760
-52724
42464
-33376
26498
-37554
-33246
-33036
51492
-7288
25782
-18394
16294
-37222
-9118
-34440
11272
14560
25936
-10670
9122
8880
38094
27018
-25400
-10710
20992
52066
-30490
-28666
16006
-33220
-46756
-1090
32934
40760
-44796
-21756
-5440
33562
25994
-44036
-9882
-45100
14402
-54704
-11308
-35538
19408
15892
61304
-45762
-29312
-33776
-12082
-13432
35640
45344
4330
60216
17220
-49880
45844
-18102
14172
-50570
56746
-26972
9438
-21612
-12114
-3322
-9792
32984
24084
-41926
-34542
19918
14732
-54254
30738
-55934
-58956
27032
-25608
38246
-53112
39280
-25268
180
26112
-6360
-19070
20716
-20042
-23140
-18960
23106
12240
-33100
22518
-17152
31446
39444
-5638
-846
-28772
-28886
57602
-1944
56942
9818
-46146
41610
-40900
23652
40810
13070
42542
12516
46724
13736
-2496
-55158
39966
4076
7400
-45852
43562
10870
6068
-27744
-27006
-8482
-33394
16014
-46106
-2966
-9768
46490
368
-11720
28910
12864
-17538
-26436
-16706
38990
-21888
42628
-8060
-14618
53010
20652
22770
-44268
10078
-13588
19176
-31980
5338
-1596
-9626
39588
8260
-40910
44822
26570
-58226
-45916
34760
-24640
-51896
41468
18122
30056
22142
-42892
36956
-42266
-12240
17300
-9498
23058
5204
-33744
53550
-39084
41148
28280
18636
12742
-24484
-23090
-11734
8324
13602
-43450
-20036
-6468
-11646
-35066
54934
-27654
23928
25724
37102
22910
-8592
15974
16390
24056
-22852
11138
-28946
-55348
-47158
-25958
46380
-53144
4948
55290
-57956
-52662
52028
64922
-26182
-23876
45872
-31732
-13442
9438
-12994
-45880
6610
-29298
11176
-32692
32960
-19504
-47216
47758
-44418
47634
40362
40050
-14200
11738
-4438
37042
-18150
24358
1210
-45682
-18292
552
-20612
14798
-39486
-10160
-21708
-6
5548
33380
2490
-10214
31518
-23114
-20732
3702
-13080
-25736
2234
24232
-49484
47846
146
-47910
-16464
35534
-33380
-29304
28766
-49046
64308
-33412
36392
24598
-41022
12270
6806
41524
-50786
2052
1762
-23462
-32682
-38824
20866
-49820
42516
-40314
-21654
-20030
28306
-48270
-4962
-36910
-36918
-28204
-26688
-34592
55542
-46786
15718
38792
-38128
-37390
-64762
-74558
-49326
-55132
-28952
-9768
-64634
58940
-14982
-63220
-34510
-51810
20948
42454
-54130
-32556
48060
44094
-27792
42396
-65456
-500
-28456
54082
10732
-1484
-23106
39028
20186
19872
-53736
56920
-19800
-53092
4926
-24462
-3564
35452
18822
30832
16404
59694
23558
38570
9568
-30568
-34288
-8530
36896
30380
-6182
-26224
-26646
-26226
-19058
-18790
-6868
-43864
29896
-45264
20020
-46654
25810
-29608
24702
-23458
-5932
56094
-24942
464
-32770
12936
-11126
41102
-7800
16988
14356
-20712
46084
-12044
60826
67928
54426
-40964
20800
-21544
27840
-35038
-48696
-43264
31208
39652
-22640
-16250
-8862
-41408
19186
-12286
-10518
-14928
-6868
50588
48032
-5066
15934
53320
-31658
7780
-20428
56820
62992
60652
-21774
11908
36590
34202
-52788
-21302
-33376
65772
69078
59910
50242
-42430
-54704
58736
-46200
13570
58634
-34276
4996
17792
-51984
59432
-38252
-18246
-49428
-34142
-33662
-14934
-19564
48564
34066
43892
-37978
40012
37364
-30474
-16858
48162
31384
-31628
-8940
11524
64864
-21456
48046
37114
15606
13760
24600
31012
-43442
16190
-61320
-21624
-43744
-15606
-24562
25988
-29836
-24932
-38918
-5580
-30154
-41620
47784
-44264
52586
38772
-19094
-53488
-38168
58098
-41364
1030
-5866
-28100
-22690
-13676
20088
21842
-454
33774
37474
4878
5848
-50752
-4728
56478
11520
4018
-39384
-290
-38490
-40872
-28092
9096
-47106
-3740
38246
56
45854
-52256
43432
53918
-18852
36010
8328
-4606
-34272
-27798
-512
-34386
-3234
-31816
-43098
-4302
27508
42000
-4806
46158
53216
30882
-11388
-51108
33466
-40176
-43444
-18106
-38950
-17316
-10732
9400
16774
-61288
-66632
47148
-29176
10134
33678
48358
-52472
-24302
11920
25934
45424
-34652
-50948
27302
22412
-3092
-8528
-43846
-54476
61020
-48538
13156
-10870
18692
-32888
-25242
35402
-26460
53426
62062
44670
-18938
30246
-50046
-25090
-47106
29316
-45874
47556
-46756
-56460
-44908
34340
-14602
70466
68608
524
-15298
-7850
-4730
-48426
-44774
-1506
-20626
-47874
43650
-22840
28664
-15608
-45410
9718
44370
-24634
43180
-65472
-1828
27634
-18234
-20636
15130
26732
26192
55556
3414
29534
28526
14152
3746
18306
-9704
-41258
37134
43712
35132
-41458
37180
35902
-6268
43536
-37386
-28272
29378
-27440
25192
-44928
-56730
57634
19994
-46812
35806
23140
5630
2848
-29830
-48476
-19584
25578
-21144
50452
15142
-53890
61086
-19098
42276
-47606
16214
-36884
-48436
12696
52958
-38562
51242
-66674
42968
-36534
49322
5074
-16530
35562
-36692
24428
-38864
60336
-49216
60658
-46782
53066
-15722
-1944
-28774
-18586
-21896
40328
-57286
51718
45152
38690
66974
-31868
24326
16686
-9324
16424
11840
-41766
-40244
1334
5046
-27192
39290
43818
33290
47838
46882
39378
3286
31636
-3646
-49368
25950
-57376
53640
65292
-51984
3844
-37788
15452
11310
-12388
6630
40722
-54188
33012
-42130
26710
-56274
61900
46094
16694
9950
12794
33380
-8820
-11388
-12236
41300
21190
-28486
37612
-28168
-22126
41146
-61816
47100
50098
-13442
-37784
-60686
43650
-12178
-43450
32000
924
5686
-52390
45748
-40252
32424
21720
-9788
44654
40664
-3252
-4134
-53094
-13874
-33918
548
15628
47398
-61702
19002
38652
39194
-47040
-33514
-37132
-1182
27356
21992
-42748
-43638
-53358
-42428
49252
-42958
43242
-62326
62378
-57478
36770
-8334
42086
-56570
-6980
26764
42878
16188
50212
7260
-7990
45572
-31362
-19854
-14036
43704
46224
10288
32432
46702
-1354
-6640
-31610
-20940
-15564
28734
-39150
-34412
19350
33116
-27302
26692
5142
-66080
21398
-23272
-44280
-52398
48330
-38316
45170
-64198
47698
-31966
-59958
45998
23334
48266
32990
34156
-53874
-702
-55920
-11672
-44624
-19382
41982
-36660
-4324
-18502
-40876
-46530
-7082
-11258
3160
-45154
-21852
-28336
55684
52338
-47442
48660
-2202
29006
-42384
-38532
-31934
-29632
-17356
16824
-4874
656
45970
-31092
-61758
50956
-62844
-60816
18338
8676
24096
12310
-4260
-29120
-56296
-56658
24872
-6860
-24728
-39576
3480
-46202
-14072
49676
-12458
-68452
-59500
45664
17052
57834
21022
-57818
-51444
9050
-32150
-36874
42842
-7900
-42832
55192
-46442
63950
-32470
42452
-49814
52898
-47674
57282
-22802
8794
-7710
-7554
-9282
-45498
15068
15090
29366
-25300
-33254
20186
33726
-12716
-57978
-8256
1074
-5258
-8026
-29720
14218
39836
-13912
-11566
-5098
-18238
-29588
58658
56488
41552
-47182
-47290
-29410
-35154
18712
27652
9396
-35468
-53620
-41170
15046
51682
-40182
-2414
13306
-12624
51302
11176
-43096
-39260
39002
-61308
68430
35190
-31114
35998
59308
-44930
-16710
-27980
54584
16530
-45306
36780
-18972
-23784
-26386
-26180
65488
-45392
3504
10806
29992
-55470
1468
-33576
-51658
25416
3758
8164
23702
-46424
-26460
52328
-50506
6810
30806
-41018
39404
4448
-43872
-52742
26166
10558
6924
-26934
-12324
-33292
-30740
50526
-48358
-22532
-50442
-8476
44264
-40024
45594
-13558
-34120
53310
-44476
-27924
34236
854
-17676
-50162
52230
-20104
-20724
-4544
-55884
23460
3658
3732
10098
29554
38622
824
-12762
-11894
-9456
-23802
-34564
56502
42608
57570
-43674
39972
-7576
16732
48216
38356
-23042
41978
-20310
61052
-55460
40120
-61976
-21000
36318
-61354
-11716
-1660
-41388
-21546
35268
28960
51220
-1082
-5666
966
-34100
7372
-46104
-32722
-16256
2418
-37708
28344
11308
-12150
8492
-7402
-25734
44364
-4546
34392
-46494
9034
286
-25220
-11282
20720
39026
-12742
10712
-31598
55816
25170
-36770
32166
56336
37714
40202
27364
-24778
14870
42264
-15138
-37118
39518
-39736
19314
13710
44474
56928
-31642
-7598
-29426
20474
4212
-18234
18822
11724
-27554
-10062
-26574
-57934
33044
16646
8672
24322
-48476
38366
-5022
-37632
-34404
-29550
45570
-40616
53042
24764
31502
-40054
47730
-27710
-7492
-34048
12806
-47154
36152
25256
-50874
47982
-36494
8522
-13164
35932
-36240
52312
-51002
55604
-61556
-29908
55468
-21776
-40170
47572
-12770
-49518
-52748
53334
24418
32636
48404
-7302
30120
-8668
-29868
-39452
26632
38070
43260
-13674
59860
-30706
18336
-28562
-10794
59156
-23638
-1358
19306
-812
50194
28152
-9228
66582
23222
-34468
31222
14112
-43690
-19220
29554
-59600
-62494
31662
38532
-64682
14668
-5246
24626
39616
-42094
3042
-40210
33566
40002
-63404
-50764
-66280
-47788
-49020
426
-6060
28742
-7622
-41978
38042
-55616
26722
46256
38376
-37504
38770
-42656
43524
-28520
-39196
16548
27840
-23792
2324
28068
-41454
-39166
-33258
34860
-52906
-61814
28838
-11368
53574
28218
5594
28246
48694
-38552
6088
10882
-25726
16676
-42678
-21252
-50516
-17350
-13690
57894
-1502
52042
22504
9842
-17030
48084
-49818
51146
-52072
31130
42150
56548
27454
50818
-21534
30908
9302
16626
30400
38086
5058
3812
31342
6138
20402
-62820
37594
-7444
51474
-40944
-26714
45570
44328
-36218
14126
12564
50102
54484
-55166
50648
-53000
50272
-38852
-35010
-45318
-46322
49656
11686
-4980
-55284
38532
-33422
-20662
-16646
7582
-48236
-40194
22500
54678
28842
50518
46914
-11520
43528
-33370
-38606
-44816
50046
-49480
-36668
29860
9004
49990
34766
8448
6220
-9766
27132
-15412
49910
31086
62306
62470
15236
-35784
-44396
-13542
-55696
-9016
51938
56914
-28170
-50410
26450
40966
44150
26918
50942
44892
29520
40952
41214
22706
13130
49582
38578
63744
-20702
2112
-4172
-12960
-54364
-30552
46326
-27662
45706
-38442
21168
6684
-3036
-130
46546
61274
-2834
22782
-29552
12654
18512
14012
-48668
-60884
26124
-21890
33958
-51128
-27752
-14258
-18042
-37496
42210
-19964
-7146
44360
-32128
-30186
13384
44900
-43062
14776
37242
-31460
-40994
-45352
37696
-17544
55322
-51200
40234
-51554
41156
57112
25916
28074
-51464
38520
-24574
22246
-41772
-10610
-18056
55292
47380
54624
-47878
-32566
-11586
48756
-37954
20322
-24986
18204
-43982
-9238
-4900
43370
-38952
29960
-16888
-15280
37578
-39330
9004
51798
1938
47504
-40848
-20692
39808
24106
-43166
56982
28770
-47074
-37340
52902
44864
-16986
-36030
2588
-49298
43438
-57244
11166
-35974
-50984
-54388
-11184
-2866
6354
-20032
-57796
-52022
-18770
46652
-47986
-1318
44994
-786
25806
26158
46022
-24662
20856
-18668
47860
-28266
-30062
33942
69380
52162
-38346
-55506
-35286
-38382
-26448
-37504
-23792
-25814
18620
25116
12332
-47478
-46806
36810
-5754
2464
-48266
35582
-44958
27016
40678
-21878
12428
-52182
9324
9318
-40428
-5994
15298
39368
-5170
33512
-37926
-36892
-24244
24474
35638
56296
-50172
-33436
-32484
-60232
33826
47002
21482
-17738
23958
-1952
-12360
-23518
57276
51186
-22306
30334
-61830
52912
-30962
-3206
-26518
-31632
-57404
11626
-60892
51104
-44944
42714
-15302
6244
51626
-59984
-63908
57786
23962
-17012
-38180
44224
-26660
-23848
-33192
-23912
21560
38214
-10080
-18136
-39814
-38182
-26868
-30156
-6354
21736
20656
11210
24154
42372
33306
-49738
26900
28270
17466
41198
-25234
-39320
35704
8400
35638
-14158
-35678
-46368
-4780
1716
56008
66750
-69768
65574
14924
-54504
1476
23412
18556
47600
-6632
-22504
-5964
-39306
-43546
11870
24456
-22578
-48698
19324
-7492
42430
-4670
5516
7778
37492
34204
4872
35206
-42766
56728
48280
-56240
51210
-62058
-28002
-4868
-55524
-29408
-45194
45164
-28702
27264
18700
2048
-10278
-6522
25960
-5896
27852
-18780
42150
-56282
45256
-4170
-20106
-5350
19188
9748
-35438
-46068
33320
-25286
-17964
-43178
34682
22226
-29838
-45596
2018
24394
36956
2964
-22660
804
1912
-872
26258
45964
-50388
-11106
20446
-11872
-36556
-34324
-33996
11050
32586
-30268
33164
33180
-11442
-32362
56516
-51932
54048
47512
41652
24030
12598
-16468
16318
39656
-36276
-29626
-42102
-45998
33566
-23056
-37506
-29576
-24474
14908
-7414
29190
25270
13090
-14336
48364
16514
-52038
21752
-53656
29580
-24014
45788
-18302
22240
29036
41658
942
-44602
-23204
-5728
10410
29322
-43102
14720
45600
-38390
-32346
32936
25174
-9298
-1470
21612
-50482
-38336
41298
-50054
28892
15252
-6042
-6474
-3394
28244
41536
27572
12122
6604
-38548
-20216
17164
47610
-17688
39570
29990
-24684
-19556
34444
35366
-12318
8332
-43034
4238
1862
5964
33270
26126
-30800
37288
1260
6270
17018
-39564
57614
-29244
16440
22986
-42636
19084
-726
23180
-29904
8416
-8624
4650
-20468
44388
-20262
-28242
-48780
25320
-23616
-22086
-14724
3722
15596
-51372
36580
26454
4224
26714
-53564
-36556
-2528
-31870
-17258
-23020
-29130
-34086
40202
31440
-20566
45966
-38416
-58532
22856
-31210
-32052
60288
-58080
53884
-61848
41372
-2292
56674
52322
-16730
-40646
51610
8940
-44670
-35642
18424
-54076
46800
-59720
-30870
31628
-52414
33138
-41734
9710
33306
22592
47822
6328
35682
29920
-23890
-2908
9474
33470
-50850
-11256
-1468
21576
43770
-10536
-54052
-36508
-1140
-30270
-47182
55262
-34034
12888
4520
26182
-1482
-37288
30826
-27006
-3982
52660
-4884
35604
-13916
27434
34148
33074
-8468
14736
-12922
-47050
-42670
46450
7708
47584
-43238
-22042
-26862
-26320
-46258
23108
-48034
-13486
40000
-34432
-13406
-12226
-30512
-42908
-5310
62806
70462
21144
8582
-392
14596
-58622
36456
-33668
-52112
21226
-52766
51122
66472
19872
-20916
14648
-37030
7536
21142
40422
-65204
17614
-29680
46704
-7460
31850
-51274
44704
-61214
-63066
8842
38780
66768
-66292
33004
-43510
49204
-39450
59406
30200
32670
-38882
54462
-48530
27056
-36936
5200
1742
-2094
-31688
-51804
-25344
-48914
-5218
1416
56286
56682
54220
49634
5606
-38964
30172
-41562
-4980
13654
21546
44396
35510
-44020
-11564
-36084
-10658
-48930
15404
30762
46760
59962
-7564
-14374
-43076
25514
2894
-41908
-36378
42334
-402
-6600
40732
60814
33070
-7198
47368
-15026
-32256
26000
-28072
62530
29812
64872
-35376
64838
-42544
18308
-11354
55828
40174
-55224
-70526
-55160
32922
23658
-45722
17208
2432
31378
-59678
-29014
-52400
-7480
7026
44844
21456
-48282
5568
-39300
46836
43870
26268
15916
-56976
-27740
-25832
60236
17882
12406
61644
40594
-23260
43466
-53902
33324
41124
-39216
61548
-59976
-60890
-43346
53136
24206
2254
-9756
33642
37884
-51382
37386
-46640
-24212
16046
-24844
-10874
-1546
-43260
59550
-45724
57026
-31572
46374
-32276
50364
-59678
56230
-37578
30424
22782
-53392
-33734
-21442
-50832
-22556
-20644
42964
40044
-41778
43464
15582
37716
-14560
50112
18354
31002
-51272
33590
67892
-57462
30776
33454
46654
44934
-27218
-21714
-27434
4294
37706
35744
-39194
49098
33302
-42510
47160
68032
5840
-15740
31598
24342
-17430
-45716
25704
9738
34498
50770
-6658
42784
-33794
-10720
24464
-46686
-21534
24352
-30956
4500
-37132
18136
32512
26126
-44114
27422
62616
51866
12410
-24990
-51740
-29114
-27932
6230
-3274
-12974
14068
24650
10850
31732
-45122
-42768
24148
11874
50868
-47074
-13570
-2534
-6168
34114
13278
-16
-49542
42070
-45088
-44576
6704
2806
30878
-71978
60894
-26486
-57130
36966
3070
5194
28854
22622
1540
-8598
15550
26222
-51172
-40732
-40788
-25460
-60892
57018
57772
21540
37212
47516
-13638
18898
-40504
-11910
-18016
-19770
-22864
-36666
49634
-19282
10696
-38792
13180
12844
40126
-38570
56806
-47896
-4476
19950
-32502
-30282
-7798
-64482
55712
37520
4434
41358
30146
16042
-7628
35678
23940
-24844
-36088
38396
45710
-14706
33676
29114
-27766
-58670
16702
23248
-46598
-26360
36616
-40162
-13410
-26304
-25070
-26276
-32280
-44334
-45586
-11506
10798
1344
-46606
11654
33298
33074
-7236
674
-11512
12970
6014
44382
-4070
8554
35912
3214
8304
7426
-47688
-60236
30812
20194
57814
20938
9126
-1582
-33382
-40906
34654
31916
-25116
41994
-30342
-46596
-11728
274
57784
26626
14720
-46354
62488
-51938
-32116
-40744
20874
19032
-45026
-7464
46974
-2782
-9558
-37000
-5460
-28906
-38908
5042
28716
15562
24240
55576
15620
-44216
45918
-34008
-24028
-52252
-26902
-55834
33654
19598
-38934
-20576
14684
52410
-37630
-24592
63722
66252
65600
-16542
-13302
-28686
-7264
34974
-20484
32050
46332
-26102
-31858
-9390
-19356
6746
50440
-47924
-12756
34342
-27816
41332
-43030
-43226
8626
-4110
31254
34392
36594
-50248
22664
-51350
-3124
43134
55290
-44066
43748
-43790
18950
26958
-18652
25590
-53128
-70154
54318
-44728
44404
-25270
-19658
-18798
-37758
-2036
25884
23678
34228
-15840
-27780
-43260
21824
-6188
-35984
-31526
-54542
-45350
20894
54438
-40036
50516
-14240
59620
-42584
44786
28118
-51794
-50732
33076
16704
-46816
-26474
-19002
-7820
36890
41674
34770
-57390
-36102
-5412
-16414
38238
-49786
28284
-50140
43136
-64760
-26468
-48064
1948
-36802
36952
-21110
-25488
4180
-24224
47540
-57888
37208
-21764
26566
-35288
-17240
-35712
7492
-21774
29046
53988
58336
-35690
-21848
-14450
-23278
-43646
42762
14812
37642
-21478
-14864
24094
30584
43028
35270
-37870
-21560
-34224
2770
-41490
54670
-22406
-23244
56334
48276
49258
-23858
-3564
38598
19810
-13030
60390
-42544
-49380
47708
-46214
64534
-50818
34746
-18296
38102
-5436
-40950
45760
-45420
52860
33976
-42800
-46086
-42210
-1456
-17982
1204
37822
-29118
-47882
59926
-20938
9592
10796
46138
25812
63870
27588
-29624
-4000
-25364
28822
6210
-43224
-18980
4510
43964
33888
-20084
-17726
-16828
51306
-42860
-32490
-13104
-3204
-33712
-16278
39344
-29308
-31906
57304
39294
52920
-40744
-12096
-39352
50776
-51258
16366
5192
34086
-50946
-43854
-24390
31690
23480
24732
-27042
-51990
-44326
23180
-19678
32434
-58910
-20780
35198
-42932
21262
-28570
20402
47286
-58210
-18706
25288
-47828
43734
11450
-35216
-44012
-50036
22200
5002
59950
-50872
-54158
-56168
35290
-41092
-38250
-14906
24970
-14890
-26416
-55798
-34290
52496
-2316
39646
13220
31952
44404
-22128
2562
38740
32002
-56678
46016
-5192
-10524
35472
-22178
27370
27892
-11764
41846
-48194
58602
-62222
45912
-15414
33510
6758
7716
-38338
15334
-11806
-50916
42342
42228
7620
-13200
-20902
61208
29978
-32646
-39168
49560
-56128
13004
26200
35348
-19568
-20810
19570
32212
7412
-62
-53446
22730
-2616
50128
-43242
-35360
19614
-35206
-27012
-46882
47238
31402
11680
3876
-23348
56040
-26838
47398
45546
22288
-21278
49276
-26134
34438
-42264
63798
-25326
19658
31192
52606
31250
-34030
-30144
-40634
21300
15772
-38466
31074
-1944
-33432
14358
170
37294
-26526
-29168
-41962
59814
57538
24058
-57592
60440
-49750
56016
-15414
-9300
-23558
30158
8488
-29072
14068
34182
-45868
43366
60442
-51388
33996
-20404
-41228
5462
-22416
-43714
25868
45604
32484
-21396
38606
33890
25826
33770
-43424
44846
46598
45308
30518
39690
-20520
17474
-32130
57854
9050
-3988
34670
20778
-14148
-53172
31614
-1562
40202
-45640
27778
51708
45370
-36496
65030
60386
-47972
13430
42484
-17262
8874
57528
-42960
-13638
15374
30820
42406
11336
-33154
-51696
30974
43658
51904
-24062
-41654
-58200
54438
-37842
36480
-1782
-11136
-32518
-42050
-29668
-33980
46070
-26710
-37528
52116
-39872
16516
-15510
-37014
5602
-22512
-8292
27482
19276
15740
60966
-46416
30316
-48858
-9614
49680
17780
3314
46718
48784
21366
5064
43588
-27122
-5394
30014
-33660
-55844
61708
-44372
12218
20618
37050
-2152
-40766
44484
13310
-19978
-35774
45460
-47570
33060
47146
50506
-49350
39122
-42932
-9232
-25236
-6094
49330
16124
57750
58700
2438
30262
41802
42850
-38426
-22962
45682
15296
-48090
46152
37068
10036
-44266
-32670
17658
29696
39810
-10152
-31660
-40080
-56858
47454
454
-11844
-35072
40442
36726
-16780
45368
-56216
51350
14094
-54742
53726
39968
49106
-54980
50654
-43444
37368
-9756
40068
27552
36286
-54378
23926
-24684
34746
-34532
35378
1298
24252
-58396
42526
42784
-27474
48480
-30014
42340
-60646
-14102
-50324
52698
17664
23726
27810
-34428
-27520
20196
30760
25504
42442
-33362
-30684
31824
45206
-46554
51368
-1368
-57918
-26160
51824
37826
1528
64260
-50570
61794
5386
40838
-34690
37090
-28048
-47284
14984
25586
-38332
-26264
-36808
27988
42008
-57046
40050
-32382
27452
33370
38786
-18012
31054
41792
27580
-4642
-32190
-55844
-19006
47424
29288
-37078
48694
-51656
61388
-36484
-29062
20010
-9454
-42032
-37196
71686
62880
37796
-47160
672
11712
548
-102
3420
-40258
24278
37806
-40134
-38234
-59056
16344
-23608
-23902
37284
-18946
38342
-23396
-45356
58740
-12882
-63094
24328
-39198
-58128
28748
-45944
34310
-30334
-50556
-17386
-12166
56184
10854
-3350
-57038
42692
34762
33974
-49616
-29860
37914
-23274
-38664
25652
-23640
42872
42866
-28226
-61420
-46838
-18718
15370
11428
-35656
-20698
50098
37586
-53150
12164
55636
-51234
-1768
15392
53038
-7740
-36618
10284
-7072
-24160
-39168
-15648
-14862
-39450
28436
35256
-21912
-35824
-1674
16926
-35872
43816
19704
-51058
48038
-31114
-20818
-22344
-47034
-6590
-41558
38358
-8332
15688
-62240
96
-66716
55872
-55554
-210
60372
-23054
51704
-38120
32090
-46032
-4160
50792
-26306
8690
-10772
44318
13330
-17170
38818
37276
-49086
4742
37874
-1226
-56938
39456
-55996
4394
-49876
-34028
-32934
4004
11680
1020
12012
-20240
42318
49540
1980
-49312
-13362
47224
-7680
-18402
24194
-51062
31422
-16014
-30466
-15482
-21162
51758
-29664
-38028
44306
-13522
32528
27348
-44400
-49146
-3958
40334
1596
-48716
-56310
-25704
-59574
54586
-37244
21950
-50078
21730
-31512
132
49282
13506
-46300
-41744
-20062
17466
-20188
-23964
-7022
20326
-19712
43976
-6788
338
36458
26094
32700
-28808
-33312
57210
-43280
-57712
-19820
40816
15782
37892
3410
-50070
-48134
-47380
51244
-27700
26528
-51064
-21712
37802
-38884
53662
11188
-57948
3574
-45378
-26304
12122
-24054
-26478
-27316
-2274
-5896
-50024
27408
54412
-10148
12446
-22540
7672
12486
31430
5600
32492
-32050
16252
2376
-23580
39684
-48118
-2600
-21312
18748
2156
21638
-34168
46942
-51932
-4374
20592
57158
-44246
27970
-11334
-41206
1896
-16266
-54018
-1224
2344
-55160
43974
-398
-23908
9896
-17176
11676
22066
-55402
-7190
25462
-36308
52994
-9406
-55094
40434
15246
36132
38524
-21330
-50754
38502
31060
-44410
28344
12686
22890
45290
-20076
16218
39780
27852
22602
-45240
-45248
240
-21984
-30332
29134
58552
37706
-250
-45510
-52006
5610
42854
33068
-44698
10666
-48230
-1240
-44676
52790
-40686
58430
-16652
44914
47966
-62630
27198
-31664
-45464
52628
33356
-8656
-31628
-50652
-28084
35572
55998
-34682
8940
23802
-47534
44804
41208
-12736
-38454
-29260
-33246
-24554
55018
13936
34460
2730
24592
-12714
-67902
-2610
45868
-7156
49324
-15574
59392
-24310
5338
38116
43120
-29582
-35028
-35524
-24612
-15330
-30294
-52426
45556
25160
14154
36934
-11040
44812
23214
46994
-17176
35166
24976
26582
15340
-16576
34216
-8638
24670
43786
-66402
-11768
-38832
-40544
11082
-36050
-17552
-43232
27304
-34908
63160
41790
-15628
50330
-59490
-40976
63888
-13304
32854
21746
37656
53650
-27234
41350
-41830
-22696
-4210
40538
-19562
35282
52626
18250
-44530
-33508
-38150
-28900
23008
-51446
-6696
20670
15322
-23416
5364
28508
-15844
-18020
-19930
-12848
43272
31318
-5958
25284
17078
-11714
-25418
-18272
-13508
39088
-37152
3994
-6702
9980
4090
-35892
-46692
-7508
-42588
-25018
-46298
-47370
2098
29494
-12084
25296
10994
-25716
32036
-20746
40934
-45718
-6282
4694
34080
29046
-15344
-9698
-10252
21920
-44072
19076
-15900
-33688
-4898
-38870
-18662
61508
-43356
45614
-60582
52068
-18586
-36908
48290
1932
-6280
33560
31118
-66366
22068
18730
-24332
20760
-1040
50206
-25788
49886
-49636
30766
-32636
9414
32966
50604
-40190
-60260
-29398
10640
29820
14780
-28464
18554
688
10008
22180
-36366
-56608
48584
45374
-28068
-54306
56472
13378
-47568
-44692
14474
23572
31868
-13302
11154
14594
-35404
33822
14282
28574
29472
35890
-8144
-15262
15716
-19684
-14000
-25430
-19706
13052
39190
32816
-37884
38144
-63618
-25028
24658
-31184
35028
-25628
-20374
-41132
998
-60762
15690
12504
39458
35292
-53478
-35348
49696
18932
-43158
34156
39594
45060
57786
-16206
51566
-59058
33416
34492
-6008
-21296
-51442
26064
-26888
4756
-2054
13570
-5766
-4144
-2848
15850
43384
-38620
47166
-22520
13640
45358
39474
-35712
-9736
-31184
38388
-27736
-174
1652
60084
5452
-2394
-4402
51954
-34628
-59766
22696
38280
-31390
47348
59854
48980
-36132
50658
-2674
9976
-51024
39056
-1008
23536
7516
-158
-33576
-61004
-35576
-53048
47738
3070
-41890
-13520
35742
-46250
39824
-37488
-41076
63938
-41102
44670
-52318
-63212
28708
33788
-44214
-14784
24888
-50130
35236
10522
24922
25998
-41966
-29678
11126
10660
42184
-58612
16
25488
37414
16996
60316
-22436
58128
-9242
-45034
-40274
-37874
47160
1920
16680
26712
-40206
35062
1210
-28368
17928
3174
29920
45726
30610
-10044
53966
-46804
-3898
31852
2054
-2548
-38204
-53554
-58176
-58678
67782
-27078
17674
-2516
37250
-18004
41904
46894
22976
-4114
-3930
30710
-40740
40414
-4426
-27824
42602
-45060
26550
12074
16042
-7924
-46778
26566
-29784
5364
-15870
22730
31576
38132
19338
-35140
7714
22996
43828
2032
-10516
-9962
49352
7536
7332
48918
-42702
16014
-34844
-1240
43546
-54460
-60000
7490
-32868
-33040
-26920
-39082
31924
-54844
-38400
-23630
24048
32096
-13610
-4176
-9950
1736
-45424
-25070
-27076
38388
24084
2006
-54322
-45254
-2838
14170
29668
4884
-13378
-15710
-48758
56078
-46570
-11830
-51542
-25144
-42154
47350
-40184
42082
-52638
50200
15736
1886
-16474
23534
-32408
-35206
29000
-6134
-32830
6094
28328
19202
-58408
44812
-25840
40384
-18102
-35818
-8162
37740
45568
-55770
6196
34978
19722
38868
-8960
-16266
-35222
5804
-31060
36434
-26660
58174
-37198
54924
-27520
40750
14720
38504
54304
60982
-8890
-24670
70436
-63208
-51848
68984
57454
64696
62958
54852
-54678
-47966
42958
40236
-25898
-15258
23360
-23242
7146
52756
38506
-50822
17696
11048
-47930
-42348
7386
-32986
46810
-36650
56216
-56058
-27802
57212
-48934
54002
48880
-6074
48390
-56100
-28526
10508
-13302
58238
-31346
47856
-41254
-3954
-51232
-936
-22584
-53868
-10778
-30174
-30120
-36450
51162
11296
47580
8922
-25560
-17102
-15430
3658
19026
-56450
26956
9324
26950
-62
-62386
58948
-20732
6086
25872
-11404
1430
-3132
58662
-17562
18178
-12612
13924
15484
34354
45550
36078
-12446
-5310
-5698
6586
23102
-7740
32410
-23646
48914
45672
32566
22088
20568
13624
-48822
-28400
-14774
-34408
47332
46914
-28890
-30248
-41774
-47892
-40638
31018
18990
-37996
6294
-35068
38150
-35692
25126
-44348
-49296
30114
-31452
49140
28082
61314
24990
25764
-56502
-33530
36888
-25820
47442
7964
2728
-26902
36660
28668
23614
-30686
37668
-61848
-13596
-9458
35038
37378
-41280
45710
42794
-11910
-8824
28314
47542
16840
12816
-10622
33296
18638
-7230
1494
31268
34400
-19654
35204
-41256
-44998
-29298
-37218
27446
3430
-39964
-31520
7122
-18198
-32124
21518
-2648
30470
24700
-37710
-14518
36076
-45592
19224
-48130
-31940
-34826
-1646
55518
41058
-8016
37266
26622
35526
-20172
38468
24110
-30126
-7664
-38248
-1758
31358
-46182
-43138
-5680
-18032
-6784
-31676
-48216
27372
-15588
-64748
-14578
33996
-10696
-24236
-41734
31852
16544
-69716
39360
29670
28962
52966
-27644
30282
14786
7434
13424
-44850
38420
-32316
-25902
24608
-39452
32718
-34894
-60282
-41590
41142
-884
-10214
14820
43360
39864
-1328
-15766
-17310
-49284
-12814
-19840
-20648
1742
41220
51610
-32186
-57340
28022
-3264
3660
-44912
14770
20446
212
-54506
-14816
-1186
2586
11486
-8730
26914
-53716
-43630
65100
-34176
24712
-45564
-22346
-57890
-23214
-44588
38294
-14618
26336
-9986
32930
-2104
-31550
-42726
53184
52580
-5260
39900
-58682
35074
-6118
38236
19768
-14316
36112
48518
34192
-28726
-58956
42422
30298
-50694
-28530
-16632
18532
13402
15266
-32358
52372
-24212
2332
43802
61006
37950
-54352
61008
-20566
-30326
25636
53988
31364
63466
25452
-44538
-3784
17986
47438
-18340
-7714
-59474
21734
33582
-12388
-41134
1508
-59524
50448
-39808
-64088
55562
11400
34548
-11942
46948
-28372
-72040
-22704
-33518
-42272
-7164
-23268
-29884
-56944
39786
-16794
-18704
-1024
-1914
47844
17272
55194
17036
23684
-64016
-54450
14458
57076
-38326
-43512
47178
16846
-39702
-19472
-44008
-11772
34236
39528
-40086
-36112
56396
-6590
-12296
23748
48618
57664
58304
44572
-11908
-14756
-51886
3786
-45978
12792
-43176
-47722
-13726
7308
13308
41598
32092
42188
44544
-50498
44558
-69420
50520
34948
-14076
-17856
-42924
-2640
-2412
38738
-48722
-10030
-40460
-29916
-47396
44904
46080
-37124
-40908
21608
51628
-25558
16906
-4054
30666
48538
10042
-18844
-7590
1028
30348
-3902
24856
30686
14232
-28520
-22406
-56556
39902
-42430
40626
-6166
50590
41362
-23236
15320
-9640
-40422
52724
32410
-44656
202
-20000
-34376
-62990
-65920
-31138
-21910
-32070
-27080
56378
28986
12090
-11578
-3504
57580
-14498
30318
-11452
-12322
3254
62722
-38890
39866
28686
32082
23262
-12172
-37634
18530
-47174
-6062
5570
-9458
7896
16014
-22324
-15492
-31392
-40748
-19902
57080
-28174
51080
-6364
-23934
-31138
-30802
25132
-40508
-5436
-13982
-31104
-4688
-25320
27256
-25994
30292
-39904
18136
-9916
-13242
-54402
-34060
44798
-38940
10480
-35640
35394
24556
34814
-58806
33724
26030
12432
27726
-38850
30022
-4936
47684
-10602
39070
-29778
2678
462
15086
-19372
-13116
52138
-31568
-57662
-50460
-1470
48696
38960
11302
-3832
9668
22128
18056
4490
-32044
30884
-23112
22376
-9018
19952
8368
16668
-8606
24622
-23758
3266
15520
31984
-16468
-31482
19764
27470
23030
-3094
21082
18686
1052
28904
8614
-21536
-54158
8296
57198
-38936
22484
43742
-47894
12320
54342
28230
64624
-45752
47990
-41456
40976
-30976
25076
64786
-46058
62544
55664
-36200
-58296
-47948
-3312
44066
-30876
16812
37900
51132
22282
20964
-39154
-15360
-18676
-46358
-37196
-39332
-26144
-49576
-48832
34084
-20648
7824
-37612
49244
-32964
-41032
56462
-7774
-25586
7080
-852
-22746
1076
12852
-1244
-28720
39158
6476
5628
-38092
29270
-18308
58424
45788
-47950
-668
-8592
15626
-33898
31808
-29428
-31262
-8752
6100
-25778
45224
-44938
61884
-35166
-20218
43030
17590
31206
-49880
-19996
-39756
27274
-49750
-3750
-43258
-31778
-49980
48614
9716
-33258
-16328
12874
-53936
34960
-23042
16222
-1574
-8670
50422
-39268
29980
-25172
-13276
7220
-33802
-54440
31786
-44244
-24830
47330
21262
-44650
16248
-15472
10072
9968
-26268
932
-52254
-22732
-42608
44996
-60636
64394
-41056
34096
48704
-9878
60482
36388
-59866
22234
51662
-21926
-35374
9342
10698
-45914
2850
48298
-30694
57618
-42384
-1996
-48612
11806
-8398
5240
-54432
46056
-32292
53822
-62860
-38548
50898
-25700
-26184
-310
-25378
-28524
-5462
-52590
6814
-4836
-15974
-17372
52138
39026
12092
43010
47418
10800
62208
-55338
-38838
34394
50896
-49020
-9960
47192
-45544
49816
-22056
57754
38146
55354
-56628
-17032
56426
-44146
-22638
9868
42678
-36050
3982
-47326
-10188
48044
26118
-38366
38668
38690
45022
-8942
-434
-18090
-20444
32260
27368
-20082
18770
13022
-30690
15768
19706
-41520
25544
24854
-34534
11334
-58678
-4472
-34364
-36960
-12228
50068
-46846
42654
-29286
-25136
-36504
21078
-33506
-7076
29488
14922
-64772
51218
-18248
53740
-58678
15760
-18020
-60612
-14198
51432
34050
-8854
53096
53660
-57370
-24280
30956
-6022
10396
17992
22176
-25964
-52534
-27024
-45670
-27578
28170
19750
-36726
3550
-27996
26576
-31690
-10856
15652
56490
-1478
-3584
5868
-41294
19060
10408
31234
-39800
-33774
-51632
24788
-31414
-40684
59842
26560
46806
-56140
41606
39444
-37332
19574
82
1890
17306
40568
-34144
1628
-35792
36990
32628
-27156
-35914
1638
58554
55258
-7978
32686
39194
5858
46920
-260
-32852
-32418
53202
1352
27248
28534
-18518
42790
44272
30870
-48622
34510
37944
55056
19506
-25558
-11734
43216
-11290
15370
26140
-23108
16268
32310
18336
-18838
45336
-31722
-16474
55818
27440
-30104
-35182
34740
68790
-10078
-35064
-65452
37930
-23108
7548
5612
-17240
-6248
14212
-24628
-11302
-45464
4364
-52538
32038
-426
11446
-33058
-37332
41162
42822
14386
-27092
-20540
63938
-44088
43058
9090
37778
-49804
43200
-44950
10708
21938
-38878
7952
21894
1626
-27244
-15538
-35498
-60500
-19558
-44776
-7222
49146
-47406
9128
-34230
-25668
30576
37004
60440
-52680
34728
35436
-8806
-24634
-10642
-28732
34136
2994
-61336
54424
-39570
17632
-15452
40936
37718
-52788
-44138
1284
41848
-7934
-44238
19196
-7858
128
25174
1982
-45020
-16734
-40792
-19378
-40954
-43956
21420
45668
-9298
54540
51992
16106
25926
-64586
8750
52528
42422
60802
-56320
47592
-11574
-35302
54348
-55948
10342
-44864
-47682
16994
-6706
-2802
4538
-5732
43438
-45464
-30806
-18912
-23542
-5234
-27480
13576
34564
30780
-35288
-40106
43162
57138
57858
-62732
47246
-59600
39682
-19100
60254
2926
-34924
14460
19316
46058
14742
37766
-23402
7262
-10160
-21242
-57746
15810
42710
-31408
-27124
49442
-19726
55460
-14320
43076
-42570
-43066
17712
-31508
-21830
-32858
-52978
18578
33260
-44488
-22044
51372
-40848
41134
-57806
32038
-51288
42384
-57550
34880
-53108
-11154
-50880
-594
-25342
-25906
60330
-42164
32326
62680
-59720
45216
6110
3890
-12812
-47110
-8390
-31708
34340
-47682
6060
49528
52582
-41986
60748
2942
920
43988
50658
48502
11312
30564
43396
-29356
22838
-50156
26526
-15704
-20006
-41672
36890
-47616
48806
-32162
16850
32780
30234
-36090
39000
-7468
-7538
2520
-17998
31696
54134
53224
-42544
22770
-51148
39692
-34770
-31180
17692
31700
-18804
22966
36906
-35886
-35644
9966
63886
-36864
-6776
42188
-30832
-34138
41698
-44944
-18478
1332
45422
-1502
-24788
36096
-37808
-44418
33150
-9528
25038
-30838
21536
-59416
-11904
8546
-13510
-11006
50928
33766
-47254
59118
-40276
9236
-44164
30086
4632
-2342
38974
22416
49972
47810
44526
-878
37058
-54410
-30934
55312
-42288
-16156
-47954
40476
28498
15634
50974
-20008
-55092
3720
-25058
-34906
1346
6050
-27956
11150
25750
-40024
-52756
11684
-41992
-33874
26490
-24284
23972
3224
36582
35698
-11776
-29808
28292
-30000
-54136
-57046
47214
27494
-43638
42502
37984
12220
-9252
-38600
-8010
1456
9298
-31222
13870
18924
-34020
-42046
44294
-20942
39502
-62358
8876
660
452
37730
-38964
5396
-18728
14468
50900
18768
35026
-17484
15640
42778
-24086
5730
-62360
44994
27874
63868
2532
-34832
37992
39652
32654
-6052
31024
-13818
41698
22504
30478
32830
-42758
24570
30852
31500
-44388
58724
-52890
-42728
53368
-42146
57244
-49148
-21274
49332
-32986
43426
50860
57408
-5058
-39052
17510
-1036
-6792
-2842
-31472
65724
49416
-49504
35442
-36972
-45922
38074
37184
53798
-34350
22884
-20574
56704
-30786
15056
43986
-46290
17778
-44870
52592
17594
35942
14724
-45898
-10690
-44196
43888
30684
27522
-37090
-11126
24410
-9960
-37004
32698
-51652
604
36068
-34410
23960
-15434
-43600
-114
-33468
24278
6198
35472
-47242
-18218
-34150
42058
-49332
-484
1318
-8550
41812
-25704
-7078
13258
-14692
47946
-44906
35574
46080
39044
12790
14992
44268
-24162
-3480
-17270
-6524
-38602
33088
31636
-42894
61620
-32664
57688
-25196
-7144
-35466
27676
41062
32458
-9450
-29654
-54950
-30050
47708
-45856
-3006
26664
30022
-7030
30918
-14074
-46844
-22968
50482
-534
-14504
-31684
38724
-19776
-19796
-992
-38470
55784
-49388
-15892
-28936
-38982
32010
-32538
-48320
49640
-8906
1700
29532
3302
-29610
47212
-14078
30580
20666
1372
-45254
7720
58636
-31492
34524
-45136
45710
-45820
-22040
47166
-23190
22756
-28000
48866
-34580
5798
-18020
-48726
19384
48072
-6582
-55820
65460
64172
58198
70796
-20656
-3090
38152
-1276
12670
-39048
-25684
57622
41324
19540
-44320
29694
-20126
41172
21586
-22146
-16940
42626
-10596
25208
114
30732
-43836
40894
1346
38348
32098
10678
36964
15128
-37104
-48262
27886
-48448
-2856
-56594
-25184
38974
29792
1540
-31584
-21656
55910
-24594
-45558
23042
14144
-16454
15724
36840
-11716
63714
-53988
54190
32772
2158
54824
-32496
-678
1448
-26626
13740
-42338
-31242
-8242
50060
-57652
-45494
26394
-45610
-20030
-24732
3798
1478
-29726
27166
53174
-31310
-35652
27600
20480
-16810
-31032
-16688
-56084
46908
-34980
23822
5226
-1198
5152
-33294
-38320
20648
-26346
-39484
46070
-48904
7640
-44966
35836
-14522
-29254
-50872
54198
-3940
50992
-48944
-55002
23604
2980
1202
-20612
-36638
-27006
5610
43154
53110
-43056
-54774
-24038
51608
38176
-32378
23986
-38222
-17148
-40054
11594
33304
32170
-40044
28566
12666
16900
-700
-19742
44304
10650
-31470
45542
-3864
2460
-20220
45232
7014
15270
-10010
-2716
-28970
30846
10660
40856
-42804
35566
-42990
-27562
52434
52954
43828
-5942
-16466
56788
10154
-16804
-31300
17060
-13984
18704
5960
31790
-5732
-24326
-45758
-7992
30702
-19510
44106
11660
38174
27292
-48034
-25450
21724
-56996
24848
-68606
48586
-48054
-46462
33628
-47676
26884
-22618
7008
-45180
-54040
52666
-37016
-25266
-59084
-12530
-18002
44454
42524
9448
-44474
16722
-40614
49678
-44722
-10822
34990
-63166
-32548
3102
-40168
-54588
49162
-48878
-2762
-36062
-52168
48044
-36776
-36344
-7196
-28622
-41278
54664
-25000
-20842
-17456
35366
31140
22042
-22950
-20432
-44596
45132
-43518
-18340
-5738
-35630
-58164
40766
52264
-67092
54950
-5456
17720
8624
-11232
-7296
38004
-6208
-48950
-33646
38746
22922
-14666
-952
-21828
-6506
-18854
3080
54550
-39446
10258
29208
-33166
39718
34766
46596
17966
-40302
21024
-6948
-44848
9076
8492
21252
-14968
1756
57636
-37958
-28720
-6592
49558
-21702
13516
27622
-28682
35402
10948
-35982
62314
-53036
-54004
-6860
3052
-27706
-33862
-14416
-48020
35494
17446
-54770
-16584
-44192
30466
-58946
-23644
-50530
-47440
-1902
-20630
42548
60108
-29056
-28104
-45730
-39490
27044
54936
-4536
274
-28758
-20198
40978
-19390
-13138
-34530
-14894
-14984
44114
-19042
-19906
23480
33368
-29404
5194
49858
-28738
27620
10898
11082
-16058
-33788
814
32832
16732
-2506
-16262
-49150
11122
-32114
18698
25156
-17526
18452
38270
37190
-31012
-21538
18134
-41504
-18076
47318
3658
-26766
-23196
-132
41454
-25016
32628
58598
-47812
41482
-42172
-23328
-13064
29738
4940
                                                                                                                                                                                                                                                                                                                                                                                                                                                                                                                                                                                                                                                                                                                                                                                                                                                                                                                                                                                                                                                                                                                                                                                                                                                                                                                                                                                                                                                                                                                                                                                                                                                                                                                                                                                                                                                                                                                                                                                                                                                                                                                                                                                                                                                                                                                                                                                                                                                                                                                                                                                                                                                                                                                                                                                                                                                                                                                                                                                                                                                                                                                                                                                                                                                                                                                                                                                                                                                                                                                                                                                                                                                                                                                                                                                                                                                                                                                                                                                                                                                                                                                                                                                                                                                                                                                                                                                                                                                                                                                                                                                                                                                                                                                                                                                                                                                                                                                                                                                                                                                                                                                                                                                                                                                                                                                                                                                                                                                                                                                                                                                                                                                                                                                                                                                                                                                                                                                                                                                                                                                                                                                                                                                                                                                                                                                                                                                                                                                                                                                                                                                                                                                                                                                                                                                                                                                                                                                                                                                                                                                                                                                                                                                                                                                                                                                                                                                                                                                                                                                                                                                                                                                                                                                                                                                                                                                                                                                                                                                                                                                                                                                                                                                                                                                                                                                                                                                                                                                                                                                                
-37952
27530
15164
15398
15836
13272
22512
-9770
-35194
-19664
23762
35168
-37560
36656
9084
6648
42370
38984
58618
23778
47160
16890
-18096
-43116
52870
7412
9754
33798
6778
-16272
13436
-54328
-23130
8228
-60276
46912
-41284
-37290
-8698
55712
-25222
32380
33162
24576
45044
55212
-46972
-43952
32130
7728
-49160
47712
47988
-15980
36242
-63410
56412
-53384
54582
-42482
-32804
12668
-39730
34762
10654
19094
25310
-25034
-22260
50060
-6012
38374
-28830
-36624
33908
-41336
-462
53588
26900
11090
-29044
12898
-53196
-34392
-27254
-50598
-24028
-26192
-10450
5970
-9080
1940
-49694
-63810
-12684
2772
25466
13998
-6732
43790
-22774
-54308
50884
31864
-51744
7162
17018
-12332
27662
-44152
29600
18444
-17208
-35988
15742
44796
-46378
-38772
37688
19036
-36546
-40092
-21958
12680
-22652
-412
-5068
-22986
28710
19662
-3252
-4962
-27910
53216
-4618
24274
-11990
42336
61588
-47282
-12362
-56080
-42262
10788
-12982
25780
-34784
20494
-58184
-35936
-9876
51282
5164
-18336
41382
-21618
-17220
-34464
-19996
34002
38892
33492
12716
40498
42016
-59900
50680
3980
-34494
-62794
-22576
48152
38508
-33630
-4730
29682
40716
44088
-24040
41080
47326
-29452
48674
40146
51870
20444
-12254
-48824
21998
-31288
52948
332
51578
-19188
-48166
36146
49042
-23078
-42042
42866
-24366
13742
11300
25062
15716
-29116
9748
2356
2518
41400
-44106
-48510
18336
43440
62382
-1638
-27502
10692
-1080
50642
-6622
3734
38268
846
-16880
40930
14614
-11688
42686
2626
-29034
37734
-532
-20898
44420
-25810
9652
-54524
-45712
-56290
33088
-39612
-36566
11754
-20784
-56848
33738
23724
41330
13656
-18358
-28684
-43694
16414
-31614
-166
-42040
22252
30832
-57064
32282
-25962
-44930
-58990
10204
-19070
57706
-12222
42064
-19732
-53522
3070
47946
43620
37276
53032
22816
-53112
64904
-49692
30422
-43982
37016
36434
41254
-17832
-52818
-12774
10378
-51670
-32636
51250
-35982
-154
16082
34896
-23832
-34008
-44026
-13216
45216
55346
-53678
-3066
31108
-50628
-6742
-58900
29786
-34746
54674
-55654
-40132
33654
8440
35328
22656
-34778
28362
22056
-26398
-40878
-10194
19492
16496
-12634
-36302
9316
-23232
32296
-35924
37530
11112
-28650
7646
19030
31520
55038
-46618
53498
62602
-38176
-34742
-31086
24636
-33970
24288
42878
46748
36870
-9766
2054
-43878
-62700
27978
41004
-33076
31932
-25758
26814
-45406
-150
23036
44586
-22290
31454
-43146
-47544
-20
39758
-6412
-36704
-43440
2512
6042
36164
-11828
-34968
46478
-28196
1276
58200
16524
37366
-29374
-57630
16398
-8630
-8594
-26936
-15062
29392
42364
-8460
55756
39380
32894
36634
-40646
-54178
-22486
37922
-40828
45116
-14190
-11226
-39376
-27940
-8344
-5382
15286
-49654
-18042
35766
26868
42796
-32572
-25504
-17314
3040
20370
-8270
-46902
34958
-56876
31970
6304
2924
-6812
-41912
37204
3938
-18582
14134
-8572
27722
-58898
26892
54222
-61820
33574
-42430
-31324
-41366
38592
5894
48664
-7220
13888
2000
-1608
-19166
32196
-34338
44302
-13896
-39080
-59278
31352
-11988
42522
-55586
45534
37650
-58502
13220
-47890
57014
52034
45914
31108
-13014
41848
-35996
-24722
8526
46476
64544
-20848
35112
15016
-32850
20218
-7080
2942
33392
43068
31070
-2952
33564
1712
-15438
-20378
15890
27976
36888
-43348
5910
-6526
-32294
14652
34880
28492
-27914
15930
-32326
-28476
2628
13558
17964
-3374
-23010
13138
26280
24372
-50274
56988
-49846
23288
-444
-46302
-19184
-43368
22050
-53396
48442
-51110
-5392
-29280
-298
-26786
28084
2638
21360
-39476
-40252
-28726
-13598
38508
-11032
-7558
-25460
4888
-3290
42220
40222
18414
38934
-49038
57468
57872
-62060
-58022
35672
-14890
-40108
-9994
-13324
-42906
12926
27532
25442
-16662
35994
55604
10620
-7556
-62630
-8256
45432
-40560
47254
-48950
32338
22138
-43266
-41392
-26102
-30600
-27668
34350
-32982
-26364
9812
-12208
17780
2362
41170
29592
2866
40578
13546
38844
-17648
-49250
30284
57818
-20652
-45772
24052
48650
-29028
-3434
5064
-13860
-10024
39388
50278
-2502
-34372
42460
-45164
-17280
-24934
9404
-37430
13846
49800
64566
-60724
-55910
36168
-54820
-43588
14286
-48802
-12944
19928
65556
35552
52880
-39470
46050
-19814
-21150
7876
26190
-45664
-7160
9652
-10394
52746
-51666
-13676
-20608
9080
28416
-23616
-33648
-26034
64016
-51706
-31030
60976
35616
-50510
-41836
31892
-29874
-35348
-30912
47138
-9142
176
-21682
8236
-28392
-62426
-66706
-45746
61152
-20796
23326
32648
-22906
38538
-23502
-41312
14152
-28232
37758
-3420
6576
-32006
53200
-27212
16118
35072
-7902
2184
42340
53084
-40276
61716
-42962
61252
-4042
39180
-54862
-15290
5202
-24274
35426
15336
22426
-37540
-33046
38168
-31912
14842
-6878
27436
-28372
-28704
-11686
-19746
-18
-36380
9528
30726
-21566
-4344
-8594
-2340
53488
28102
-55124
-12130
-43498
60568
-64844
-35520
-20382
-47942
10308
-27320
-34858
11102
27252
-39768
33494
11444
-9432
58000
-34450
8698
-29798
-7332
36648
16536
-3344
55940
-59286
35604
20822
-18718
2946
55074
30960
36154
41880
-44940
45034
-44268
3602
-43780
8500
-27706
50292
-29510
12122
-44614
-48868
-45724
-49034
23760
-61574
57850
-30648
60378
-61796
38566
-52044
14400
31954
18470
32520
44262
12900
37512
-52028
-17878
-37368
44946
29030
-55148
4802
41388
-46462
-5962
-36528
-46100
-20644
18254
33872
20830
37874
1662
43380
24524
-32652
-20218
-56680
-30026
34000
26024
28
-5778
-11806
23868
28746
23610
20446
4520
-23966
31448
11676
-54696
25072
-1586
46376
-13206
-3744
30850
32502
20512
-38514
19826
16882
15738
23970
21520
11920
-28646
-11772
27662
13576
45416
38970
-55032
-30708
-45446
-50278
34628
-21136
-39862
-20440
-38954
9762
-23116
-35742
6492
-55414
57864
28122
5208
46348
37528
17492
41132
31878
-26096
43124
32644
-5938
-19330
-49446
40344
-60554
64694
-48330
-28740
-62808
13632
55984
1594
24870
-24446
-24180
40298
-30700
10404
34588
29192
-49458
16252
50996
-48094
-41978
-8166
41036
-25814
51712
-59716
9640
40284
13924
9016
48282
-54088
56544
-43552
-31156
22216
-55442
60736
-54092
35296
-11410
10612
21684
17428
-40686
-48688
-31330
40134
35226
2728
18582
-11142
29594
-32926
31500
-17154
-19598
28670
30346
-38312
-36494
-24586
-46086
34678
37284
32992
-26430
-53556
-38762
37204
-33652
-24376
-29748
47646
-56830
18822
-52372
-15290
30768
-468
-530
-26850
-23954
-28166
17510
-8202
28370
-54624
-44772
-2582
60622
-9696
23816
-31896
29686
-3424
-46456
20554
-44008
-33876
8928
23144
-9152
-13648
-35220
-25114
30428
55360
26310
-56676
-22424
55392
-23642
24098
26158
-47604
56324
-53834
-50184
-34236
40228
-910
37336
-46700
29654
-23952
-43394
9368
-29124
-19724
17606
20460
1280
29684
-58516
14430
-34944
-27342
32956
36890
39360
-21330
6922
8094
11368
-34668
-42848
-10124
55178
-47908
37784
-30928
-60080
-7938
-30260
61728
-17416
-15076
19748
-52088
-40624
56020
-41856
19778
-40152
39478
-36294
36754
24110
44422
-27882
29012
32996
47460
-48040
-48096
31372
-22810
13408
19500
-22738
-33382
-40580
-44394
-14624
19282
-63920
50844
14832
43494
-60382
-55402
-25358
-27542
-47784
-8124
-312
32294
-37222
54462
34624
-50132
36240
-16560
-25834
-15594
-31692
14870
-46648
68668
-18730
30820
37650
-30534
60510
-52606
55768
-60842
33988
34164
44182
36222
-46120
52554
-51610
-30406
52890
15092
45868
1186
-50206
-39066
49624
-40662
61556
-47674
-35150
37514
41582
34374
860
9800
14850
-19316
-37910
23534
-19764
40264
-49020
48994
-50614
-2908
-34420
-7904
-4744
36496
4910
-42044
-8992
-39430
60654
-20942
29458
-2386
-32774
-35112
17538
12604
-58020
53728
33210
-27606
-30804
-35462
-47830
-3266
-36548
-16342
50658
-44722
-61352
-40134
41806
8378
2658
39364
-28792
30972
30856
33856
-26988
5632
-34068
-49698
-15176
-35272
-17028
-26922
-35648
55374
9168
-8768
-50204
48344
-51948
39142
-47366
29222
33654
-49342
16130
-15788
-5858
2246
-33474
27036
-5664
16370
-12356
25946
-17784
46324
-50130
-11898
20274
38204
-63214
-33842
12432
-14246
-34156
-62090
-55740
-67302
19360
32634
-20274
41332
-39966
-11386
-17936
-46640
40630
-40318
36058
-20694
-14008
43790
39600
-30254
53806
48298
-41670
11904
-17154
5140
-13982
33146
-44638
45254
-16742
36418
51574
26310
43422
36136
-50184
42804
-19106
18612
-33906
51922
34182
8028
59280
-49038
4478
5248
43142
-26780
-5956
-10136
13280
24960
-10830
27714
-1030
-8202
-1864
-14086
8896
32858
-35040
34624
-54098
21980
-17216
-4646
-16932
4994
25862
-59722
5272
-48418
6708
58156
-62546
48192
29972
46480
-47724
29804
32260
-14950