-7406
-270
-28054
12424
-1624
-16120
20662
-28580
34096
-20224
14792
-35658
-34240
-11572
-20966
-12718
27926
9548
-17116
22682
-280
-8224
10746
21028
-33556
36176
-43364
-35200
30754
-26850
23840
14588
-38746
-43586
40540
-3998
27366
-21022
-19844
6534
-16848
-14224
-29116
-640
-15994
30238
11612
-2018
35820
-14968
19802
19848
24052
354
-13776
-37302
5208
29268
44416
-24748
-25508
27502
-36700
-23626
5678
-10130
-16704
11704
18098
19812
-13200
-6518
17282
32328
-36390
1684
27874
3640
-11636
24248
18530
-35938
-33658
1334
-20860
-28526
17400
17620
-27938
-8086
-19848
870
42038
-24000
-24246
17482
-10416
38766
-5250
-37636
28366
43528
42280
18814
26856
-41584
20624
-15538
19604
-18144
-14688
-10480
-4850
-10312
37684
27768
-20194
7098
-7384
31126
-4472
-9860
-21542
-9072
-36516
-41922
2972
23608
27314
-4782
-17566
17286
23786
-14448
26022
-9874
-40684
-2954
-41168
-17358
-18196
-10564
-9672
11940
7806
-12948
24130
31802
-36068
1098
21636
24268
-19088
11968
-26842
-2802
-30130
4392
-19670
-9260
30704
-27506
25926
-30822
-41174
-3396
-8952
24008
24620
-22796
31222
-1376
-41906
42088
24862
13408
18126
31682
-34984
9052
4728
36572
1308
3792
24790
-10358
12054
26254
-2532
13570
-7636
15112
-28768
14044
-22296
17110
35492
-44312
25968
-11084
-8406
-10330
6702
19748
-31664
3884
54
-6782
12324
19126
37352
-38078
-9766
-38002
5874
24332
3438
-2832
-12332
46816
-41536
1542
-30030
26840
-28942
-31014
-28042
-45978
-34978
-26450
24194
-44726
43210
-15740
-36338
-24740
-7098
20902
-24882
-8970
-43002
23174
-32710
8400
-44206
-12520
-3054
264
-30054
-38194
46782
-30362
386
-39394
34466
-10404
-32
32564
28388
-39782
-15746
33880
-14202
-12576
-36230
16078
24186
-17384
12992
-7754
9432
-5650
-15944
-5568
-11742
13186
15136
-23560
-5430
714
-17794
-33756
-18312
15522
18138
-12398
31232
14386
-19382
23488
-9872
-18856
-29420
-17154
22986
-33564
-35734
35508
-17652
25482
41998
-37292
-22016
-16184
2298
24802
23082
-25920
-7676
5030
-6244
19020
11032
38670
-2302
-30322
12872
-13416
3818
-35806
18612
-26584
-33522
-32092
-504
3476
-14920
-2694
33804
24286
-17212
-6576
-26176
13598
10870
-27096
-4334
-6382
-24692
2974
-14426
-35194
2930
8342
37178
-17210
-16740
-3812
-29978
-8210
-4786
-3110
-23826
14242
-7686
-21104
-1912
37132
-46146
5668
11444
21724
-4830
-27660
27448
-24178
922
40484
-31854
-17720
-22270
14858
27018
-8220
-32244
-35670
-31146
29192
2866
3444
-28536
44468
-23904
3188
-23900
-15522
-34460
37648
-9802
-5978
44
25542
7674
-15364
13842
-26678
21592
19520
-17682
3106
1596
17404
-20070
40632
25110
-7062
20148
-16740
-8234
-6366
-18022
-29564
23944
19036
3126
23748
28654
20424
-18522
22930
-33000
10646
32628
26338
7560
16734
31794
29944
-22228
-8904
12572
7816
-16770
-3786
13236
-8290
-8764
-8390
6652
-16592
722
22358
44064
-39682
27980
-38788
11170
22728
-10108
21880
23354
-37328
15290
-28010
29666
-44120
18638
-32504
38478
-32912
49498
-11324
27528
26928
7618
-4932
13566
-4636
-25964
15082
850
27176
-27482
38970
6674
-22500
26400
-10562
5082
-30560
-21338
-21896
-10680
-13584
15464
10478
3126
26864
-31768
11250
13036
18726
40394
-23774
-28572
32582
-8256
31706
21708
-2144
21962
-16438
-14116
-23764
-8592
8074
3938
-31764
-26112
-20072
10962
-6104
-31852
43548
-13898
-12288
-37212
25436
-22700
-20232
26202
56
-37670
22618
-6722
-31128
10742
2380
-17600
-15484
-6566
-11274
28690
32566
22604
-32350
-33438
13246
-4416
-19766
-27246
28532
43616
-41558
-46758
9304
-27496
-21520
-40204
-27378
-29272
32382
-7000
-16520
-3446
35634
-16456
4990
8762
20070
41770
16572
-1992
-7482
28400
-36318
12908
-66
10370
43984
-33358
-6490
-33370
15962
23748
-18662
-8392
44238
-50200
31120
1376
-9638
-1368
-1090
-25982
-19578
-32578
-24270
-17990
-34232
18220
-508
-28612
-33040
31782
-684
-2866
-38140
26622
-2722
-7018
114
6022
16582
4122
-128
26584
-33602
41042
-11652
-45178
45780
-9580
-33722
-15936
27346
64
2064
26468
-6180
23510
-32260
6446
11996
-10364
40710
-44464
35004
-37814
-33424
18296
14846
-37176
-34542
3196
13526
23562
-23312
-31686
33808
-11174
6136
-1430
-13916
-25434
-20588
-18544
-3394
38132
-11050
35338
18868
-31400
-2410
2046
27078
-18890
-12364
-13270
19712
-3388
-2100
33416
-4810
-12938
1992
40622
30738
17546
43208
-20038
6858
10406
16784
7840
32640
46068
-10554
38490
-40142
42826
-39342
-36180
-46104
17450
17154
24520
25822
-13260
-17258
-41660
2300
32716
-12114
-22602
24674
5336
-4738
-4534
-33852
15964
8596
-2334
-22634
33354
-19310
7196
-2532
-15896
-150
-2244
-29170
-33690
25312
-19920
-30864
-25674
-852
37342
11640
-41074
39052
-4548
-2832
34938
-35528
-27956
36348
39574
-36342
43058
-17216
39642
-38250
-5448
-19716
-20304
-884
44792
-47194
37790
-8860
-25158
37572
-18942
22210
22738
-31612
2658
-41758
25224
-2386
-24906
37014
-6390
27898
-13178
-31640
4708
-5674
-31304
-11614
-27454
-13542
-38092
31324
10550
-17118
13926
-18202
21380
-2630
-11052
266
-6254
-4082
5734
-37510
-26404
-13644
-1384
-31546
-5676
-19630
-8082
7496
-3490
-7716
10316
-10406
-22208
-35158
21184
19256
-17798
-35698
-30046
5354
22176
-29130
-29858
21894
23504
6256
22726
-18398
4374
10016
-27898
-9986
31050
35682
32950
4708
-45782
39204
-36466
11582
-28804
-16490
7060
-33372
-22886
8378
-23634
28060
8864
34004
-13632
-22184
24790
22592
-14856
-41882
12934
-26990
-28018
13226
-25688
-10750
-7020
-26438
-40644
38860
-38344
32342
9904
40080
-32758
24600
-1282
1250
-18296
11728
24950
21544
-36892
-11100
15334
-1166
45058
-49158
-38116
34952
36164
5478
10494
-30548
-19770
31980
14482
34028
-16618
-18322
-7476
25482
-14924
2010
23658
-38652
-6300
28412
-21174
-31416
39824
-21010
23654
-41838
52164
33188
-24616
40180
-38590
-32096
-3370
-15384
34144
5922
-26094
414
25138
-38868
40680
-39044
-34682
21892
8400
770
-1944
11294
-23336
9256
-10828
20272
33848
8450
18594
-14618
21470
-3986
12968
9702
-422
-11150
-29740
-3366
4758
-42882
-17812
29826
-3706
6572
-19480
12484
7140
25634
-7786
-14196
24684
-29662
-31910
6706
-23076
1926
-33692
1572
25622
22806
8840
-43624
27946
21002
-44786
3448
-23570
-13216
9732
-32602
-21408
29702
27356
2282
42092
27478
-1208
17456
-2026
27650
23438
11410
-31414
-36668
35254
20024
-13162
10614
26804
-24300
-19814
-3416
-1734
2190
-13428
28316
-15500
31736
-39290
24942
14430
11120
-22402
10786
-36876
39520
19922
-24664
3596
25600
-31086
19220
9250
-32816
31342
2478
-21272
-28082
-28886
-32894
-33740
-1092
25350
-28188
-27020
-5812
-38936
-41560
9750
-34336
8070
36854
17094
24346
452
7180
-31388
20778
-10338
7984
25866
-25852
26182
-44328
-7596
21646
-42808
45156
-18054
-22112
-6880
37498
18
8658
-30078
23310
-1424
-10616
42
-27426
39244
26674
-2576
23304
-3890
22488
-9550
-11830
7582
12968
40232
29102
-34086
11586
-18978
-4544
13818
-13676
20
5504
-27214
7284
-44050
-20090
30514
-2416
-6206
-21308
-29894
-24634
44134
16452
22376
-31070
5404
-28424
12496
6770
7624
-10176
46312
-36304
44176
25060
-6294
-15074
224
-38442
-9990
20402
-3592
22286
33782
6134
-32430
31070
36890
5470
20700
-14490
-39502
22450
-8654
31022
6984
1350
11662
2434
34996
-16458
-35454
-21214
-554
-12206
16568
-31186
33298
9704
-18838
2020
-18680
9610
-3034
942
4558
14924
-16398
248
31150
-26040
-10570
11782
-34978
24608
-33090
-28360
36154
-26582
-45906
-8982
19568
-386
17344
19588
-16526
-17816
19300
4382
31294
13596
-14228
23248
-35302
-11682
-3752
3890
13748
24010
-23920
-29576
-4498
446
-39530
814
9226
29660
-14000
9228
-4356
-21486
34920
25674
10656
-20256
-28456
-2494
27766
-24676
-38800
-5720
-5792
24274
14174
31250
24520
1002
2044
-568
22564
1612
-24278
-34070
38486
-16000
-35324
-292
18054
33766
28660
18480
-20218
21796
-17796
-84
1844
-24392
35278
-17880
-10178
3450
19526
5004
13872
-33042
-24838
472
-23708
23468
12562
-39838
21034
-3962
-20938
18796
-8894
-15016
9346
-19412
-592
23470
-38474
-29822
-35580
-20570
25774
22442
-13110
8126
21636
-37704
-25942
24520
-14896
-23604
7990
-39788
-24444
1978
13766
-37012
6140
-15794
-29622
2424
-8282
10102
-27776
20580
2042
-1002
25144
-11620
36842
-24338
9584
15894
-12628
-36280
25602
19700
-36756
-5112
4830
17584
-7872
14778
10926
1010
-11816
29508
-21050
-24704
-13604
-18510
-20060
5508
20872
3408
-16632
-596
42026
-42564
14428
-14448
-10952
-34416
-19476
34706
27288
-6538
-36180
-32422
35644
634
-12646
-9994
-18742
1364
-228
17630