-74382
78108
83630
81170
78358
80030
80622
75554
79558
70556
75594
85074
76668
84560
82240
75620
79234
81176
78010
80950
80768
78174
76086
72596
71812
78618
81824
66736
61648
79392
78650
76048
78530
74430
70100
71636
70412
69414
80138
75764
53380
75480
77104
80232
80682
76146
77942
76750
76964
77928
85314
81970
81946
73218
76192
68910
78690
63606
83074
75424
75800
77688
79448
72980
53604
69726
74150
74220
78454
82290
83610
81270
82532
77778
80828
77106
72610
82874
73038
80826
81254
79468
82336
81534
82364
84674
85000
79132
83438
83418
80608
73676
77466
73162
79810
78150
80086
79040
69002
78744
61836
68862
82400
78986
82318
80024
82254
81078
76890
76280
76974
77022
74910
81012
83632
81040
75912
80264
80302
78512
78692
79866
72700
78856
78840
75480
67086
78650
66732
70066
72612
64786
68318
64434
65256
73056
77506
80288
81336
82032
82080
80410
79662
73142
74478
77684
77804
76762
81080
76696
79430
84276
78230
80090
80586
71370
75174
83326
74072
72686
70568
77604
78382
82058
63522
71876
76486
69694
66174
74180
82918
79384
75210
68200
58180
79118
78368
74642
76388
65670
79094
79096
74264
76226
78900
77484
73180
84746
78338
78580
80020
77444
76132
67454
73898
74614
74102
79334
76936
76120
78360
83294
77848
73818
66762
79062
80160
78596
77442
83432
81406
79328
76714
84950
77954
78544
75218
79934
80034
84104
70882
71150
75534
73694
74326
76278
77744
76808
75008
79574
79940
76114
78884
83026
84990
83714
80036
81042
75370
74542
82030
80736
80004
81114
81492
81800
79866
78040
78674
75094
83148
82272
82762
74898
76554
81490
72936
71536
62058
71540
77636
80824
68672
67192
76588
85186
82718
81438
81676
80892
79168
84046
71826
67342
62850
49524
-78224
-77942
-82072
-81596
-80416
-81410
-71782
-74342
-76034
-74020
-81916
-80240
-75400
-82152
-79086
-79794
-78074
-77610
-74210
-78642
-72416
-72996
-77714
-73818
-67448
-71020
-71870
-82504
-82892
-84342
-77700
-68056
-70414
-76908
-78278
-74538
-75926
-74950
-78410
-78670
-77146
-81456
-78766
-79294
-70386
-77186
-78796
-80612
-77668
-74604
-80376
-78536
-75288
-73282
-82192
-69944
-78904
-73862
-83244
-75304
-83310
-81680
-80912
-79284
-83536
-80704
-84134
-82316
-72248
-77354
-84526
-77022
-79682
-84232
-85196
-83232
-76194
-82874
-76370
-84430
-82652
-77740
-78410
-80958
-79616
-83994
-76034
-83608
-79868
-81798
-80952
-81964
-83314
-78840
-80874
-81486
-82430
-78544
-78024
-76068
-84634
-80050
-78484
-76566
-73592
-83780
-79654
-82490
-78522
-80018
-84566
-81800
-80152
-81460
-78608
-82962
-81302
-82004
-80868
-79862
-84074
-65760
-79610
-84482
-82732
-77518
-85392
-74258
-78896
-78126
-78288
-78982
-80378
-78870
-80222
-83966
-78878
-78366
-79184
-80858
-84304
-86132
-84086
-76364
-79672
-82674
-76664
-69260
-80308
-80684
-84154
-80712
-78316
-81230
-73460
-79802
-75522
-66178
-74096
-74358
-80732
-76754
-80272
-77496
-75532
-82586
-76438
-84484
-78206
-76936
-79636
-72034
-72462
-79038
-78422
-83176
-76476
-71756
-82020
-82748
-76334
-72288
-77534
-70106
-77416
-80164
-81610
-75294
-78806
-75542
-80524
-71330
-76120
-79390
-79434
-76206
-77656
-74496
-70984
-80768
-82512
-75944
-83514
-83772
-77894
-83998
-79476
-83284
-77960
-77990
-75042
-82022
-84422
-84716
-79196
-84794
-82878
-83550
-83244
-80690
-81912
-73760
-76278
-72156
-70194
-75758
-74940
-73840
-76422
-75654
-82128
-73668
-59908
-63716
-74836
-78710
-82130
-80076
-78494
-76450
-76738
-80052
-80574
-78998
-76462
-75156
-71272
-73836
-73992
-80896
-81374
-82466
-81042
-73614
-76138
-72150
-75916
-83470
-67892
-70970
-74138
-47304
-78966
-83334
-82062
-79902
-84058
-78820
-80126
-76844
-80424
-80648
-69078
-68036
-77052
-73198
-75012
-80152
-75252
-73198
-81048
-77832
-75494
-74064
-78212
-79684
-79172
-81378
-79336
-74118
-77026
-77180
-65166
-78858
-80742
-78348
-80376
-80750
-76716
-80042
-78304
-82274
-58616
-74150
-79982
-84632
-75790
-80986
-79114
-85932
-79020
-81100
-80406
-79176
-64690
-74408
-79076
-80796
-82812
-75858
-70224
-68460
-74464
-78462
-80434
-80866
-82794
-82670
-74478
-83714
-79218
-79136
-81608
-74438
-79984
-76350
-83810
-78632
-76306
-80778
-76862
-83260
-77282
-82952
-81638
-81208
-81442
-82270
-79906
-79152
-78282
-79082
-72516
-81588
-81350
-76306
-72822
-72784
-71142
-78788
-81772
-81890
-81852
-81160
-76456
-82876
-78796
-77068
-80014
-83700
-77912
-73824
-76284
-80978
-82256
-81350
-80090
-78614
-78104
-79848
-76872
-81442
-78124
-68640
-78566
-76744
-75868
-77636
-86964
-77526
-71962
-70390
-61146
-54630
-77682
-83218
-77554
-68988
-80378
-76128
-78182
-77028
-80896
-84898
-81366
-81542
-69582
-83402
-78552
-83808
-78680
-73162
-81214
-76230
-78012
-76520
-80634
-84278
-80126
-80080
-83280
-85520
-82662
-78864
-74138
-62778
-81468
-76878
-81776
-84608
-83282
-78936
-80602
-82268
-81060
-81848
-85378
-84932
-80610
-79050
-82024
-75112
-83638
-82316
-83188
-80570
-78780
-83048
-71680
-79986
-81646
-81192
-78876
-82036
-80650
-80040
-80100
-82294
-83684
-77310
-80394
-69482
-83858
-73650
-77392
-73750
-80002
-83854
-78702
-82382
-75986
-77046
-72428
-82256
-78692
-83060
-79200
-80930
-81846
-75938
-80954
-74570
75320
77090
74442
69746
77978
77630
76020
79194
75254
74248
76998
75184
75434
67614
75082
75556
82704
81856
80248
81558
84268
82348
74124
77200
81688
81366
82460
64954
84044
82798
80510
74574
78690
85646
84498
78994
84656
84442
81358
79368
66484
76932
78230
78836
74990
77160
72732
80252
80968
79206
79668
82758
79664
80666
83258
78088
76204
57882
70088
78890
76572
76194
73576
77342
72234
73378
74102
68134
78706
73584
80546
75518
74424
75246
76702
77332
84180
83866
85914
82004
81596
80422
77670
73346
81598
78208
77166
80788
80142
77172
77154
79362
78970
77492
83112
76052
69276
79534
82388
78118
65014
84668
78034
75446
79570
79790
79300
78854
86174
84438
77996
83448
81170
79296
81422
78690
78148
69332
73762
80762
81856
76942
78446
80736
66264
72502
73348
79396
70220
71314
80148
74530
35118
72850
75826
71180
78868
79588
76692
75820
81046
70754
82104
79982
83508
82384
80166
71518
81074
70666
74786
71234
81070
83966
77328
78674
77850
83870
79230
79220
78676
71426
77494
78764
77016
71444
82998
79194
82698
81596
77552
82410
85990
76298
81486
71994
79588
81424
84130
85366
76998
78402
81462
39278
82078
81824
76596
80028
81834
86398
78832
86560
81866
75350
75728
82692
80412
75122
76240
75998
80568
80724
79302
76304
80168
75946
84530
80620
82428
82062
80126
85148
81764
81042
74204
82956
84366
78776
76854
84558
81038
76654
78390
82834
79154
81610
82240
84554
80302
83050
75602
80644
75446
74868
80164
78684
77356
79546
81166
79034
77994
70502
70670
78010
77666
77634
69934
71544
74636
75984
79580
80502
82532
81704
75734
73694
67506
75602
64822
64566
71128
73788
75962
75716
73322
75810
74626
83144
82572
79450
81754
79190
79178
82112
78944
74650
68044
76498
75276
75386
80564
69258
77296
78790
80182
74292
78062
80726
81114
80004
74260
80502
78780
81296
78942
81046
76358
83388
80860
82402
78540
76506
73748
72862
71252
67404
68692
79632
71622
78040
76372
78620
77944
77200
82736
84122
69912
73456
78230
83418
74220
78834
78916
81794
82040
82222
83470
79724
80044
77314
78656
79820
78272
78156
78948
79754
81904
76326
61696
69798
78430
76820
78808
78822
79068
79174
84570
81582
71634
80398
83572
78590
75550
76826
79468
79348
82198
77390
81110
86036
83982
85052
82094
81312
80882
82410
81438
72650
79730
83092
78458
72584
76092
77930
80822
83968
79058
81076
77984
72828
70458
70778
76978
80278
81070
83806
82580
75706
82628
82454
77580
78962
73252
68070
72462
76438
81060
78900
78424
82164
74998
76238
80126
78152
82532
81250
80496
75162
80998
74372
84748
81834
81526
80228
84556
81398
78210
80900
77482
78638
84468
79870
80868
82550
85046
74136
75998
81456
79910
82092
84896
83034
80122
77670
79434
77240
79488
77742
78048
84308
74248
85222
80532
82236
79938
84732
76506
78314
83090
80502
78068
78700
65560
73324
79924
74310
75204
73500
74566
73840
80246
77308
76822
70482
80982
77630
79164
79470
82706
77218
77754
79524
71918
82666
77538
76410
72680
62588
77918
77690
77890
78354
70722
79304
78524
69360
64742
75480
79692
82138
83988
78918
74618
79312
64020
81078
83490
76950
81074
79774
83312
80184
76484
71228
77866
82532
68654
78370
82354
77048
75598
82374
82190
81322
80226
79334
83198
77886
77230
79828
83776
83798
75366
76628
82440
78948
78630
75836
71324
81324
76244
69042
79666
75192
80434
77574
71906
79774
80678
77484
75882
76594
78878
75676
75636
78718
77924
81634
75050
71868
74596
74680
66182
78832
83150
84500
81586
86230
78108
75068
82300
81418
79868
80130
73826
80102
72228
75890
75470
79830
74916
78648
76498
60074
70994
59216
67116
76916
79166
81562
81670
78906
76012
69222
76208
70318
60080
63474
77628
74772
76100
73440
80782
81834
82574
79150
71354
79478
78560
81842
80548
75546
79158
76712
83230
79976
81174
69916
79416
75660
75940
79264
77132
75956
82300
76532
75858
73358
76308
76186
76976
66016
77144
83588
80648
83222
74460
73434
78598
71942
82106
75592
81184
75458
79528
80268
78154
77092
57716
78048
71742
68072
74882
72946
79206
74582
78852
65108
77950
74552
80460
85838
82950
84164
85242
80912
75594
78202
79766
83710
79562
84540
78204
79882
76620
78852
78906
79740
83020
80954
77406
80008
81588
80452
75972
75220
80916
76962
77832
76836
82458
78516
79416
69700
80590
86644
77418
82254
82546
75750
82344
80036
80310
55940
82720
86798
85338
76560
79970
80382
80290
78510
77640
81808
84894
81432
82310
80556
80482
72100
74132
80396
79482
83484
74380
73070
83128
66242
69822
72688
78416
80138
84720
80130
73614
77472
77660
82084
78308
72034
76328
78190
76298
76508
79392
82034
80772
78806
79220
80700
81916
75598
74730
80968
77868
76830
81858
78028
79428
78802
75290
82816
76134
81900
77402
81212
82350
81686
81208
77878
79350
83238
81596
79904
82184
81700
82660
80446
82424
81618
76286
79292
77022
78932
81420
83662
87516
83832
78264
86292
83962
79276
73174
75180
79050
78454
82972
84760
79620
85338
77708
81964
80040
76050
78800
77934
84016
70680
84700
86908
80256
80622
80886
76182
78282
82872
82736
82062
79472
74398
-78832
-83074
-75602
-79794
-81102
-82254
-84260
-86716
-82894
-76606
-71824
-79344
-71802
-71738
-80864
-78360
-73382
-77500
-77286
-80240
-77552
-73922
-84230
-76766
-68880
-70024
-71224
-72968
-72538
-74778
-78556
-78906
-84476
-75228
-78186
-80880
-73808
-77180
-56996
-74434
-73876
-74612
-78304
-81408
-74752
-74642
-78688
-80530
-80054
-77582
-81816
-79836
-75380
-76220
-82108
-78692
-81108
-75620
-76144
-74802
-83646
-81062
-79030
-81208
-80090
-76732
-74668
-76510
-71094
-79590
-77910
-70900
-70810
-81368
-82758
-82044
-77924
-80840
-83944
-84264
-81130
-83816
-77924
-84604
-79762
-80434
-69154
-78866
-83524
-78248
-74866
-79526
-81326
-80516
-78472
-74022
-76366
-78966
-78380
-78666
-83542
-83482
-78274
-81736
-84828
-79436
-72670
-76828
-77734
-83700
-77066
-80580
-80972
-80160
-82262
-81878
-75406
-76122
-79106
-78288
-79120
-85002
-82276
-80780
-79154
-80908
-83698
-79048
-81456
-81802
-81464
-72270
-58720
-76116
-76022
-74272
-81836
-68848
-66638
-69712
-75798
-78962
-70294
-78082
-75068
-71574
-72370
-81134
-79956
-76490
-85024
-82740
-83124
-82716
-80924
-84302
-75406
-80194
-74934
-64326
-79634
-76510
-80668
-74708
-75072
-74548
-66786
-79180
-80146
-80678
-80240
-80452
-83876
-79822
-77590
-80462
-82552
-80600
-75184
-80362
-79476
-77106
-81348
-83352
-80528
-81418
-76880
-69904
-76774
-81278
-79968
-80082
-80894
-80634
-77336
-79876
-75722
-87926
-84590
-81288
-75796
-81800
-86766
-84472
-80574
-79956
-71584
-82366
-79718
-69198
-71040
-78346
-65098
-70406
-74224
-80766
-85130
-74726
-72996
-82410
-82360
-83144
-82910
-78942
-79580
-75606
-80142
-81700
-78770
-73132
-84580
-79886
-85396
-80998
-80752
-78544
-71948
-78082
-71580
-75830
-81180
-79378
-82140
-81138
-79802
-81192
-77688
-69568
-71784
-77342
-75566
-75104
-69816
-73662
-78292
-80982
-82166
-77908
-78412
-77434
-75112
-76956
-74122
-79560
-86650
-85534
-84310
-83368
-79016
-77466
-78682
-77496
-73898
-80216
-74380
-74560
-76956
-79820
-81174
-80676
-85304
-75034
-80590
-81154
-76098
-78970
-81632
-76508
-76532
-63404
-70402
-59454
-66402
-76466
-72254
-76908
-79062
-78478
-77172
-83292
-83858
-80854
-73846
-76884
-81904
-78136
-78930
-79152
-83416
-84316
-82708
-78056
-75722
-79008
-55096
-79782
-58792
-80186
-75704
-71472
-82144
-79572
-78716
-81020
-60752
-79960
-72696
-65672
-76800
-69680
-81244
-79636
-73398
-76698
-75170
-74204
-82056
-79470
-75112
-71238
-81520
-78770
-82900
-86096
-84922
-85814
-83106
-78542
-81408
-76776
-80766
-82126
-82010
-72874
-74158
-75942
-79628
-77998
-74682
-72234
-68862
-75948
-76432
-70380
-76448
-78216
-80028
-80532
-74286
-82706
-80226
-73812
-78270
-79064
-80644
-81054
-73848
-75734
-80738
-82070
-83830
-83006
-82726
-81492
-85066
-78918
-83550
-84038
-76760
-85294
-78296
-79166
-84870
-77206
-83938
-80982
-77362
-71482
-82970
-81358
-82482
-79738
-77782
-85032
-76240
-77882
-70498
-74566
-62034
-79274
-77444
-81540
-81082
-84680
-84790
-82292
-76184
-79892
-61548
-71396
-79734
-61638
-73658
43590
71530
63998
73530
70576
68234
71994
67714
79856
78218
79828
78462
84642
85128
78540
82450
74516
79556
76646
81904
77718
74660
81862
74788
80654
79790
75756
74114
44908
71128
74442
72426
72896
79350
81542
80178
82142
79488
82654
72394
82644
76562
77550
83222
85676
85278
86084
82936
83450
81862
78398
73536
71818
78314
80426
80856
72540
76018
75566
71392
79060
79898
80088
62938
74632
77254
74268
81174
63800
80502
83066
85844
84764
76836
77894
78274
75856
77888
81614
81570
78202
73152
78162
81788
82736
81710
81204
80670
75186
82468
78840
82592
84100
79150
68022
61206
76166
79940
83510
74628
73498
73146
74852
80982
83446
83550
82974
82384
82640
83714
76932
78624
78604
83954
74436
80496
79534
80656
76664
70506
79870
81788
76452
66470
79590
81500
65660
76640
80748
75050
78670
80514
78204
70136
79816
83050
78860
77520
67974
71674
78736
75972
77998
78040
78112
63948
69920
77462
82116
78932
71730
83296
78144
70682
80894
79016
80782
71676
79442
78324
83244
86112
86664
82258
79794
75166
78710
79112
78142
79190
78502
79506
80770
83412
82324
81898
78544
81154
81722
75850
70936
83838
85688
81872
83298
86502
83356
74354
76270
69790
77588
82018
75436
78752
63366
80924
75144
71072
83202
78820
78036
80562
79268
74984
77860
74230
74914
77404
83178
75258
77940
75146
73022
78606
80984
81632
82384
81286
82230
80592
79400
78094
73624
81996
79384
78806
82920
85870
79308
81824
76958
78350
81976
79338
79678
76436
79754
82558
78648
81834
85158
83700
79598
74868
72812
77200
73570
76982
75022
81912
82034
82718
80230
81224
80724
78274
74510
82108
85654
75770
81916
78248
84948
76560
71440
79174
78892
83080
84458
80784
78700
69468
70970
74698
83272
78942
82550
76904
72210
73764
64010
72590
57988
74876
80152
79970
78084
75976
74418
79508
82224
81088
80602
81766
74794
68974
75050
82316
74622
73400
60774
77942
81482
82642
78024
74944
80962
80602
73432
74602
79912
78750
79790
78528
78994
77234
83008
81348
76984
83352
80364
75740
73800
80050
82430
82048
82728
79088
79106
81358
82910
84024
81492
73840
78878
78130
76132
83418
79344
80956
76592
78244
85210
84414
77618
83708
77618
77510
80084
80804
78052
76688
83822
72706
71670
69294
82644
85204
83050
78288
77298
79854
78614
80022
81294
75046
75846
73558
77924
79902
83012
73406
73346
81594
81166
81824
78990
74372
67154
78444
52636
76004
75926
77910
77528
72452
76064
72170
76388
68074
75596
69304
64206
-67392
-74794
-81386
-82560
-80078
-79872
-80562
-80198
-80288
-81040
-79392
-81236
-84928
-86668
-81400
-80414
-72728
-73116
-79420
-82064
-72102
-78028
-79892
-74946
-79108
-77322
-73000
-75246
-87148
-78328
-72126
-78260
-77520
-75380
-66894
-72974
-74384
-77352
-78614
-76242
-66338
-79480
-84340
-81542
-84492
-85166
-79604
-80764
-82214
-79978
-85544
-83436
-79744
-81544
-82792
-79060
-79016
-70526
-73992
-78410
-69868
-70116
-73780
-80940
-73604
-68256
-79136
-83138
-84142
-76912
-76896
-79608
-79170
-82624
-75510
-75700
-78416
-68388
-74716
-65622
-72564
-65046
-77090
-78222
-76972
-82172
-80590
-82540
-75218
-82412
-80816
-73630
-77178
-81214
-75766
-76750
-80040
-79280
-82046
-81554
-78152
-82946
-80276
-81296
-76984
-74716
-77972
-81314
-76058
-79868
-76974
-67376
-81806
-78760
-76772
-77698
-77070
-78330
-80674
-81912
-78804
-81302
-78604
-83884
-83876
-81840
-75890
-79886
-81118
-79624
-80036
-80066
-70330
-77500
-79810
-84030
-78152
-73874
-56820
-76686
-78146
-80100
-77186
-75538
-73022
-79998
-80454
-81130
-78030
-71958
-77978
-74770
-77922
-77400
-72830
-81944
-80974
-73292
-82282
-76434
-81434
-78446
-74472
-78998
-81568
-80070
-85670
-79632
-63468
-65844
-79968
-79166
-79758
-81892
-75276
-76308
-77644
-80656
-80070
-74982
-78772
-74258
-73074
-73900
-77634
-74378
-77384
-78994
-81204
-77268
-77616
-81626
-72478
-74502
-75068
-76090
-61158
-77356
-80572
-77782
-74748
-63340
-78694
-80106
-78354
-77810
-74900
-72732
-80636
-83762
-75248
-76490
-83624
-84790
-82258
-78846
-82520
-77426
-80690
-76904
-82184
-77346
-76760
-78990
-81002
-83418
-81584
-82756
-78218
-62812
-71234
-72246
-80752
-86070
-82380
-78430
-66434
-78718
-76432
-74044
-78222
-75022
-79390
-81998
-84674
-77984
-60478
-79556
-77904
-78894
-80678
-82184
-81166
-74172
-80540
-76030
-73536
-56868
-77412
-78316
-81910
-81876
-78688
-84408
-81960
-80806
-77936
-84482
-71670
-82878
-83824
-76624
-78270
-79564
-86724
-81240
-82208
-79302
-68346
-74140
77126
78374
75874
65562
67314
77204
73972
74852
74992
75978
79004
75156
78416
78518
79104
85694
85270
82052
79272
74746
74926
72890
77816
78080
75822
70528
73186
74838
80990
75852
75118
78136
79186
84244
82936
72716
-70514
-69096
-77686
-79036
-72920
-77102
-72238
-78178
-84026
-76536
-79288
-78162
-73642
-74128
-75510
-80638
-81572
-76782
-80952
-78508
-79950
-78490
-83260
-81354
-79026
-83556
-85884
-80014
-73250
-72336
-75236
-78296
-81606
-73928
-72360
-76272
-73120
-77500
-78540
-77954
-83216
-79888
-78322
-74494
-78334
-71766
-76312
-76868
-77682
-75144
-80902
-80058
-79774
-76570
-78090
-80440
-78900
-81402
-78618
-75778
-72766
-84008
-78982
-81528
-74574
-80904
-72834
-62356
-72516
-70846
-78568
-79992
-83408
-83748
-68782
-77026
-80954
73214
72956
76532
71212
76598
76796
76248
71524
74992
81174
77876
73988
82230
79622
79224
80888
77020
77060
74790
75570
81232
81980
84796
83192
75016
78488
79808
82324
79642
76416
69138
77380
80804
73744
76578
77998
78224
84442
69828
77926
76352
76378
67998
73548
76744
82472
74938
77390
79402
77038
79460
71982
75948
79950
78850
80994
80182
77672
75740
82100
78236
76722
70706
75420
76284
75268
70944
76346
76378
79128
76626
83218
83518
76352
69272
81312
82488
80938
78748
66580
80908
76482
79408
82348
84448
82158
78910
78956
75888
72582
74680
70952
80868
76308
71882
83194
84040
82336
76996
77260
81062
82202
82056
82008
81354
83104
77208
79830
75688
78164
77608
71288
77768
80958
73670
79884
77524
79958
75526
78166
81628
85516
80166
80708
82074
80474
82480
81922
74666
83456
82952
83256
79526
79506
81296
83822
83952
82312
82926
79118
74736
74360
78912
62136
65970
71358
78412
74708
72258
67602
-80824
-68978
-74326
-68718
-63284
-67466
-68998
-69202
-76964
-68256
-77720
-76362
-82158
-85168
-85730
-82976
-78348
-75822
-77860
-69824
-63824
-81796
-66694
-83286
-67334
-68636
-71918
-82582
-73980
-78162
-82820
-83266
-75834
-76780
-76444
-77942
-76374
-79006
-84360
-70676
-82492
-77494
-78872
-74130
-78550
-78410
-82010
-81100
-78228
-80444
-81376
-83300
-84678
-82284
-68070
-78244
-69538
-71470
-69128
-71888
-71798
-70234
-81126
-82730
-87406
-80254
-79012
-72888
-72822
-78664
-86582
-75466
-73920
-76946
-79704
-82952
-83148
-81784
-78388
-76692
-71130
-74604
-79310
-83328
-78410
-81738
-75368
-80734
-80860
-77750
-72944
-75600
-76800
-78328
-60432
-77622
-76944
-81374
-75318
-81770
-84610
-81288
-80538
-83324
-81900
-85856
-80442
-76798
-76842
-76934
-81470
-76650
-78050
-81198
-82600
-76354
-80066
-75516
-76788
-80904
-77304
-72254
-77098
-69008
73550
83630
80720
80412
82008
80062
76976
75008
76460
65148
66898
75970
84068
81092
80062
76120
75898
82836
77768
85258
83046
82896
83498
82360
79984
84178
83882
80834
80308
79860
82040
83248
73178
77538
77120
80884
81062
81094
75418
75864
72782
76492
81586
78486
82856
81006
84896
71708
72652
75400
77850
71824
78160
76436
72084
72972
74718
75446
65630
-67736
-78802
-75730
-71810
-81328
-77886
-78818
-80036
-80046
-77434
-65360
-68990
-60534
-70822
-76732
-74490
-73884
-82886
-76812
-79566
-70100
-77010
-80284
-78034
-80030
-78200
-80878
-83448
-74624
-76262
-76078
-76588
-76206
-79030
-80360
-80082
-81834
-82640
-81076
-77484
-81640
-81828
-81932
-79906
-70106
-80524
-71424
-77438
-69514
-71000
-75460
-70990
-76306
-78068
-77482
-75532
-78160
-74780
-79422
-80012
-75362
-84230
-72946
-76922
-79812
-83700
-81190
-74916
-80336
-71518
-81758
-81140
-82304
-82954
-85142
-83376
-75816
-61628
-70622
-70218
-78032
-72340
-71894
-81526
-79372
-80598
-83192
-84454
-79470
-74210
-77410
-64828
-63808
-78312
-77392
-76746
-73200
-78670
-70258
-82370
-84666
-74380
-78200
-77114
-77754
-74626
-77422
-80190
-84266
-81674
-83628
-74410
-84376
-75348
-79498
-78840
-68466
-67370
-75498
-77550
-78208
-83364
-84906
-81544
-79880
-77102
-80292
-74666
-76048
-81360
-81560
-77596
-81090
-81346
-79046
-81388
-82038
-80648
-78004
-81458
-74420
-82378
-79902
-77850
-83276
-81330
-78954
-82372
-79536
-83430
-78056
-82786
-78570
-79326
-77582
-80006
-78788
-74452
-73542
-78888
-67494
-64884
-68106
-75676
-79358
-63016
-75766
-80724
-75206
-71326
-64150
-77622
-84926
-85742
-83230
-81020
-82018
-77670
-76278
-74850
-79146
-82764
-80252
-79446
-77022
-78224
-78916
-83730
-79388
-75778
-71432
-72720
-77756
-72888
-74738
-81788
-79640
-83322
-77618
-75408
-78146
-79894
-82052
-79256
-84104
-79580
-78020
-80578
-76000
-79862
-78862
-80982
-82792
-76182
-79052
-83270
-73010
-78156
-77658
-80160
-74394
-75140
-78218
-81044
-80934
-73998
-80964
-76786
-83364
-82452
-77684
-77648
-73942
-77966
-76780
-74140
-73088
-78570
-78280
-78334
-76180
-81040
-79790
-73486
-82752
-79622
-77442
-77392
-72892
-68670
-78374
-80446
-78396
-71826
-75268
-76798
-83518
-77246
-83764
-82006
-83190
-84826
-80234
-81438
-68710
-77614
-82216
-84268
-82808
-80774
-77414
-78010
-79736
-79396
-75598
-71146
-82490
-78650
-78668
-84150
-80622
-85326
-82480
-71322
-73798
-57704
-70712
-78042
-76996
-76610
-70314
-76102
-73056
-76886
-75374
-76782
-74678
-82842
-81980
-78388
-70206
-68830
-78950
-80766
-73328
-76300
-82342
-81472
-70362
-80730
-76506
-79874
-70588
-75520
-66616
-74284
-82368
-81872
-77794
-71152
-78548
-80706
-82468
-79452
-72106
-77532
-80256
-78254
-67660
-80780
-80668
-80252
-81600
-77680
-75904
-79098
-84214
-84390
-76492
-77870
-68764
-80004
-84322
-84424
-80582
-85316
-84278
-81968
-84470
-82772
-80774
-74590
-81168
-77356
-76746
-80244
-75306
-75164
-79674
-82344
-80648
-79650
-83728
-85790
-77396
-67976
-76490
-80944
-78288
-81870
-79708
-78526
-77560
-78714
-76942
-83532
-81742
-84146
-85840
-83532
-83254
-77986
-72660
-76082
-73642
-78952
-84782
-81010
-76676
-79994
-76170
-76662
-73794
-76850
-77828
-74390
-77330
-82870
-84806
-79524
-69120
-75354
-78402
-81374
-81492
-85258
-79774
-78900
-81706
-76128
-78932
-78004
-74166
-73624
-66912
-77944
-82524
-83182
-76090
-81554
-84656
-81578
-67618
-79220
-78300
-80288
-75706
-68368
-80380
-82346
-78850
-77964
-80064
-83602
-83518
-85680
-73948
-68924
-70886
-79510
-72768
-69780
-73362
-75850
-72272
-78288
-80030
-72152
-69084
-71808
-69098
-44496
-73636
-72932
-83068
-80372
-79218
-78178
-78880
-77950
-83870
-75206
-78276
-79154
-77970
-70618
-81614
-73934
-61574
-78344
-79060
-78314
-83828
-79180
-83608
-74952
-78418
-81078
-84148
-77432
-80650
-72852
-76158
-75542
-74864
-77156
-80274
-81602
-78846
-82274
-81046
-77284
-82020
-71670
-69178
-71064
-77508
-85606
-82014
-83018
-85608
-79538
-83598
-80596
-83914
-78516
-84620
-82844
-80906
-81432
-74676
-78616
-84836
-79384
-81592
-83800
-85532
-73146
-77478
-77578
-80430
-82226
-83026
-84836
-85016
-80442
-79482
-84914
-75818
-81360
-79512
-80248
-76902
-79166
-73428
-43948
50870
75910
82488
65230
77268
74950
71394
78262
76138
77398
82682
73666
84424
77904
80322
64944
74566
78356
78722
70772
71650
73816
64782
80064
70574
80586
79690
79310
83420
72168
78912
75856
82514
77904
76078
80664
84730
78708
77640
78254
71162
72044
76114
76442
77832
78760
71286
78152
84032
73796
72068
69610
-79250
-79478
-74806
-75546
-73676
-79744
-81780
-77920
-75564
-72112
-71382
-71944
-77132
-78830
-72332
-78672
-79956
-78876
-70412
-68898
-63084
-64758
-55594
-73668
-72788
-68294
-80996
-76596
-83910
-79824
-81412
-72614
-80114
-80882
-82264
-79420
-77114
-81524
-81238
-83324
-80902
-78600
-79890
-75814
-76314
-75158
-86228
-83914
-79996
-76874
-75416
-76594
-79120
-73456
-81754
-81278
-82406
-72198
-80602
-82714
-77832
-82880
-81836
-73736
-74440
-77796
-72894
-79078
-74416
-74920
-80222
-77348
-73144
-77702
-77392
-83828
-81274
-78944
-81806
-70006
-76226
-80628
-79854
-80232
-80252
-73116
-63614
-73904
-75050
-71082
-71818
64182
72064
68736
64026
72262
78616
71646
76026
78776
74506
73266
74172
81898
72992
77818
71818
72276
79884
77950
65092
65156
76598
78776
77148
85348
80828
75364
73368
76298
78150
84394
80822
74148
81770
76892
82394
80198
80864
82452
81528
77436
84520
83964
82780
78182
72286
72658
76384
71510
80888
72286
61174
78260
76698
79430
78882
78372
82366
77376
75322
60488
75546
75186
53432
71560
75502
73046
70024
79124
74826
75024
74782
48720
66650
79622
75570
78502
75392
71190
77390
73776
76348
78344
73160
78940
78560
77958
70060
75450
77736
77644
78878
64016
79856
76836
81360
80628
80898
83220
80912
82006
78644
69126
72556
-66512
-74836
-73768
-71098
-78520
-80982
-83188
-71216
-82190
-81394
-82240
-83016
-77782
-79680
-82992
-79642
-84904
-77818
-77484
-78962
-73662
-79442
-76784
-71478
-78548
-80224
-68214
-80726
-78020
-82256
-76064
-86092
-80800
-79052
-79616
-79988
-81100
-76602
-82494
-85638
-82228
-78882
-75346
-78086
-83192
-78130
-76668
-72738
-73654
-79786
-72684
-76276
-72348
-76678
-71104
-63972
-66690
-65902
-76216
-80326
-78186
-82588
-81054
-79462
-78070
-82476
-72466
-82084
-82498
-76962
-82218
-80584
-82126
-80022
-75076
-74066
-71050
-79608
-80618
-77444
-72248
-64380
-70776
-81746
-82790
-79788
-84548
-77332
-78086
-80082
-79286
-84390
-81510
-77912
-84056
-78502
-83648
-75582
-84466
-81320
-82488
-75014
-73132
-75584
-74764
-81536
-78404
-82032
-76396
-75154
-59372
-74614
-76574
-72258
-75730
-80534
-79214
-82050
-82902
-79712
-76100
-75690
-75236
-83182
-78432
-71046
-78190
-72880
-77778
-77268
-67718
-71332
-77108
-84612
-81296
-87062
-81038
-82044
-74154
-72738
-73396
-78562
-80878
-75224
-74764
-77122
-66730
-81820
-74370
-72046
-73088
-62366
-65822
-83348
-80962
-81808
-76614
-80100
-75296
-75274
-72972
-79344
-80456
-81388
-83492
-80816
-80472
-82484
-82454
-81198
-79986
-80482
-74538
-77186
-69250
-74248
-76400
-77132
-74528
-82582
-78020
-79608
-84378
-78158
-74800
-77622
-60948
-74972
-76154
-79630
-75544
-81808
-82696
-84066
-61760
-80104
-76336
-81112
-81790
-77056
-74894
-78678
-74674
-76174
-71560
-71930
-76306
-83090
-79740
-78880
-83124
-83848
-79070
-80784
-79858
-79244
-81192
-76032
-72148
-80526
-83810
-81282
-79112
-73824
-77644
-75574
-78832
-81492
-79764
-73924
-77016
-80784
-81240
-79350
-80464
-78944
-76666
-82812
-77970
-77846
-72100
-78912
-82922
-79764
-79962
-77564
-74052
-81392
-83096
-85074
-69356
-82592
-74488
-81230
-82706
-81484
-81142
-80192
-82870
-78840
-82002
-80958
-77998
-76248
-74206
-78628
-80100
-79500
-80914
-80404
-76486
-70912
-84522
-79562
-78388
-79440
-83654
-81710
-73714
-81070
-79870
-82510
-80652
-79892
-78210
-72166
-75588
-81618
-83048
-76228
-72662
-74022
-72352
-78574
-77172
-81092
-82226
-83150
-80308
-80788
-77232
-74544
-72734
-78922
-79992
-82062
-80222
-77774
-80712
-81018
-68694
-81556
-81750
-73566
-77786
-75928
-80424
-74514
-82812
-74820
-72560
-71256
-65744
-78086
-70970
-72988
-75774
-82008
-76838
-80994
-83418
-84060
-79012
-78548
-81164
-66162
-81530
-84988
-78488
-76554
-81030
-72538
-64694
-74986
-78570
-77958
-82554
-80148
-79830
-75786
-75934
-80502
-76430
-77480
-73312
-70668
-72076
-76102
-83098
-79926
-84220
-86068
-80424
-82536
-82012
-75494
-81186
-65440
-64308
-78636
-77888
-76896
-80872
-81016
-76240
-75296
-76986
-66710
-75906
-77156
-73484
-76304
-77804
-77822
-78542
-81238
-72606
-80468
-82374
-77170
-74396
-80844
-77040
-77992
-85294
-77188
-81352
-75488
-81980
-76910
-82186
-79548
-85482
-79190
-79988
-82478
-76646
-74546
-80472
-80950
-73380
-80298
-81450
-81100
-81320
-77498
-79364
-80390
-79248
-82466
-74622
-75782
-79552
-82374
-64512
-84300
-78068
-78544
-81296
-79958
-81198
-75812
-79426
-78074
-78692
-74684
-69612
-82180
-80384
-80128
-84500
-74736
-79502
-79094
-76002
-73498
-79386
-75234
-76676
-82000
-84152
-74330
-77508
-76654
-71786
-45054
-71894
-74364
-77524
-74220
-79484
-71208
-76892
-75894
-80756
-81822
-80812
-67718
-76996
-81526
-65742
-78156
-81474
-77818
-75010
-74348
-78146
-73970
-82240
-78358
-78292
-78322
-80718
-82870
-83582
-83234
-82448
-79516
-79908
-79954
-78214
-79348
-83596
-77804
-81420
-74820
-76432
-75990
-80234
-82150
-78426
-82466
-68724
-82088
-67938
-73078
-82842
-78948
-77452
-80894
-75260
-78758
-72018
-72406
-77234
-75168
-71930
-78186
-77654
-81756
-80966
-77230
-81944
-83412
-79940
-82968
-52244
67448
76488
72828
79230
79328
84192
81770
81396
73090
69618
62010
79588
80024
79656
75672
60432
79360
76422
74170
83068
75544
57704
69024
84564
80582
77424
62162
77148
83990
80348
79120
82746
80662
82790
79390
75328
81564
78718
70544
60062
71210
80776
71160
78546
70918
65972
77306
68334
81520
79920
79338
75668
74584
81236
82168
79274
76928
80102
77332
79942
80974
81824
84008
79086
77580
76010
81168
73692
77894
78904
83040
72350
69776
83306
76830
84666
84338
76498
75602
75106
83876
79980
80108
69640
80956
82260
78408
82132
81426
76892
75794
78112
78704
82520
85110
78314
83134
81646
75816
72726
79570
81044
75974
79836
80766
82754
81754
82016
83018
76194
83578
73608
64926
79970
78464
73662
78318
76584
77942
79848
76562
78562
69792
80764
79888
74578
78792
80330
77752
72912
62850
73834
75060
76396
76544
66614
73960
73654
80272
77230
81960
80612
78162
74060
76388
80002
82360
82492
83352
77358
72260
79060
75630
78430
77556
78158
86370
83476
81412
77140
81542
73476
77442
71628
85562
68770
77504
77472
75194
78448
78292
81236
80242
83038
82058
81348
83010
80618
70648
75400
81614
78248
81460
80388
77556
76764
78138
79372
80550
77978
70876
77284
79356
79378
76864
80700
85542
78946
76902
80674
76514
65342
69792
76414
73812
71620
76748
76346
79852
84234
76714
84600
85336
79900
80952
59308
78170
78604
81544
82924
78538
81430
72456
78922
78674
81558
79924
84096
82068
76640
70340
66166
81308
79486
80226
83978
72328
79274
73954
81092
73668
63870
81426
80566
81804
75784
62990
79714
76222
78216
76310
77418
74692
81686
83882
80738
77398
81662
78842
81354
82866
84284
76100
76546
77066
78340
76996
76754
78112
81110
79150
85296
87236
82998
80334
75892
74446
80086
82696
77726
76374
77528
69380
61144
85386
77126
79176
82316
79636
72114
79356
73446
70446
73842
77914
77692
79326
76614
73654
70974
81296
84110
78006
78508
77900
69366
81550
79002
69804
84400
76790
77090
80272
82252
76318
51618
77576
83654
84552
82010
81734
83620
79516
80940
79466
81990
87402
77356
74094
67908
79264
77144
83130
74958
79858
79424
83236
81044
80576
75906
80826
80874
82606
82578
81636
80042
78246
77860
71166
78684
77964
83520
71292
75988
75216
77870
70874
82248
79702
78394
77322
74490
78440
77586
77234
82146
82566
80150
86332
82438
79838
82418
84576
87050
82460
75280
72006
79066
80610
72752
79322
77548
79414
82194
81784
79974
79656
77356
79430
68490
78330
82914
82030
81358
85520
83338
84244
82122
83092
82262
82088
81964
83088
81842
77568
84634
82934
80812
82384
80606
79284
84798
81894
80816
82996
82460
76554
83384
78510
78600
79204
82046
78152
81312
72292
77668
75846
80304
81148
77690
79608
74532
73768
75546
77186
77078
69326
81806
80974
83008
83892
78484
80476
82994
81530
79046
80244
77862
78582
82478
73960
75764
80420
79780
77946
70758
74942
74348
71740
79532
76056
75168
78322
73492
76822
61532
76162
72942
76346
77588
81100
74184
73148
76456
75248
72512
72394
77526
72110
69240
69454
71398
75634
64218
74576
78078
76436
81436
80268
78982
81862
82696
86966
82550
78764
73508
77716
79576
79038
81326
78702
80758
80530
77788
65868
76998
74778
63736
78486
70448
74402
81290
84044
82786
72768
77394
77708
79972
78926
81434
73714
75592
79178
77056
74850
67946
70706
71616
-74338
-82202
-78254
-83060
-79476
-71290
-76428
-72136
-80086
-82396
-74524
-83580
-81318
-81036
-73512
-76766
-75404
-77922
-82354
-80400
-79662
-72350
-82306
-78562
-75330
-83964
-77978
-77760
-81534
-73204
-78372
-80034
-83110
-83280
-82884
-85896
-82412
-75890
-77362
-76534
-73318
-78868
-77832
-80660
-71054
-83182
-81902
-79880
-84184
-85758
-79856
-87774
-83588
-82718
-69514
-72668
-69486
-78276
-80368
-81988
-79602
-85754
-75028
-79456
-79562
-79654
-77128
-68640
-68150
-76934
-78248
-82204
-84922
-80472
-78204
-79468
-74560
-83048
-77480
-78962
-80494
-75816
-73294
-65320
-76066
-76892
-80474
-80412
-79070
-81840
-83804
-82664
-81624
-82530
-77330
-79830
-80394
-70562
-68530
-77222
-80248
-70688
-77980
-76950
-78708
-78622
-79310
-79188
-76712
-80134
-70606
-68746
-77174
-80638
-69106
-70286
-77054
-76496
-77790
-75920
-80982
-83150
-79172
-71854
-77338
-74020
-74002
-70398
-78254
-78952
-84582
-76528
-85560
-84170
-85594
-82106
-82650
-83258
-83514
-84382
-83722
-81210
-77432
-79066
-72176
-74186
-73418
-75648
-70020
-78724
-80324
-81856
-81866
-83218
-78888
-84822
-84850
-81330
-77544
-73238
-78514
-72698
-75420
-80374
-80952
-77122
-75750
-79296
-79820
-73482
-72506
-74702
-64772
-75358
-76114
-73364
-78924
-83222
-77286
-80922
-80908
-85064
-79176
-82616
-78264
-79836
-77420
-80516
-81526
-79828
-82762
-82730
-83204
-79270
-73304
-80700
-74890
-71712
-76112
-79708
-79446
-81590
-78620
-68670
-73004
-79596
-86834
-83456
-83214
-79122
-79330
-75728
-80444
-79710
-80684
-83166
-80706
-68788
-75258
-80142
-73266
-77466
-82828
-77770
-84442
-81686
-77056
-78674
-76904
-78576
-80218
-81124
-78064
-76840
-75876
-79794
-75556
-79434
-78632
-78466
-80254
-81404
-83226
-80360
-82454
-75698
-71100
-75062
-70994
-67122
-79616
-80504
-83148
-78432
-77252
-79114
-76708
-73308
-81862
-79806
-85486
-73616
-79634
-76556
-78672
-79698
-74808
-70002
-80132
-79822
-71404
-80958
-78352
-76636
-69438
-78906
-77582
-79750
-80316
-78314
-81056
-75686
-73160
-71276
-79514
-72656
-77060
-74364
-79640
-83020
-80212
-82248
-77992
-68464
60876
67816
71488
77772
75158
77702
85242
81736
78560
76114
72094
80772
73648
80318
80074
81654
75492
72834
70694
70646
63170
76980
81440
84698
82264
79466
82488
80746
79428
59430
69030
65560
81632
80208
81318
78390
82956
82448
85172
80662
79318
66550
71652
75138
79942
81492
79692
79298
77486
82470
82786
86420
77840
81984
81174
76774
76336
42696
73830
82176
79268
79194
51494
64448
72968
72030
82514
77994
78930
77002
71656
75962
70740
76478
79088
80336
75176
81270
81714
83758
80140
80750
81708
81770
66150
73396
82438
78466
76996
81166
80138
83864
81156
79432
76924
80472
66928
75360
49672
73306
73916
67646
81868
78264
81288
76440
59582
-69216
-67858
-77260
-77140
-73230
-81130
-79266
-71532
-73192
-75648
-79612
-79192
-74126
-74104
-74834
-78988
-80064
-75386
-78012
-80136
-79300
-75846
-71474
-71358
-76336
-76128
-61672
-57920
-73654
-77860
-81374
-78610
-75660
-80876
-82030
-73782
-81176
-80898
-80458
-73092
-77394
-77946
-77836
-78710
-81926
-78380
-82946
-69302
-66318
-77890
-85336
-85048
-78200
-76204
-80980
-77750
-74108
-78278
-81536
-68526
-76846
-77668
-75242
-78346
-78500
-72200
-73748
-80266
-74322
-75088
-80970
-73052
-81876
-75764
-80890
-76498
-80254
-65560
-82290
-85376
-81856
-82096
-81862
-82564
-83428
-73666
-78054
-67026
-79086
-80362
-79624
-72896
-83558
-75894
-55888
-74250
-75050
-77624
-81584
-85940
-81724
-78640
-67354
-85126
-81328
-84072
-74766
-78306
-84018
-73832
-82500
-73668
-76658
-82046
-77944
-82474
-75854
-71832
-76448
-77606
-78914
-79422
-82590
-80068
-83920
-82892
-79204
-78628
-79934
-77656
-82652
-84474
-83108
-80134
-80246
-80962
-80256
-85120
-79618
-83340
-75542
-74852
-85126
-75248
-68254
-78722
-79970
-71492
-71668
-78978
-74542
-82386
-77954
-76456
-77110
-79608
-83680
-77470
-78728
-75286
-80600
-76876
-82210
-80376
-71890
-78786
-78196
-83670
-80234
-80462
-80596
-78932
-83860
-83248
-79484
-86290
-80550
-77672
-84330
-83888
-82296
-76872
-73228
-82496
-78616
-80296
-80656
-73872
-77648
-76316
-73488
-82418
-77330
-76862
-77070
-84274
-76032
-78086
-75078
-76632
-72466
-78432
-83106
-83606
-76622
-79988
-76834
-80472
-73078
-75188
-80262
-76344
-79192
-72584
-80282
-70862
-69512
70256
79906
80060
80346
72976
69158
83034
82674
82266
81406
77116
79334
80192
79518
78634
78168
80398
79808
79170
84280
81754
72972
72568
80098
82580
83418
73206
66740
73384
83512
75962
72214
74774
70500
68376
79862
70872
68074
75954
75154
70174
80022
70350
76488
80032
81754
74362
73908
71530
74734
81850
81480
79428
78798
74596
81952
75442
81786
80678
77952
73956
75758
77174
77632
84254
79366
81122
78386
77428
80488
79034
77798
79416
68162
76150
68644
72554
77808
79074
78122
78298
74614
66534
81406
76756
79402
83142
79888
77872
81486
70270
79512
74990
74538
70892
74722
79494
76474
80620
82788
81478
82026
78930
81410
79648
79888
78592
81394
82028
68528
81410
76792
73898
77142
78578
68512
75134
75510
75860
81934
81192
80934
83290
79724
82182
74900
77884
76720
72748
75906
67510
80950
71506
76024
79120
75012
80608
78464
74686
81466
81430
78870
68852
72572
79576
68738
75522
68492
79442
77102
79774
79202
83112
83204
78020
80238
74732
84776
85516
82448
75142
74076
80128
79642
76572
83980
83650
74352
74562
72154
77924
78822
79198
75986
74056
75790
68040
83746
77388
77560
79018
80918
85576
67574
73374
82908
81640
82322
82188
84390
80412
79016
75650
79334
85158
82342
84102
81330
84986
82916
81538
77550
80464
81382
78886
66082
81176
78702
65336
69154
71202
69142
83004
77870
78006
77646
76838
81626
75240
79112
82574
79872
80114
84500
75224
85632
81026
81000
81756
81654
80812
76084
75828
72028
65996
64954
56364
73396
-45282
-73034
-61018
-79614
-80948
-73536
-80644
-79534
-77298
-85744
-86686
-79902
-79848
-82300
-71888
-79112
-78336
-86540
-82212
-78962
-79834
-83358
-84750
-82238
-79134
-71234
-67282
-78194
-71656
-81754
-81868
-79474
-80752
-70758
-75194
-77676
-70568
-80120
-76878
-80778
-78124
-78766
-81736
-84140
-78044
-79288
-83946
-79420
-85310
-81696
-77116
-81778
-74922
-72538
-80180
-78856
-80646
-79650
-71622
-79852
-81828
-82180
-79116
-84746
-81722
-77870
-78794
-77366
-65714
-81890
-84256
-81724
-81980
-78514
-73764
-80932
-78416
-67174
-76760
-76708
-78104
-74888
-72336
-75296
-81368
-80110
-80350
-81374
-79722
-81764
-78700
-80958
-81008
-81914
-88468
-82476
-76622
-73582
-83376
-82140
-77008
-76448
-78732
-80870
-71416
-77594
-82074
-73596
-75068
-79556
-81662
-82804
-80130
-81272
-75996
-84210
-81078
-72592
-70594
-67946
-81776
-77720
-84676
-75988
-84692
-74924
-80578
-78298
-63668
-77152
-80432
-79556
-80122
-74094
-77652
-75960
-60364
-81444
-74840
-75460
-73916
-82880
-80510
-80922
-83812
-82254
-80014
-81034
-80568
-72248
-75990
-73774
-65740
-50720
-73344
-68712
-74386
-68034
-59592
-73758
-63470
-74254
-67432
-71624
-80746
-73446
-80616
-75952
-75308
-77508
-78534
-69700
-78980
-82188
-64298
-72590
-79178
-81520
-79764
-83932
-78786
-81940
-81702
-71428
-77364
-75772
-78024
-82152
-83868
-83722
-79382
-72920
-85616
-83688
-79060
-70008
-73882
-72200
-66752
-72912
-80550
-80364
-76806
-74496
-79548
-73740
-77044
-80726
-84514
-67574
80844
79900
75384
75710
75344
80830
80084
74782
78666
76720
82660
79846
80666
81626
80902
82422
79044
78206
76604
79152
77446
76888
82598
82074
83076
81732
81872
82334
74512
71222
68646
72916
81960
83090
81526
75948
77930
76086
72912
78444
76344
71058
79252
75512
79966
77548
80564
81710
74270
74858
81290
78444
66876
78400
80862
80722
81986
74810
64290
56182
78862
79888
82578
67618
82634
82242
78824
80794
78862
70120
64538
81692
74514
59484
80774
80266
78244
82242
81582
80446
79290
76132
83676
79344
81314
68580
72936
83296
80590
76992
76732
72358
74916
76138
78116
79792
68556
77064
75272
75560
72502
82076
84270
80682
74482
68738
70504
81946
80144
76412
69088
73970
71654
76192
79432
67566
72216
78046
84264
75072
61808
-57926
-78448
-78416
-78198
-81818
-71410
-74494
-83018
-82676
-79448
-73954
-70452
-72050
-74970
-78718
-80006
-69648
-76550
-76528
-78584
-77994
-79522
-78874
-71892
-74958
-78236
-73442
-61220
-75710
-77294
-82446
-79398
-42458
-71526
-79548
-78976
-81886
-83816
-83544
-84544
-80608
-79926
-75376
-75758
-69862
-81240
-82852
-70352
-80006
-76898
-75960
-79506
-82792
-77490
-82858
-77694
-79190
-82078
-84508
-77040
-79450
-76720
-86230
-84234
-80464
-81326
-79972
-77778
-71972
-68222
-74520
-78604
-82868
-79040
-76984
-75958
-77540
-83624
-74812
-81348
-78148
-78990
-78316
-76898
-72760
-77220
-79052
-66890
-75582
-82958
-75184
-73024
-73412
-72404
-73560
-79644
-79028
-68878
-71208
-82800
-80896
-80172
-73464
-79500
-80864
-73400
-81138
-83256
-79350
-76856
-55136
-74434
-53370
-71678
-77308
-80550
-80098
-82266
-79536
-81324
-79408
-83644
-80566
-74272
-81676
-72834
-77510
-78738