-24352
-24138
-27076
-27180
-22626
16166
-25740
-23076
-24400
-25156
-23982
-24494
-26780
-26112
-21960
-27042
-19222
26028
27832
23660
25486
26106
25728
23366
13002
-26356
-26360
-25966
-25134
-26620
-23570
-25380
-25122
-26250
-25486
-26130
-28194
-26716
-27486
-23860
-22808
-25700
-22060
-24942
-24774
-23378
-20074
-25468
-24692
-24632
-23764
-27480
-22198
-24896
-19968
-22446
-24840
-26168
-23760
-24302
-19700
24382
24046
26974
27652
23342
25668
22842
27018
25704
21672
24942
25276
23952
23832
25882
27164
22296
-25582
-21874
-20868
-25362
-20522
-25764
-24010
-27728
-24858
-24800
-26408
-26464
-20268
-23726
-22854
-24048
-19266
-26304
-25114
-24450
18648
27630
25150
21782
-18430
26992
27136
25622
28466
26202
24670
22422
17338
-14032
10664
-25942
-23842
-23258
-21496
-22800
-25498
-26654
-25484
-20870
-26206
-25216
-26202
-23702
-21308
23510
24386
18858
26380
26284
27712
24862
26850
26700
27332
18924
-24848
-26500
-24122
-23942
-26960
-25866
-25802
-24606
-18958
-27982
-27808
-24888
-26236
-23308
-25552
-25200
-25790
26310
25348
25334
28972
28088
23358
-16266
-26056
-23682
-25126
-24380
-25312
-24624
-25160
-24818
-23844
-23166
-23336
-24376
-27044
-25970
-24560
-24038
-26552
-25184
-25570
-27030
-24420
-25986
-23276
-16824
-24652
-21290
-18878
-25130
-26702
-22608
-25568
-20340
-28146
-26338
-27632
-24874
-27418
-26346
-28484
-26144
-26764
-24046
-27816
-24740
-27216
-20798
-23694
22788
22502
25634
22444
25602
24374
26052
27702
25836
22742
22530
-27604
-22280
-22910
-6112
23178
-14322
-25994
-24574
-26452
-26302
-26126
-25532
-26098
-22998
-23406
-22352
-24566
-17954
21868
17200
22104
26282
25816
23786
23922
22454
24064
20518
23130
24554
24024
23694
23282
24416
24660
17848
24260
26170
26080
23682
22058
21764
22654
-22720
-25430
-25496
-24900
-26378
-28830
-26122
-26880
-23982
-25296
21484
25560
25750
26734
21910
20474
23344
26298
25704
22346
24462
25936
23464
25030
25948
26280
25928
18256
21946
24256
24642
25106
24692
23122
22896
25612
26294
24470
23656
22926
26526
26592
22770
22822
26502
26798
24696
20416
23778
25104
24786
24524
23224
23496
26548
22278
20192
20140
23232
23546
25710
27444
26350
23852
24068
15890
26334
25746
25720
26668
25456
27308
26498
15548
23238
24074
26140
27310
21114
26840
26816
25234
27148
26250
27036
27038
26610
25528
27260
25438
26804
26294
22644
25796
27110
23174
28268
27464
20574
26866
25618
26274
29100
27378
25954
21914
23602
24508
20166
26408
27092
27952
25582
22964
15720
23498
22784
25554
22334
27568
26788
25002
23592
24824
23152
16696
-15310
-25574
22106
24650
26138
25972
22178
26952
23648
23560
23684
26684
27158
23310
26632
25522
25638
25342
25392
26650
27590
26220
25014
21214
21582
22982
25488
27774
25500
28550
21484
22188
26686
26254
22264
24694
23782
26056
24198
23814
24074
24766
25512
22426
24658
26838
26818
23510
23196
24380
25230
25232
18196
23764
26320
-23930
-24980
-25858
-24958
-27752
-24244
-21132
-25594
-24668
-26058
-26474
-21596
-27188
-25752
-27182
-22106
-24308
-26568
-25984
-25330
-24524
-27136
-25572
-29414
-28128
-25152
-27312
-24502
-24056
-23576
-26022
-27204
-26554
-22774
-26042
-25032
-26330
-26124
-21626
-18808
-19720
-20952
-24244
-20616
1064
-20720
-22048
-22802
-19048
-23956
-23880
-26026
-24974
-25616
-25702
-22108
-28318
-24540
-22848
-21484
20170
19264
25462
25386
21814
24808
22200
24176
26128
27358
26430
28666
27916
25566
27316
27126
15454
20098
26554
26662
26278
24900
22752
25878
24554
27084
23262
25384
27066
27608
24986
27352
25848
23714
25512
19552
24332
20346
26282
21854
25744
28106
24440
21570
23022
23768
21496
27912
26126
25580
21734
26626
26282
22428
25400
24984
22130
18358
23942
24692
22742
25912
26104
23250
26656
27474
27356
21544
27836
26716
23268
26188
27500
27110
25698
25662
25338
27274
26114
25826
28708
25508
25168
28676
27822
28132
24958
17042
24492
27922
24382
24682
25366
28924
27594
23830
16006
-15580
-27026
-25680
-23818
-26056
-27588
-27234
-27294
-27136
-26482
-24512
-25442
-21316
-24928
-28786
-26528
-24188
-26248
-27554
-25106
-23044
-24112
-13320
-24552
-20634
-21480
-22892
-27080
-27712
-25548
-24050
-27412
-24360
-25588
-27272
-26256
-22650
-26180
-26710
-27276
-25740
-27730
-24960
-26750
-25260
-25354
-24046
-25732
-24374
-24618
-23144
-22136
-26616
-21064
-25630
-26814
-26944
-27548
-26196
-27120
-26578
-25206
-25424
-25902
-25564
-27296
-26480
-25794
-21578
-24536
-27646
-28578
-28544
-27670
-28038
-27700
-20934
-22788
-24608
-21612
-21648
-18558
-21944
-23438
-24888
-23274
-23314
-25128
-26130
-24348
-26048
-26840
-23860
-26106
-27034
-21080
-21024
-19590
-27052
-27238
-26712
-22064
-24890
22268
26256
25722
22966
27728
28106
24478
24176
22032
25662
21500
19154
23344
26696
25340
25892
18964
-24588
-25056
-25248
-26274
-26876
-26186
-25942
-24682
-27436
-25642
-27042
-25108
-22970
-17148
26740
24450
26538
26170
27264
27990
24510
23264
24172
19572
23920
18704
-23622
-18408
23280
21494
21542
26272
26986
25276
25020
22822
26052
15534
27188
28304
27184
25492
25670
27388
28656
25094
26822
24430
18530
22178
25190
27946
25426
18658
25924
24846
22084
21258
19146
22366
24758
23974
25626
23872
24728
26964
26014
25354
20778
24720
10796
-27512
-21484
-26440
-26954
-27304
-25176
-25954
-25718
17992
20792
-25212
-24260
-26890
-26732
-26302
-24946
-27698
-26020
-27866
-25008
-15662
24132
27432
27930
24976
26388
20904
27688
22352
22054
21702
10626
14166
19476
19246
19954
17876
26162
24740
20906
24888
24006
21364
23856
23994
24874
25660
26314
27554
23974
22090
23274
25172
24166
19326
-26270
-22838
-27644
-29186
-28600
-26728
-25974
-26164
-23294
-24102
-24052
-18136
-25172
-22514
-20846
-26658
-22918
-25974
-23106
-24394
-21840
-16290
-25722
-24994
-13208
-22488
-24978
-26152
-23380
-26138
-26990
-27120
-22260
-25328
-24538
-24994
-25340
-22650
-23670
-24544
-24052
-25124
-26636
-24410
-24232
-27258
-26768
-28298
-26668
-25844
-24908
-27406
-25806
-27408
-18014
-25612
-25160
-24122
-26304
-27128
-28134
-28718
-28774
-27752
-26782
-16574
-27098
-25104
-26802
-25874
-20190
-24872
-20180
25480
24670
15214
24808
24684
21572
26884
26798
19428
25832
24386
22344
26428
26146
26096
22312
25492
24818
25662
22916
23146
23970
22972
26870
27912
23966
27848
20218
26778
25660
27970
28490
25914
22704
26194
26870
26618
25592
25386
24956
26310
-16742
-24846
-27138
-26538
-22098
-26678
-27534
-28220
-26346
-23824
-25982
-25682
-22794
-24558
-25858
-25894
-23558
-25990
-27338
-27444
-23132
-24540
-27030
-25230
-28428
-26246
-26714
-27326
-25860
-24914
-28000
-25550
-27980
-26062
-26660
-25284
-23098
-24998
-22364
-27416
-27948
-26520
-21006
-19928
-24034
-22144
-19856
-17200
-23840
-24482
-24210
-23766
-25198
-24836
-25658
-23678
-24074
-25408
-17404
-27294
-23930
-26318
-26062
-26102
-24648
-23930
-23916
-26186
-25818
-26660
-14410
-24882
-26284
-27342
-8320
27632
26568
27578
25532
25356
23298
24200
25066
21646
23748
27574
27588
24002
-23100
-25548
-26686
-27948
-25234
-26552
-27320
-27246
-24210
-27562
-25652
-27390
-26332
-22226
-21168
-27486
-26384
-24496
-21392
-27066
-19206
-23444
-22770
-26078
-27802
-25938
-23968
-24664
-25418
-26376
-25640
-26474
-24488
-21692
-25020
-25128
-15620
19068
22862
26342
26326
25082
13658
-21788
-17896
-24388
-24280
-27582
-26944
-28156
-23830
-26060
-26320
-25994
17844
20886
24066
26554
25890
25436
26728
26212
28386
25438
25412
25028
24836
23020
27412
25628
9918
23040
23452
-15712
-21358
-27548
-23632
-26612
-23954
-24834
-25928
-22980
-23264
-26542
-22898
-24688
-27416
-28142
-22852
-27438
-24772
-27480
-27618
-27526
-28206
-27304
-20766
-22002
-22588
-23806
-19974
-23360
19950
23988
25232
27210
22352
22102
27058
27696
21542
27674
21206
25136
23944
27258
22920
25416
25316
24066
26632
21106
25958
23846
25398
24180
23326
24080
15266
-22356
-24916
-21692
-22988
-23714
-26074
-14876
-5530
22194
22172
16636
-2156
21330
26562
21114
26174
6176
-21980
-19962
-27554
-27072
-25348
-22046
-26204
-26224
-27226
-26160
-25974
-25654
-25360
-23974
-24480
-23614
-23446
-20638
-25030
-21878
-26212
-24730
-13670
-24538
-22938
-27486
-25352
-27076
-24510
-24736
-22822
-23518
-25230
-25662
-28612
-25092
-24382
-23742
-23110
-17676
-21040
-20906
-25822
-22708
-23114
-23010
-24976
-19438
-25074
24530
23610
24940
25040
23544
25222
25510
21812
19708
26084
24740
26936
27666
28786
27106
22914
22980
22350
24464
28784
23942
27120
27482
23126
26462
28744
26392
25996
27736
25786
25852
28078
26690
28280
28500
22282
22340
22080
21578
25758
23510
27608
24854
27022
25080
10676
-12642
20616
23286
17684
-26286
-26222
-23924
-25520
-25542
-27536
-7794
-5504
22606
26202
24524
26958
26616
26474
27772
27490
20332
26674
24536
22652
26362
20242
23166
21288
-26036
-24038
-26986
-19506
22228
26958
27980
27186
25642
26258
26736
25068
26464
24692
24752
25042
26638
26526
27462
28916
24508
23648
24304
25428
20174
24840
15386
27080
26484
26946
26548
26432
27738
27704
26054
25090
24788
26528
27504
26716
24362
22838
21442
25178
26938
26658
26648
26100
15810
24684
24556
21806
21354
22198
23466
19642
26866
26418
16874
-22176
16048
23360
27630
18724
26680
25198
27090
25996
24792
27118
23878
26368
25860
24466
25920
23130
20834
28750
28112
23794
25556
26806
24696
-22972
-27644
-28246
-24970
-27266
-23216
-25436
-24690
-24612
-26190
-15664
-23240
-26058
-23390
-25162
-23222
16636
23532
26056
25466
25892
26138
24010
24874
27116
27324
20172
25768
25898
25690
26724
26964
25192
23058
23204
27654
24198
27064
26150
22196
28126
23608
24174
17300
23302
24004
25848
27306
27908
28338
27062
25988
21936
25714
-26942
-25450
-24446
-24034
-21724
18614
25012
23150
24064
27522
28124
22284
25552
26572
18024
25276
26378
27766
24506
28012
27398
27500
28498
25764
26084
28476
28318
27916
26302
26012
21904
24880
25678
22354
21470
27372
21690
-26986
-26982
-24538
-24000
-26450
-26826
-24438
-25950
-15494
-22870
-17098
-9100
21968
23756
24338
20900
23544
26092
25906
22370
26754
26708
21576
24288
28356
25458
25526
17858
22918
24812
23156
26454
26014
26010
24012
22438
21350
24826
25194
26016
25682
25970
25588
24810
26394
26466
23196
28170
22548
27388
24692
26846
25758
27400
26552
25094
25786
25234
26636
25996
20838
18838
25482
22924
23832
26278
28182
28442
27626
28142
26674
25296
25966
26670
23486
24740
21572
27416
26150
27358
23960
18152
-22126
-22360
18848
-16680
-23774
-21992
-24728
-24838
-25068
-28294
-25806
-25286
-24484
-25784
-20998
-24672
-26220
-26802
-25600
-24960
-25634
-22810
-26188
-26842
-28242
-21034
-22232
-18678
22678
24072
23032
20112
22418
22778
18532
26784
24062
27558
26856
17270
25726
22816
25710
26436
23960
23730
25034
23766
-19038
-23660
-22824
-24546
-24108
-26514
-28298
-19864
-20954
-21578
-24284
-25172
-25406
-25800
-25624
-27464
-27064
-26012
-25356
-27922
-24050
-20786
-9654
-26090
-26702
-27780
-25588
-24372
-24738
-21518
-26930
-27070
-23034
-23294
-26344
-23568
-22550
-24794
-25524
-25446
-20832
-21306
-28110
-23594
-22534
-26824
-26930
-27584
-20074
-17750
-24838
-24486
-22784
-22098
-25300
-25090
-27170
-25930
-26442
-26950
-22522
16760
26038
25670
25554
22484
25036
25018
-24888
-22228
-25498
-26442
-25226
-26052
-25002
-25082
-25506
-24128
-24948
-20978
-22832
-24118
-23738
-26436
-23552
-26550
-21826
-26064
-28016
-27730
-27634
-22802
-24878
-25132
-25640
-26904
-27944
-26934
-26004
-19708
-25002
-26512
-25332
-25956
-25242
-25438
-25266
-25434
-11448
-23044
-25422
-24326
-27664
-23316
-23434
-23080
-24894
-23052
24304
-18044
-17022
-18892
-23484
-27448
-26704
-19170
24058
19950
26280
24712
26484
20746
25464
25834
27168
26200
20898
24984
26668
25674
27258
16642
-20828
-23614
-25508
-24438
-23554
-26320
-28434
-26288
-26474
-26608
-25542
-26878
-19440
-25224
-24500
-25826
-23206
-19524
-24748
-19978
-24726
-21704
-26276
-26972
-28556
-25042
-26752
-24546
-26994
-25510
-26290
-23522
-24420
-24842
-27134
-19564
-26244
-27630
-22362
-25626
-27078
-26490
-27790
-26602
-26382
-27328
-25124
-21198
-18562
-20970
-26034
-25500
-24482
-23696
-8384
-23086
-24090
-25170
-26138
-25754
-23836
-25770
-27722
-27158
-26944
-26234
-27110
-27790
-26832
-24768
-25540
-26064
-21728
-27394
-25554
-26992
-22986
-27664
-27746
-24216
-27148
-28122
-25494
-27078
-26492
-25836
-24838
-24698
-28486
-23694
-24256
-26490
-25370
-26970
-28350
-19780
-24968
-26924
-23630
-26666
-25668
-23106
-22302
23646
26634
22370
18182
18230
27002
19104
22556
18894
25990
26744
27144
26786
26188
26612
28290
27722
26902
25180
27294
22948
26228
25604
26454
24520
23308
23954
23390
-20066
-25238
-18300
-23022
-27748
-24454
-26322
-26344
-23994
-17000
-26666
-24696
-28072
-24068
-23814
-23618
-24386
-25566
-26610
-25390
-16786
-26022
22292
23360
24630
21916
22990
24058
25722
28298
27326
26546
26502
27272
23912
19634
19788
24732
26620
26646
26038
27750
27654
25776
26492
25822
24562
19662
18080
24822
27004
26256
27538
26452
25364
24074
21864
25412
21338
21876
21964
22948
25982
23748
25168
28394
28352
25280
22238
25202
25414
-26782
-24908
-27050
-14244
25618
25850
25990
25598
22654
26084
18464
26612
25794
26516
23204
25514
26406
23704
23720
24396
23418
19726
24750
28148
26114
23840
22318
21464
25140
23510
20624
24004
25846
21646
25682
23706
21118
20906
26194
25030
27370
28774
27136
19720
26340
25342
26650
27512
27154
24210
16662
22416
23700
27618
24858
25748
21878
25952
24452
22464
22180
26998
25906
25742
26814
22140
22372
25028
25264
25592
28400
27644
25280
21624
23208
23512
26704
25318
21778
25802
20354
27966
27666
26150
25626
26222
25402
25876
26028
26270
27008
25790
25982
27420
26250
24384
26994
26022
26776
25922
26008
20944
25288
26734
27106
26652
26966
27202
22472
26404
27624
24626
25134
25640
25080
25476
16952
-22164
-25656
-25318
-22740
-22514
-20650
-21398
764
27516
23246
26030
22784
25076
27318
28572
26906
25890
26158
27410
28284
26690
24836
26378
27956
28090
25746
26124
26936
27826
28036
27548
26076
27464
27556
25262
23454
23352
-16178
22654
27622
26324
26224
27754
26188
24392
22442
27638
27104
26930
25358
27820
25166
26006
25646
26184
25260
25068
25970
24052
21304
23210
26498
26680
24076
25890
24282
24282
21840
26634
26500
27524
27592
26160
27816
27802
22170
25740
24772
19542
24872
23002
27778
26936
25722
25322
22448
23284
-19614
-20204
-23634
-20598
-21622
-24398
-26984
-26872
-27186
-27168
-24996
-21610
-20568
-23772
-19946
-27536
-22494
-20006
-22594
21824
23210
23880
26830
27128
27588
26278
28378
27600
23430
22050
25992
25610
26708
26804
28682
25516
26548
27582
26468
23052
23140
22370
24582
25964
26090
-19700
-26060
-25912
-26692
-27644
-25568
-26240
-23698
-21190
-23884
-25720
-26522
-27406
-26672
-26922
-26572
-27702
-25118
-26792
-26676
-27508
-23502
-26422
-24352
-26112
-25316
-27670
-26076
-25990
-26178
-24360
-27034
-26856
-21124
24466
21238
25512
26444
26286
25016
20812
21990
22852
25322
21546
15300
-23830
-23854
-25150
-27576
-27010
-26100
-27132
-25002
-26850
-26402
-20908
-26752
-25380
-27546
-25716
-26616
-26544
-25824
-25748
-26900
-27412
-26358
-24452
-24160
-23776
-24418
-24610
-25646
-26650
-24610
-26758
-24848
-25326
-26100
-22670
-22720
-21706
-26094
-24916
-19670
-21880
-22230
24418
24252
23248
24978
22628
21618
25074
26832
25276
27472
19988
23132
21180
25082
23122
25582
23424
20936
24328
-15692
12640
-17572
-24008
-22630
-20718
-20292
-23910
-23064
-21952
-27006
-28904
-27418
-26590
-25874
-25268
-26024
-24402
-20678
22286
24838
25540
26346
26670
26880
28462
27920
26810
20990
27352
28092
22340
17836
-22844
-23322
-22074
-21548
-21146
19328
18366
25644
26864
26210
24348
25724
28840
28524
20892
27790
28178
25390
27860
28642
26220
23604
20820
26282
25730
27758
20840
25062
25292
24956
24280
25202
26052
26794
26794
27764
24096
24252
22816
25258
25774
24224
25100
27654
27904
21656
25822
26218
27906
25166
22962
23072
22860
23950
27098
25568
22876
19904
1636
-24454
-27218
-25810
-26476
-23472
-20414
-22432
-27334
-24780
-25414
-22720
-27004
-27546
-28248
-24304
16166
-23870
-22524
-20538
-23798
-22812
-24938
-21756
-25470
-24204
-23920
-26452
-27624
-26024
-24896
-27036
-27556
-26914
-27532
-24056
-27508
-26942
-24126
-23618
-21072
-22970
-24972
-26630
-26388
-27132
-26906
-27170
-25202
-25042
-25908
-26548
-25662
-26270
-27306
-20558
-22270
-28218
-26382
-24734
-25094
-23840
-26044
-24580
-21554
-24086
-24546
-24994
-26898
-27000
-27756
-26016
-22432
-26704
-23964
-25872
-25736
-24076
-25418
-25560
-22942
-21952
-24424
-25504
-24590
25668
27166
13226
-15360
21112
24008
22502
25752
24202
24388
19532
24114
19824
17356
20290
-23864
19738
22436
22690
26482
24300
21364
23408
23948
26356
26072
27604
26766
27894
27072
24180
27000
26440
25620
20804
26060
27246
26744
24304
22220
20762
19206
24854
27390
26894
27634
22260
24378
25600
23410
25162
27082
27512
26606
28076
23090
25108
26110
19824
25024
26044
22014
22086
19066
23692
26362
24486
27016
20718
26378
26330
25260
22050
25334
25380
26026
20574
-21764
-23418
-22642
-19818
-25048
-26798
-20056
-25562
-19326
-26718
-27772
-26222
-26056
-24326
-26842
-25540
-23162
-22864
-20378
-21838
-17876
-21580
-16612
16998
21104
22916
23290
27130
25472
27586
26702
27844
24436
22682
24192
25888
26486
24250
-14668
24778
25036
23824
25208
28456
28390
25836
27064
28584
27060
25354
27044
27920
25816
27874
26098
25522
-14764
-18556
-19554
-23874
-25290
12674
-8166
22900
26452
26102
25920
26884
26748
21448
26898
25284
-23276
-24956
-22558
-24746
-22726
-23020
-24256
-27256
-26476
-25372
-21544
-19686
-24220
-26154
-27050
-27298
-26940
-28786
-26458
-22290
21458
24110
23488
26864
27798
19350
23244
24386
24170
24360
23834
23682
26118
24812
20756
24218
-14268
23888
26768
24272
23638
24494
19504
23882
22356
14608
11044
24818
21640
24216
20514
24664
23896
20556
18798
23704
25136
22760
15450
22368
-15268
26602
27008
22380
13918
26158
25122
25852
25204
22104
25026
22226
27580
23464
23926
21530
26166
21026
14386
-23294
-20856
-22172
-25432
-17234
-13914
-22008
-28526
-25936
-21592
-26410
-21764
-25318
-27122
-25052
-22350
-24678
-20946
-22684
-25274
-18556
14430
-17186
24860
27442
24094
25478
28170
24422
26652
22518
25774
18258
25578
27078
27496
27500
21788
24242
24886
25352
25516
25194
18208
25820
26720
24230
26034
22670
24672
28514
28470
24778
28144
28872
27394
25248
24988
20384
26196
27120
27632
29018
27592
26076
20112
23866
24558
21712
23694
23946
23474
26008
22180
24944
21804
22054
24764
25696
22354
24464
25614
26964
25182
24924
21232
22614
22988
23860
26064
27638
27198
27494
27396
25014
24610
27218
27110
22136
25584
28046
26944
27020
26582
24170
26342
26946
23458
25878
23902
24358
19562
23676
22888
25916
28078
27438
24246
20550
26748
24008
26196
22952
24376
26748
26108
23362
26490
23926
24610
22586
25648
25316
26128
27218
28434
27522
25998
18660
26656
24934
25742
24088
21652
22770
24396
26256
26384
27944
25908
23394
23528
22218
28040
24552
24406
20738
24066
26952
26206
24034
26576
25040
24374
26316
28852
26488
22386
22746
21054
21560
20614
23884
25448
21570
25948
27236
25164
28574
27746
26990
27256
26736
17174
24156
26650
27102
25460
26106
24760
27270
26384
27446
24348
21218
25058
23544
27196
26658
26762
23796
26772
25074
26740
23958
22130
24200
17684
23114
23388
15456
25794
23828
21632
21810
19156
24140
24716
24120
20768
25736
22488
-23374
-25208
-25686
-24246
22588
22354
20870
22606
24050
20838
-21404
25418
23578
25822
24340
22872
25724
26658
22832
24698
23316
23180
24342
19886
-23762
-16862
26576
26508
22364
21426
21638
-17352
-21828
-23758
-26148
-23046
-15892
22388
24008
23076
21580
25446
26892
23302
25012
26410
26482
23032
25250
21412
21302
24054
19526
-24260
-23494
-26746
-24990
-23638
-24054
-22980
-22792
-27450
-26706
-24718
-26324
-28642
-29020
-24792
-27236
-27356
-27068
-27792
-27202
-25630
-27284
-26392
-27486
-27750
-27196
-25436
-25522
-23582
-26232
-27458
-24384
-24864
-24028
-27240
-26852
-24964
-25722
-25274
-26234
-28460
-24590
-24980
-25524
-27398
-25850
27390
27510
23302
23146
26636
25604
26986
24904
26150
24950
21842
26348
25356
25518
24742
25088
20900
22504
20632
21488
-21986
-25316
-24330
-25138
-23774
24158
-24834
-20566
-9050
-21220
-22446
-26220
-24266
-24340
-16652
-24870
-26336
-27342
-21892
-23110
-22950
-22692
-19192
-24650
-24866
-23538
-12914
-25044
-21820
26034
24258
23182
24732
26552
25288
27016
24762
14036
26324
26820
27532
26778
26014
25960
22214
24452
23820
24326
25990
25840
12844
-9488
22906
22016
20984
24824
-24708
-23772
-28454
-22906
-27860
-26424
-21928
-22752
-24866
-22756
-23220
-25870
-19236
-23516
-25944
20830
22152
23674
24138
22794
22302
24306
26282
27680
23140
26534
26180
25458
27248
21576
28290
27996
26826
26158
25528
26432
19128
22200
-22456
-26150
-28090
-23486
-23644
-24924
-26218
-24294
-21802
-26198
-27472
-26902
-24570
-27542
-28174
-28194
-28362
-27792
-23924
-18284
-24094
-24100
-25438
-26006
-28052
-24034
-25498
-26004
-22052
-24596
-27418
-26754
-26082
-25870
-23132
-14826
-27334
-25184
-26604
-27616
-27070
-26100
-21108
-24744
-21962
-27926
-25104
-24328
-18458
-21446
-22942
-22618
-25490
-23416
25936
24422
25904
23398
24274
23338
26174
26246
20302
23662
24518
16904
24378
21074
13782
24998
21488
20956
25048
25334
24306
26512
19742
23618
21712
22996
24338
24042
27516
25906
16966
27374
27128
21888
20536
24184
24826
26402
26818
26424
24564
26266
25664
24042
24924
24560
14456
26894
26754
25902
-26088
-27000
-24414
-22708
-26122
-26658
-27466
-27326
-27936
-26064
-22160
-21248
-25542
-26036
-26032
-25198
-21978
-21584
-26046
-25934
-21390
-23690
-24034
-21394
-24560
-26712
-26316
-27254
-27072
-27062
-25834
-25420
-27668
-26306
-27430
-25724
-18784
-26606
-21198
-17858
-25006
-26666
-19276
-23622
-27262
-24050
-25856
-24384
-25978
-24746
-26636
-24996
-22518
-25058
-25750
-25030
-23980
-18980
23914
-17474
-25200
-27078
-28018
-27318
-26402
-25620
-28250
-25096
-26466
-26270
-26202
-26570
-26542
-26228
-25930
-23566
-24146
-26630
-25144
-21006
-24066
-26812
-27020
-23980
-25992
-23938
-22348
-21534
-23408
-25214
-21972
-22206
-22504
22840
7434
-23308
-24440
-24218
-26152
-27008
-24854
-23412
-22498
-26010
-26362
-25494
-23726
-26188
-24464
-20420
-26504
-23670
-15998
-23678
-24926
-26654
-24112
-17248
-22290
-27862
-27474
-22134
-24250
-22120
-22934
-26012
-25732
-24620
-24956
-19116
-23852
-23362
-21768
-22894
-26792
-23666
-22490
-19040
-26618
-26058
-27240
-27808
-26074
-21028
-22062
-25466
-20134
-23594
-19120
-24318
-23880
-27654
-24408
-23176
-25794
-25714
-27570
-23040
-21550
-22734
-24062
-25336
-24664
-26992
-21292
-27808
-25392
-28574
-26484
-20448
-20976
-24902
-20834
-25070
-24544
-22892
-24166
-24232
-28116
-25608
-26344
-22524
-24846
-24066
-28124
-25184
-22644
-24328
-24382
-23858
-22386
-26482
-27354
-16740
-26672
-24212
-26370
-26338
-26442
-26216
-25674
-24504
-27660
-26198
-18824
23800
23288
20334
25736
27630
27794
25616
25134
26224
25868
25168
20040
26504
26644
26532
29632
25852
21804
27540
25492
27356
25202
23886
20492
23136
21584
26538
25708
25438
18056
-16838
-24500
-24116
-26798
-28332
-28062
-21488
-22680
-27432
-24982
-26460
-24666
-25708
-24038
-16308
23648
-24270
-23546
-25938
-24650
-23016
-27334
-20612
-22872
-26012
-20380
-25044
-25156
-26012
-23462
-23768
-21860
-25812
-26900
-24052
-26150
-23528
-20136
-14972
23360
15380
-23424
-17578
21062
21242
26690
27080
25754
28030
17438
14266
22962
20858
25798
24452
23704
25330
24480
27104
26198
19574
24868
26968
27876
24604
24206
25444
27712
25022
26324
26634
25102
23588
-21674
-21962
-24706
21982
-8952
-27722
-25222
-12932
24236
23578
21948
26798
24888
26978
25642
25026
19864
-21454
25690
25716
19070
20922
-26048
-23496
-24650
-26956
-17860
22364
25694
27162
25278
24014
24726
24270
25782
25302
26596
27752
17130
25370
25800
25620
24170
25786
23920
26792
25914
26254
25624
-26502
-27406
-20480
-25790
-26624
-25364
-21078
-15854
-18930
22086
24324
24160
22986
20906
26376
25024
26742
25410
26038
25022
26198
25268
26494
21528
26344
18900
24454
24904
24438
25054
25418
25396
25488
23500
27188
26648
25744
27044
23462
23292
26508
27136
26522
27356
26610
25312
24450
23332
-22646
-23630
-21334
-19304
23920
26844
25962
20308
24656
24158
21676
21994
25800
24064
21672
22544
23302
25378
27044
28720
26402
23344
26122
26226
25716
22848
25092
22318
19502
24998
21498
24538
26282
21578
14786
-28066
-26732
-26520
-27538
-26342
-26244
-28306
-22352
-25972
-25208
-22834
-23802
-22244
-19956
-22730
-24764
-22546
-24132
-26278
-26390
-25952
-24246
-24134
-26604
-23456
-25506
-25358
-27030
-23502
-26338
-27266
-25932
-26714
-22818
-24522
-27296
-27248
-27888
-28052
-27088
-25860
-27642
-26318
-23786
-24302
-21618
-22702
-20964
-25652
-23136
-28494
-26986
-23688
-27630
-25874
-27164
-26054
-24216
-23954
-22036
-23630
-20036
25418
25910
25052
26466
24594
24498
25562
24076
21276
22156
23860
21496
19314
-9570
-23522
-25670
-25626
-25396
-21610
-24264
-24668
-25708
-25634
-18522
-16162
-22846
24486
26392
26860
27630
24784
18690
25960
26220
23216
25438
25112
26020
25832
23572
21966
23858
-16334
3864
-24958
-25606
-27142
-25516
-24772
-24138
-25638
-23106
-23112
-26144
-23294
-22644
-22770
-22034
-24604
-21436
19630
22046
24446
27628
27750
24196
25796
25136
29164
26648
23122
23926
26298
22186
19922
23560
26950
22406
24292
26594
24532
25394
22760
21092
23048
26324
22026
27190
25568
25860
23000
27940
25090
25354
25542
26006
26716
25104
24700
24364
-26946
-23736
-26924
-25256
-23100
-26106
-26798
-23604
-26102
-27952
-26298
-25352
-23612
-24740
22154
23938
25924
-25256
-24382
-21532
-25402
-25038
-26112
-23222
-23768
-25448
-24140
-27820
-25972
-25712
-20324
-24690
-27610
-28478
-27330
-26996
-27850
-21370
-24218
-25860
-25386
-27396
-25080
-18740
-12666
-22822
-26828
-21618
24546
20556
24538
26166
24902
24996
27022
26830
26758
22638
24660
22934
25384
27362
25166
25272
22608
21708
25272
28222
29458
28132
28144
28988
25320
22952
23456
27392
27434
25504
24654
26462
26228
25838
27522
25142
22620
25526
24500
27352
25512
26628
24704
28772
27232
24308
24460
16436
25008
14330
25682
24066
25492
24930
21286
25422
19728
22448
18800
22616
20106
6988
23722
23460
21578
27628
27748
26996
25422
27112
21184
23798
27874
24452
24434
27590
27088
27018
21376
27224
27246
23808
26580
25056
24484
24528
26058
25614
24494
24572
26484
3638
-25412
-26790
-26842
-18896
-20514
-24916
-25222
-26472
-24114
-23178
-25464
-26540
-25532
-22778
-26756
-25030
-25668
-23656
-21398
-16972
-24400
-25984
-27310
-23458
-23978
-23126
-24332
-25346
-25770
-26414
-19586
-27424
-28608
-27142
-24292
22472
24344
25962
22068
27750
26558
24610
25528
27454
26516
24078
23696
-25022
6140
23876
25302
23370
27964
25542
24882
27520
25556
24972
28078
27482
25530
26686
26580
26598
25792
24370
26208
26936
26564
24216
24174
28094
25256
25080
22872
22580
24760
26050
20410
23762
24564
18256
-23798
25384
22472
20922
-17436
25466
21754
14254
-22672
-21348
-21592
-26792
-24910
-26812
-23978
-26716
-21838
-16108
-25420
-20496
-23202
-23994
-26554
-21470
-23726
25574
23142
23390
23656
21052
20784
10084
21092
22656
22438
20512
24156
24260
25292
27112
27704
27874
24692
27218
27492
25034
24362
-21740
-19674
21998
23274
19338
-23128
-23848
15104
15840
-24690
-22720
-24502
-24720
-21640
-23442
-26682
-23556
-24448
-24678
-25966
-27456
-25620
-24028
-24184
-25820
-26594
-23498
-23428
-26656
-26202
-23874
-23216
-19446
24152
27320
24858
24144
20580
20758
23232
27148
22346
27318
27446
22618
23564
16836
19744
21250
22602
25572
25052
25078
13350
25448
24288
24542
21492
20936
23834
24756
26022
25340
23484
25528
27352
28586
27684
24608
25574
24444
24616
28450
26748
18308
25684
23490
26076
26790
25752
23820
25352
21896
27316
25084
26740
25136
23276
25610
26780
24774
27380
24450
23016
25040
24936
23020
24392
25716
26708
27698
28534
21038
28738
24158
24718
26128
21058
24854
23982
18466
26856
21798
27370
27916
27050
27190
23274
26302
27062
22104
-17514
-23580
-26070
-26564
-23994
-27794
-27176
-27650
-22168
-23960
-23486
-25534
-26736
-28448
-26084
-24822
-16848
-18302
-25408
-22610
-21470
-23012
-23232
-21380
-21952
-25934
-25166
-22940
-26138
-27428
-25378
-26836
-25556
-25018
-22068
-25092
-25808
-25624
-25270
-27362
-24388
-26546
-27682
-21384
-26490
-26592
-25770
-26758
-28282
-25854
-25284
-24310
-27304
-25326
-26040
-25530
-12236
-25210
-22378
-24606
-23430
-23422
-23600
-24146
-21992
-15604
-26294
-22422
-22264
-25060
-23182
-23772
-23968
-27080
-25928
-26492
-24622
-25524
-21690
-26928
-25424
-24740
26556
25894
25620
25804
26076
25730
20318
25724
24890
21672
24656
24668
26404
-26710
-26478
-25618
-24212
-24242
-23008
-23076
-26142
-27422
-24448
-15928
-22116
-23322
-14816
-25658
-25288
-24502
-27160
-27090
-24980
-25844
-24564
-25068
-26504
-27780
-26008
-27252
-24320
-26378
-26232
-22660
-19972
-20488
-23528
-27772
-24002
-25012
-25024
-25810
-26026
-25396
-24846
-25182
-23460
-22592
-27306
-28502
-28016
-26960
-26950
-26090
-24266
-25066
-23276
-22256
-15810
19200
19436
20466
20086
24934
24740
26218
26046
22678
19024
25444
26280
26430
22856
26430
25442
26096
23632
21898
22668
25120
23248
20136
-13124
17814
-12478
20438
25588
26032
22708
26180
25098
25178
23088
20994
26160
27656
26250
27418
25152
25544
24336
20906
24342
12552
24244
20692
14900
-21610
-25602
-25518
-26064
-26324
-27630
-27458
-24254
-25584
-27924
-26626
-24694
-24944
-27536
-22922
-24826
-24370
-24492
27990
26926
27326
27160
26344
21272
23604
16674
23426
16522
-23522
23794
19310
26572
27292
27012
24518
25104
25192
27018
25924
27018
20152
26216
27610
27624
27368
27274
25238
12972
-23920
-23018
-23524
-25540
-26214
-23170
-19590
-18642
22486
22834
19774
-26094
-26432
-28314
-24488
-24166
-23610
-26562
-25966
-26530
-24562
-25870
-23860
-25268
-26570
-26920
-26060
-26846
-24926
-25032
-27226
-24672
-25748
-27048
-24242
-26694
-22426
-26998
-26414
-24820
-24616
-25492
-24832
-26706
-23624
-25064
-28204
-27244
-24212
-25334
-23562
-21898
-22416
-24626
-22638
-25374
-24688
-27888
-20484
-26768
-24278
-24036
-26630
-23520
-26318
-16076
-25820
-23420
-26398
-24622
-25700
-25434
-24588
-23026
-27184
-25824
-27172
-28684
-28508
-25822
-27726
-23774
-24534
-21568
-26800
-28666
-25910
-22998
-21376
-25888
-25708
-20756
-22896
-24508
-23226
-25858
-27058
-25264
-25554
-27632
-21164
-15036
-25056
-23316
-21862
19574
23094
21474
19306
24654
22346
21690
18542
21454
18440
21594
25672
23498
26508
25302
20192
26322
25754
24914
22038
22470
24502
27772
26468
23400
24378
19260
24604
23422
-25362
23770
23510
23850
23014
21220
27690
27200
26696
27098
24156
-18620
24652
20696
26034
25856
25790
27388
15034
-23216
-24288
-27768
-24018
-25238
-25742
-22948
-25598
-24976
-26362
-27872
-24516
-22954
-17654
-22388
18906
26750
24080
24828
21970
19568
28538
28194
26666
5382
-27510
-26110
-24200
-27424
-25312
-25442
-26650
-23828
-25226
-24970
-24168
-20812
-24750
-23550
-23580
-23280
-25710
-24820
-25210
-25488
-26466
-23482
-23146
-19174
24136
26428
19670
-23386
-22752
-19162
-25946
-27878
-25922
21352
24058
27158
26094
27560
25094
24612
25892
25858
19648
23870
19508
24062
24574
26598
26280
27344
28744
21002
21124
24626
10394
-20746
-20354
-25984
-25074
-20694
-20308
-26644
-24930
-26656
-25964
-26838
-28982
-28576
-23680
-28652
-23350
-21880
22640
25164
26274
19964
24968
24882
27390
25402
26848
21190
21422
26346
26972
25120
24702
23978
24422
23038
21998
21152
22998
-19496
-23846
-20566
-25730
-27134
-25116
-25918
-26632
-24644
-27624
-25510
-27442
-26914
-27276
-24560
-23722
-15550
-24262
-25514
-24008
-17828
-22578
-22888
-25870
-17950
-21126
-24430
-28080
-26322
-26526
-25126
-26054
-25922
-25708
-23880
-26460
-22262
-23586
-25742
-27528
-22722
-23924
-22888
-17736
26214
27308
26820
25184
24258
18800
24064
20704
24926
24100
27108
22446
25008
24580
25188
23428
26886
27412
21314
27556
27832
20192
28046
25880
26376
23796
24454
24748
24902
24074
26020
26496
25370
24032
24248
25316
21180
25462
26594
23106
23498
24786
24284
24702
26470
22546
28004
26160
28300
29096
27150
26332
26774
28062
28262
27236
26608
26702
25736
27090
25782
25446
25400
16008
-23694
-18716
-24436
-27642
-24834
-21174
-24000
-22652
-20464
-20314
-24452
-25862
-24268
-26372
-24304
-27030
-26552
-25884
-27240
-23706
-23054
-25028
-26120
-22976
-25400
-24332
-23530
-24110
-15958
27660
29380
25140
23702
24982
23780
25246
25150
23734
24958
6396
-22208
-22550
-20300
-25416
-25730
-27926
-24080
-20372
-28632
-26870
-22392
-25230
-25758
-26102
-26200
-26770
-12514
-26338
-23976
-26242
-27422
-25724
-28556
-28224
-28690
-21256
-25050
-23148
-26618
-26330
-21158
-23308
-25304
-26044
-23174
-26640
-23378
-23798
-26568
-23150
23048
25150
24266
27040
27844
23226
25410
14138
-15976
25800
23158
-25120
-20916
-15748
-23076
-22950
-23236
-24724
-23004
-21122
23950
23972
23916
27194
23656
27288
27012
25344
24612
22776
27582
25046
26036
25018
25068
26806
18792
25680
18602
20460
24442
-22246
-24566
-22542
-24830
-26470
-26148
-24054
-25608
-25232
-28164
-26288
-24838
-27794
-27228
-24466
-27762
-26256
-26138
-27582
-25360
-15652
-21356
-26026
-21200
-21592
-19182
-24764
-25054
-24114
-23760
-20924
-18004
-23384
-20198
-25086
-23838
-23670
-22122
-27900
-26788
-25198
23362
24700
25308
23750
9438
-26336
-26632
-23942
-18934
-27292
-25104
-26380
-27402
-27000
-26680
-23460
-26758
-26446
-28660
-24530
-23168
-27174
-26302
-21288
19558
24056
25896
26440
26170
22412
25712
26440
27196
28274
26036
22932
25326
25004
20286
27304
26066
25656
21398
23828
22810
-20626
17440
22230
21832
23546
18268
-23818
-25026
-21498
-17948
-19680
-24630
-17810
-21990
-23298
-17196
-21464
-23586
-23358
-26338
-25276
-16932
-24264
-24390
-22530
-14962
-27176
-25170
-25682
-27748
-23680
-24760
-20752
-23950
-18388
-16926
-26612
-24584
-24712
-25492
-23430
-27206
-27174
-19820
-25592
-22870
20426
24002
25168
23932
25392
25124
24340
26864
24394
23580
26576
25002
18416
22314
22590
18640
23734
22462
26834
28650
27920
25288
19564
25928
25874
23102
24780
25122
23380
21616
26400
20250
25394
25378
27412
26854
28456
27382
28390
23384
26432
25756
27010
27214
23686
27372
27712
26764
26784
28116
27372
26426
22816
25390
23470
27052
22842
18974
25826
22382
19852
-13718
-25076
-24370
-23572
-25482
-23320
-21548
-21056
-23638
-26004
-21648
-24254
-24638
-23570
-24932
-23250
-25438
-25486
-16124
-25734
-22702
-22694
-24046
-25668
-27264
-26766
-27628
-24466
-23672
-24810
-27032
-26998
-18196
-25626
-23936
-26310
-21774
-26778
-27872
-28730
-25250
-22912
-22976
-24242
-23060
-24926
-27990
-27268
-24694
-17930
6128
18858
23414
19622
26074
24636
26486
27422
27436
26646
25378
24324
26144
25484
27060
27088
28196
25866
24406
27036
27436
24098
20720
23218
25734
20202
24596
23890
27348
11452
-24000
-24148
-24182
-26940
-27732
-27178
-26094
-24198
-24104
-26510
-26136
-26652
-26130
-28198
-21602
-22856
-22258
-20394
-26232
-24982
-24630
-23298
-19752
-22520
-23302
-20140
-27096
-25336
-26068
-27024
-25934
-22460
-24558
-25622
-27178
-26394
-26746
-26526
-23486
-22774
26764
24364
20372
-13976
16484
22932
26604
26276
25360
27202
28042
26748
27680
25426
21928
22960
24412
26350
24418
22996
24216
22354
25484
26798
22526
21222
27346
26738
28404
25674
26734
28076
26618
26586
20748
24326
24808
25302
25624
25126
26468
25956
25216
23848
22140
-21470
10422
-19892
-24800
-24408
-25734
-24338
-28494
-23580
-25618
-24586
-26246
-26676
-27346
-26910
-22282
-24142
-23700
-28416
-27484
-25816
-27060
-25978
-24726
-13670
-16102
24318
23916
23162
23768
24220
-26124
-25442
-26718
-23684
-18632
-22134
-16506
-21624
-23866
-16146
-25412
-26892
-24080
-24778
-27152
-27054
-27094
-27084
-25264
4414
-15212
-22870
-24444
-28816
-27750
-26086
-25486
-26432
-27026
-26408
-23600
-25898
-20546
-28110
-27268
-25634
-21318
-27248
-27258
-24842
-21166
-26726
-26992
-26250
-26740
-18918
26622
25190
24608
22402
23708
26956
26096
24660
26828
26820
25888
25628
26290
25074
25266
26390
19852
27198
25876
24884
23756
26516
29436
27204
25396
23162
24710
25040
21296
22156
25910
25628
23350
22932
27280
25890
25340
26052
26276
26990
26232
25872
19870
26156
24474
24236
23488
27512
27082
25470
25176
25268
26766
24174
24598
25576
23398
23544
-24404
-22342
15222
16568
-8650
24668
19994
26556
28022
23078
26728
24672
25638
25254
24024
24708
27720
26846
27994
26034
27474
26516
26652
24360
26678
20052
20194
25220
19988
25450
26420
27532
24806
27878
26298
24606
24394
22648
25820
24624
24624
21010
19278
24430
21650
26854
19596
17170
-22262
15484
19674
26008
21490
25158
25602
22478
25278
26446
18624
-24866
-22618
-25816
-20690
-27564
-24846
-22978
-23398
-26590
-26914
-27094
-26930
-24188
-23570
-25088
-24336
-21800
-27268
-25740
-28164
-23882
-25666
-26362
-24716
-22416
-24448
-22600
-26702
-25984
-25980
-21870
-26978
-27752
-23980
19766
23334
25836
25030
21036
11546
25998
24436
26908
26862
22356
22940
23006
25394
26658
23914
25192
27720
25374
27364
25686
26396
24656
24180
20946
22986
23648
23196
27018
28216
18050
21822
26664
25736
26126
26418
21638
26474
26842
24200
-23930
24498
25654
23818
23764
26796
26632
24772
23160
29436
27164
26948
19478
13362
21270
26898
23788
24770
19744
19938
-24784
-24932
-24540
-24568
-24118
-25446
-21102
-24360
-23536
-24490
27276
25138
21458
24604
27702
27682
26450
25082
22544
25104
23140
23598
23780
24906
26170
27148
26056
24932
22826
25058
27166
28002
27370
29002
28800
27996
26474
25102
20612
25416
25770
19578
25234
25254
27002
25044
25710
27338
25506
19074
25080
19844
21248
26276
25448
27662
26724
27894
20854
26836
26388
27922
26016
26546
26052
25392
25106
27240
27448
26044
27590
24170
22368
26432
27036
25214
24604
23534
25948
26760
24952
24214
24380
26162
25802
24828
24902
22536
25196
27654
28040
23960
21404
22926
25402
26166
26162
26284
24362
26116
26740
27602
26836
26742
26394
27700
17604
18018
19632
25900
25562
19734
26762
25596
19810
22924
22214
27432
25166
25328
20386
25298
21916
23246
21888
26962
26994
25648
-22354
-24768
21354
21012
21128
22502
21226
24516
23776
24240
25200
23128
26268
27098
28116
26536
27596
27246
24800
24096
22276
25054
27744
23850
26098
23950
25106
26416
26422
26114
27936
27224
25982
24544
23992
25762
23610
25006
24956
24652
26714
24856
22866
23228
22346
22252
26436
23376
23960
23494
26204
24750
23924
25886
28130
27762
24508
27664
27088
28486
25512
17996
22550
26006
28304
27446
23996
17406
-17570
-20746
-22126
-25720
-23758
-22224
-23876
-24268
-26074
-26444
-27362
-23296
22832
27362
26298
25294
25998
24008
25262
26180
26192
26120
26574
22886
22670
22468
24570
24150
29354
28268
27066
27580
25332
25336
25118
27940
26420
23614
21352
20306
19584
24126
22810
25656
16216
-18596
-21634
-26422
-24350
-21584
-24778
-24754
-26776
-27488
-24498
-26294
-26154
-25968
-25876
-24082
-25516
-24794
-24582
-22916
-26132
-24228
-25458
-23854
-24958
-24714
-24406
-26502
-24580
24530
25106
26466
24208
24944
25948
26308
26550
27480
23846
23702
23604
20932
27634
24176
25420
23716
-19662
18646
-14130
22826
26796
24066
22900
24818
23946
18284
-22496
-27178
-25352
-23064
-27158
-26430
-25834
-24884
-27128
-27350
-27114
-26312
-21524
-27038
-28462
-26202
-22438
-22536
-22522
-24172
-24216
-22276
-23470
23512
25298
26474
18108
-17588
22024
25490
25390
23626
-25522
-20274
25036
22208
26186
24672
25960
20938
-25178
-26918
-25616
-26494
-26174
-21262
-23216
-23620
-25846
-26984
-23086
-26370
-27782
-26726
-23860
-27222
-24700
-24214
-21220
-24352
-26016
-24542
-26162
-27084
-26118
-24380
-26858
-26728
-27326
-23286
-26060
-24930
-26818
-26276
-26130
-25370
-26916
-24176
-24260
-27456
-28898
-26702
-24872
-20326
-21420
-23176
-12878
-26428
-24464
-27216
-22172
-25962
-25926
15082
20406
26482
24676
25336
24794
24450
-26926
-26598
-27462
-21826
-21244
22976
25378
18958
23022
24070
22456
26312
27240
26580
22462
22548
23924
23980
24622
20874
24140
-21790
-22756
-22640
-25158
-25428
-21814
-20692
-21970
-24030
-25486
-21640
-23536
-24032
12166
-23996
-25744
-23152
-23626
-27164
-26380
-22312
-26922
-23182
-22632
-23540
-25386
-29178
-27058
-25670
-26034
-25628
-26696
-23578
-26652
-25492
-25708
-23206
-18836
-25506
-20660
-27064
-25502
-27778
-22206
-27166
-22688
-26310
-22618
-24122
-18634
-23800
-25324
-25920
-23378
-25466
-26650
-22588
-27080
-27524
-27442
-25494
-27426
-24010
-23232
-25440
-28200
-25466
-27918
-25572
-24490
-24466
-25480
-20922
-23668
-20570
-26490
-26996
-27160
-26924
-26842
-27844
-26448
-27298
-27626
-26070
-27254
19838
-7910
24200
24868
25690
26020
26348
26664
26346
20982
24580
25690
23150
24156
25928
24198
27582
27352
25526
25754
24638
26202
24064
25476
22424
24868
26946
24702
24278
26254
25608
27762
28590
26276
24240
24094
23642
25640
21250
25094
25356
15392
-23918
-21750
-26352
-27902
-25120
-24488
-27056
-26068
-21374
-23986
-21772
-21344
23938
24294
25186
21478
-23524
-27156
-24454
-23708
-23962
-24412
-13094
-20296
-24226
26838
23776
26394
26044
21322
-23272
-26792
-24194
-27814
-27080
-27786
-26602
-26330
-26818
-24392
-24996
-23046
-19344
-24748
-26516
-25518
-26766
-22754
-24060
-24470
24194
26188
25434
24058
24306
26076
22406
27472
25698
27690
25854
23836
25346
22500
27184
27316
24368
24536
26612
25812
26644
25082
11848
19574
26096
25976
25506
19532
22750
22450
25440
15230
25406
23814
18256
26004
21980
25854
24686
26434
24022
25014
26922
26530
25648
25484
22842
27578
27262
27354
24782
26446
27568
25366
26724
23666
24018
22336
22290
26378
26246
27608
26384
26936
27824
27942
28136
25090
25782
27226
25528
23108
21228
21172
21050
25794
27062
25058
26412
26502
26486
27978
26762
27042
25468
22160
26556
26558
23410
27818
23524
24512
22910
24956
26408
25580
25168
24592
25980
26798
23748
22510
26188
22660
24878
18494
-24186
-25320
-20248
-26588
-17270
-23842
-22956
-25966
-25182
-16888
-19010
-22282
-24474
-26316
-26590
-24870
-24616
25740
26882
25106
27520
25330
26182
26160
27412
25346
25918
26364
26000
25464
26970
24196
22988
25952
23572
26822
26550
26126
22002
23748
22874
25828
24158
26340
25490
26656
27008
28746
26448
-5404
25148
27604
26780
26964
-24070
-20122
23716
25588
23292
23700
24630
25158
23950
25436
25764
26970
25996
25450
25282
25214
22288
22144
25250
20962
26210
23328
24102
24854
-22050
25032
28508
28982
26706
26888
25726
25056
25610
26140
24254
21096
24202
22602
26716
25636
26784
27048
24084
-20166
-25780
-22834
-25666
-14716
-23792
-27132
-26310
-28044
-29112
-28930
-26324
-28650
-28820
-28176
-28502
-26370
-26316
-23350
23762
20704
20156
19802
22128
23644
26004
25588
22316
19902
26650
25382
26870
23830
25128
25486
15966
26218
26350
23332
25560
21488
25740
25430
22568
24854
26264
28968
26876
25686
26326
26902
24872
18072
17340
22606
24186
27288
24444
19664
25116
25308
26532
24150
23588
20150
-25616
-26102
-25780
-27224
-27228
-26810
-29968
-28068
-25972
-26316
-27988
-28598
-26344
-27416
-27202
-25832
-18218
-24440
-22776
-26118
-25388
-26670
-24048
-26112
-25830
-23984
-28666
-27050
-21840
-24930
-24422
-24506
-27074
-26024
-25464
-24162
-26652
-23780
-25712
-25260
-24100
-28190
-25418
-25652
-26176
-24708
-26520
-25910
-20316
-25126
-22528
-26588
-23402
-27978
-27152
-24884
-25768
-26536
-24744
-27382
-27780
-27152
-25502
-25888
-26750
-26926
-20360
-21676
-22842
-25876
-25942
-25146
-20830
-19078
-24564
-26946
-27418
-27584
-28392
-23730
-26664
-26966
-25496
-18666
26184
26098
20076
22444
24176
25174
26970
25146
26968
27126
26978
20838
26264
26788
23780
24356
26658
24102
25142
25806
26690
26714
24088
22988
26646
23768
24436
22048
27142
24980
24286
22104
25750
24966
19558
27278
25326
26188
25256
28044
27312
25178
26400
23606
23928
24522
21528
21948
22960
24606
25842
25874
24986
27202
25988
28374
25224
25132
27648
27506
26808
25082
24874
26866
26546
25090
27410
26934
28606
22674
25490
27218
22236
24482
19082
25060
23210
20672
23044
26108
27410
25786
23494
26798
18464
17706
-22564
-21474
-23550
-26148
-25340
-22208
-27118
-24278
-17054
22136
-21500
15492
-24268
-24512
-25204
-21806
-22716
-23492
-18078
-18820
-25246
-26116
-22528
-22924
-23300
17978
-24386
-20476
-23638
-25918
-27246
-25676
-28190
-28760
-27704
-22068
-20148
24346
20558
21520
-24396
-23262
-7742
21336
-24096
-27330
-27776
-25444
-25924
-25222
-25206
-26662
-24186
-23570
-12858
25302
23840
21988
24582
21560
18992
26350
24114
20044
-27798
-28662
-25404
-25730
-27300
-25012
-23604
-26320
-25062
-25606
-24078
-26244
-25570
-25846
-23544
-24080
-24700
-25906
-22194
-26950
-25546
-27376
-27722
-26692
-26408
-27848
-27616
-26406
-24584
-27966
-24076
-20920
-21494
-20656
-24442
-22810
-27030
-23818
-19622
-22800
-27682
-27376
-27780
-25474
-26224
-26028
-22220
-24404
-23168
-25870
-23794
-26748
-23666
-24684
-23688
-24488
-25888
-20568
-26836
-25716
-27530
-26272
-26384
-20408
-24198
-25618
-25642
-21518
-16374
-24502
-20704
-21488
-18494
-22140
-24078
-26186
-25314
-26932
-28036
-16534
-24046
-26544
-27992
-26982
-27792
-26750
-26650
-28076
-28316
-26650
-23244
-23822
-11406
-22456
-22608
-23872
-27760
-28232
-27154
-26972
-28518
-28228
-27594
-27602
-28382
-27656
-26766
-26568
-23850
-26444
-22008
-22224
-20582
23040
25014
23728
22598
13760
-24640
-17166
-24324
-17016
-25476
-23004
-16206
-21478
20168
25248
-22134
21350
20018
25488
23468
23736
25490
23192
23494
21690
27508
22782
-25010
-26954
-27478
-26364
-26568
-16954
-23996
-18314
-23156
-23310
-23672
13750
-20806
-17144
-26134
-27834
-23206
-23592
-22164
-27476
-26452
-25376
-22500
-24834
-24876
-22558
-26914
-18112
11466
24840
25294
26174
22102
-23752
-26650
-23282
-22860
-25444
-23470
20332
25016
26998
19694
26380
27430
26800
22936
24480
23224
24202
25066
23156
25104
27156
27606
27154
23316
21058
25070
20882
24728
21824
23180
22426
24012
17746
23986
26138
24378
26242
24544
29052
28516
27722
27280
29404
28974
27254
26368
27900
24364
25288
25848
22320
25826
26076
24958
24336
21260
25760
23514
26304
25680
25072
27220
24736
18454
23478
24850
24938
26850
19128
3574
24070
23776
23786
25170
22948
26382
25532
26208
25112
25672
23640
23154
24532
26110
25914
21318
25542
22268
20730
21204
26638
25668
25600
24310
23204
20360
24324
27572
24070
26760
24244
26066
21308
22578
-26396
-26406
-22618
-26288
-27204
-26376
-26478
-25694
-25446
-23924
-16202
-24214
-23812
-24606
-25414
-14626
23772
-20348
21190
17138
26336
23416
25738
26116
9360
24472
25546
27514
21908
24728
27444
21754
22198
24128
24336
24374
26754
26112
23032
26982
24344
27908
25200
27122
25928
26794
25736
23580
24666
26080
26808
26816
23464
27816
25852
27202
16494
20434
25628
25746
16682
23310
25472
25362
27138
20786
24870
22474
22636
22124
13088
24314
22602
23472
24622
23410
24852
27768
26814
22376
22858
26052
22048
25046
24184
24650
20972
21392
22024
27048
28390
22776
25634
23098
26678
23530
26132
24184
26140
23412
25364
22970
16416
26554
26614
22672
23352
27276
26182
22668
25854
22802
17558
25076
26560
27350
27320
25502
25736
27558
27510
25148
22530
25566
25150
26722
26804
23158
26230
27398
22664
26312
27888
25984
28604
23996
26204
26020
28080
22614
25678
24002
24506
-21092
-26176
-12778
25566
18956
26310
24794
25392
24774
25778
27534
25742
20958
-13660
-25082
-18996
23656
24910
26398
26520
24852
26200
23224
23116
23284
19474
20726
26784
24678
25722
19608
24746
25908
18658
25212
28090
25732
19990
24180
25162
26484
21360
-24852
-19632
-21854
-24634
-23364
-24854
-24882
-16120
-19440
-23584
-23428
-24776
-19372
-19598
-26878
-21104
-24936
-27172
-20544
-25226
-25698
-25982
-24946
-25102
-23886
-25014
-23434
-26564
-24590
-26444
-26668
-19020
-27766
-26374
-22916
-26066
-27552
-27932
-22478
-22982
-25664
-17008
27844
26100
21526
24918
25832
20942
27352
22286
25386
27336
26408
27466
23100
26500
27306
26350
17024
26078
22038
26234
27470
28652
28276
27792
25130
25966
23474
-15966
-26644
-27334
-26204
-27102
-21432
25068
24404
26740
25186
24558
17330
25690
23670
27078
25906
26288
24420
22902
25466
22630
26200
20194
27902
27792
26020
24588
24796
26426
22024
24646
26938
27006
26582
24986
26072
27842
25466
26984
24264
28164
23070
19772
25102
21660
24356
26906
25412
26334
23744
20506
25226
26024
25742
24804
25960
27592
22510
20374
-22390
-16052
-21442
-24614
-23704
-25816
-26724
-26254
-24946
-19022
-25552
-25778
-23430
-25322
-24530
-23614
-20886
-24262
-21432
-25556
-21668
-24678
-21094
-24498
-25738
-26244
-27666
-28342
-28170
-27704
-28272
-27166
-27524
-24088
-25734
-26736
-24222
-20394
-23714
-22208
-26378
-25520
-24592
-22528
-21716
-26104
-26790
-27476
-25082
-27416
-25664
-26744
-25902
-24468
-25726
-26234
8900
-12070
23404
26854
24036
26804
26944
26934
26712
25330
28474
28456
18912
25010
26086
20566
24706
20182
20008
-24300
-23192
-25912
-28314
-26504
-26250
-26150
-26828
-23310
-25094
-28772
-26496
-25024
-27244
-26304
-26378
-26538
-26366
-27516
-22600
-27140
-25150
-26668
-28492
-23708
-25546
25076
26812
23382
20086
-19526
18096
21648
26170
26468
18192
-20978
-24486
-25690
-26924
-23916
-24276
-21152
-22708
-26634
-25794
-22858
-21292
-24982
-26494
20468
15380
26136
27910
25656
25012
23582
23740
26516
24962
25080
27460
26300
24584
26322
24010
25492
15712
22872
27166
24894
25990
22526
27774
24260
26656
27366
27732
-26628
-27834
-23634
-28084
-27958
-27770
-26044
-26138
-22988
-21804
-21304
23384
26696
24830
27150
27534
26006
21546
26388
25034
27442
26488
22432
23388
20526
25734
27494
25908
21914
24062
20700
24876
24428
26254
25246
24102
23846
26246
25670
25098
26014
26096
23132
20964
24572
20414
21502
25438
26242
20950
-25620
-25434
-26474
-25952
-27958
-24558
-23298
-24878
-28306
-27584
-26924
-24368
-24238
-27134
-21238
-12828
21348
24666
24692
24840
26292
24046
21468
-20066
-26384
-20122
-26444
-25348
-21258
-17668
-24790
-26194
-25656
-27228
-27016
-24102
-28010
-27450
-25370
-23266
-26454
-24730
-25418
-27780
-18712
-25404
-24868
-26800
-25614
-27098
-24844
-24636
-24854
-24116
-25722
-27642
-26438
-27608
-22902
-26770
-26292
-27438
-25354
-25726
-23708
-26704
-27436
-26682
-27492
-24934
-28410
-25956
-17338
-22892
-22104
-18722
-23978
-22138
-23676
-23238
-21640
-25996
-24068
-22102
-22348
-23750
-25032
-21178
18574
-13858
23712
24150
25508
20324
20168
24770
10620
-19286
-27524
-21386
-18698
-24234
-25358
-24630
-25406
-23568
-23950
-25826
-23024
-23262
-24446
-24218
-22722
-28006
-26178
-28394
-25820
-28692
-27128
-27942
-18850
-23060
-22264
-22072
-24090
-25866
-25328
-24814
-23192
-23912
-25474
-27190
-21744
27316
26290
23784
-25204
-18154
-24702
-16190
26330
24710
24336
5764
16014
25880
24864
26368
23700
23150
26786
20730
21856
23668
22126
25918
23394
25358
26324
27272
24016
24778
27374
26244
26524
25116
25258
24600
26434
25350
25246
26764
25602
25214
25786
24110
24016
27612
23726
-6296
-25998
-26492
-26620
-25228
-27980
-25194
-27246
-26880
-22930
-27246
-25848
-25396
-21614
16148
-24804
-22004
-26496
-25408
-26522
-25728
-25780
-26702
-25528
-23902
-23920
-26220
-26778
-25500
-23542
-22802
-24236
-25940
-22494
-24204
-26626
-25338
-25712
-25820
-24466
-17004
-23766
-22274
-26538
-26974
-25280
-18364
-27012
-26356
-26060
-22506
-21856
-19286
-25766
-25162
-23432
-25024
-25116
-25368
-22372
-25136
-26108
-25016
-24278
-19956
-27318
-25194
-26990
-26044
-24920
-23852
-24986
-26998
-21732
-24776
-25268
-19208
-25336
-28146
-26862
-27004
-24266
-26234
-18964
24624
25020
21992
22536
23918
23298
23310
23158
-23886
-25388
-25304
-24084
-25828
-25178
-26518
-22090
-23662
-27800
-21310
23462
27684
26414
26880
27156
21290
24322
-23850
-24408
-25064
-25434
-28432
-22130
-26988
-26742
21516
24040
28052
25740
21554
24440
18226
26260
23238
25480
27748
28590
24170
25392
24832
25922
25236
25862
27722
24934
20464
24498
25124
22030
-22112
17968
25096
26634
24836
23344
20284
21554
24436
19722
23336
27728
21862
25204
27206
27350
27142
26798
24834
24668
25886
26546
25874
23574
22762
27260
26708
27150
27960
26722
25048
26816
26578
24762
19014
26220
23442
23390
18956
-21942
-22250
-22836
-22230
-20658
-25566
-25304
-20186
-24874
-20172
-13008
23632
23044
28544
25402
26452
21540
25030
28310
26862
26942
26460
24554
23610
21728
-21420
-18908
-23938
-19262
-25110
-23940
-19662
-17686
-17952
-23404
-20688
-23116
-24248
-22850
-25904
-26772
-21620
-29186
-26056
-28226
-25962
-27064
-27454
-13740
-26534
-22096
-25462
-21700
-23982
-25602
-24004
-26670
-26194
-24214
-24918
-26454
-26578
-25386
-23490
-23454
-22438
-23016
24646
22572
21604
25302
25526
21854
26382
24678
25996
25336
26928
22636
19260
16428
-26700
-27950
-26054
-25814
-24118
-24896
-18306
-24562
-20256
-24160
-23072
-20668
-18364
-24278
-19456
-25180
-22426
-26574
-24878
-25704
-26110
-21154
25506
26974
22674
27258
26828
26412
24046
26674
25714
27340
25946
27416
24578
17380
25414
25284
21234
26254
28168
23608
26610
26572
24972
20566
23252
22650
-23370
-24608
-11990
-22244
-25710
-22058
-24768
-23648
-23034
-25716
-25532
-19758
-23522
22240
19720
22676
20484
25204
15156
25446
25916
25848
24652
25838
25422
25436
21286
-24472
-24732
-20232
-22812
-27424
-28164
-28088
-28080
-25324
-26842
-26258
-24854
-27774
-25886
-27030
-24040
-26276
-24452
-26274
-24986
-27406
-25898
-24548
-25570
-25892
-25814
-24276
-23616
-25628
-26258
-25590
-25334
-19550
-25604
-26906
-25188
-26558
-27854
-25512
26124
23116
-25114
-23130
-24606
-25564
-25462
-25504
-26764
-28382
-26542
-25670
-24716
-21880
-23906
-23736
-20720
-22006
21888
21836
23850
24086
23592
24730
25290
25732
23532
26090
26208
26508
23252
24040
23992
26512
25744
18618
25148
27066
24386
23948
16008
25646
27824
23042
22208
20574
27554
23648
25576
25764
24498
26072
25056
17994
27058
21960
24600
23860
22846
24344
21264
17736
-10098
-21204
-22216
-20194
-22112
-26324
-26756
-24754
-27806
-24052
-24156
-25182
-23304
-23018
-26686
-24898
-23782
-26602
-27792
-23434
-21664
-24786
-22746
-24182
-22622
-26792
-24728
-11688
-24248
-23286
-25404
-20314
-23832
-28148
-26330
-26082
-28716
-27544
-27244
-28166
-27408
-24282
-28522
-27500
-23752
-26762
-24246
-27834
-18724
-29050
-25178
-26256
-26188
-27522
-25772
-26636
-18626
-26948
-27430
-25590
-28148
-27954
-27494
-27054
-24566
-26980
-25970
-27064
-23120
-25154
-24142
-24850
-24018
12692
-24038
-26990
-26758
-25568
-27492
-25310
-25442
-25168
-25748
-27658
-27434
-27160
-23998
-25330
-23088
-20922
-26782
-17784
-21778
-21384
-14712
21324
-19704
-21026
-22300
-23186
-19292
-25106
-25982
-20286
-24466
-21536
-25108
-25918
-24294
-25900
-20124
-16462
-22744
-24958
-25820
-24610
-26994
-24344
-27422
-25162
-25668
-22332
-21074
-26196
-24964
-24928
-24928
-23956
-27178
-25486
-23732
-20922
-23574
-22936
-24846
-23166
-24558
-24194
-17266
-26372
-17206
-22140
-24488
-23304
-21502
24096
22994
23144
24102
21464
25706
22434
27346
25272
23286
24854
24596
26700
23564
25176
24522
23550
25452
23414
22362
18368
-19292
-18184
-26008
-21522
-23294
-22494
-27102
-24996
-19504
-26682
-26104
-27100
-25834
-27564
-25124
-21002
12000
7382
-20804
-23940
-20622
24322
24054
23280
24708
24958
23848
17036
24194
23946
26648
19244
28056
28034
29450
24470
15754
-23176
-27290
-24852
-24696
-23326
-24886
-25394
-22968
-25120
-25308
-21284
-24830
-22530
-25858
-25704
-25980
-22670
-23970
-25564
-27952
-26764
-25804
-26858
-23506
-23940
-25856
-25332
-25776
-24882
-27098
-24450
-21878
-21724
-27682
-24044
-21608
-25680
-17106
-25214
-22996
-22558
-23688
-23680
-25632
-24926
-26040
-25448
-24836
-23698
-23880
-23854
-19556
-25132
-24628
-25454
-25334
-27230
-26586
-24648
-22222
-25090
-26708
-26218
-26652
-23588
-23226
-18010
-23166
-21518
-25304
-25780
-26368
-26732
-27442
-24548
-23196
-27374
-25652
-22390
-14368
-24462
-26672
-25206
-22742
-27698
-25606
-25822
-27670
-27498
-24010
-21440
-26748
-14318
-21466
-23502
-23280
-17130
-27226
-27002
-23630
-23726
-27144
-25374
-19690
-26126
-24818
-18878
23916
16312
-24408
-23864
-27270
-25402
-26692
-27578
-27354
-22822
-12924
23470
24424
26940
27072
24618
26152
21300
22540
26082
26300
23702
24088
27834
25748
20216
27106
27126
22120
24294
23356
18762
25146
22694
-26344
-25852
-24942
-24652
-22912
-26874
-24104
-23950
-23824
-26724
-19514
-25808
-21306
-26626
-24244
-25698
-28772
-25336
-22002
-25818
-22298
-23490
-26418
-27574
-21982
-24118
-26174
-24160
-26210
-24938
-24520
-25674
-27736
-23140
-24046
-27534
-27572
-26204
-25896
-25938
-25344
-25444
-28388
-26122
-26912
-26222
-26730
-26008
-24132
-27252
-23302
-26796
-25424
-17506
25500
27554
25994
22356
25738
26606
26570
26754
26902
27612
24856
22580
20378
24414
26140
24602
26178
23334
26608
23786
22162
24288
24104
23498
25330
25390
25434
-22100
-20886
-25530
-24790
-23472
-25228
-26186
-21188
-26934
-24832
-24054
-25376
-24940
-24334
-23720
-24086
-27640
-25816
23662
21592
23438
19558
20638
20590
-12056
21796
25908
22596
25988
20562
25470
26460
24938
23752
25772
24766
26634
24354
26614
27248
24512
27500
22682
22590
27672
23116
20600
12774
18298
20824
26036
23890
23394
25462
27728
27952
25592
26476
27632
26910
25286
22328
-19768
-23960
-27672
-24536
-27160
-26322
-26098
-25986
-25094
-27060
-24806
-24582
-23546
-16240
-24342
-21824
-15530
-23512
-22102
-25424
-24026
-25362
-25124
-26250
-23860
-27850
-27318
-27358
-27512
-24758
-22950
-27838
-26784
-23108
-16386
-22692
-23860
-23028
-18722
-20808
-20554
17364
23988
19918
24434
11490
22056
23190
25218
20508
24516
20374
26332
26868
25486
26720
26678
26856
27806
27890
27264
21478
21616
24066
21226
-21986
-23876
-22890
-24150
-20342
-27324
-27340
-25072
-26978
-27538
-22266
-25546
-22484
3306
-22454
17792
27234
25352
21398
24656
23476
24086
24076
21624
24894
23334
25178
19042
26318
24490
19296
26336
27204
25246
22306
24166
20330
20504
23484
26104
21056
21706
22892
20154
20070
20386
22774
24580
25920
27724
27610
26806
26196
28168
27370
26942
26380
23814
24626
19332
24128
29790
28720
27930
26488
27252
25610
25184
26006
25932
24360
27002
25240
27472
28010
26246
25534
27482
26058
20016
26372
25950
26794
17982
21062
25800
27076
26636
27546
24460
26346
28850
28688
26498
19362
22696
27020
23466
22472
17534
19610
22910
24010
24820
24970
24414
21414
26844
25292
25244
27320
27022
27084
27082
22914
27004
26566
25178
24588
-21848
-24656
-13874
-26144
-26418
-26530
-26722
-19006
-25538
-27170
-25500
-27302
-15348
-25558
-22248
-25408
-25074
-22396
-27020
-25208
-20976
-26672
-27614
-23110
-18834
26126
24916
19620
24144
-23054
-27210
-27444
-26042
-27032
-26886
-28498
-24562
-20710
-27564
-21752
-23758
-27424
-26396
-20912
-24998
-22212
-25054
-27344
-26366
-25726
-25674
-25748
-21990
24684
22730
23926
25410
26962
26014
25992
26460
24932
27942
29068
24744
24226
25592
25576
21258
22218
18876
21580
25446
22842
-20462
-20432
-24522
-24100
-25822
-26170
-26772
-22178
-24978
-24724
-18836
-23802
-24164
-18158
-28794
-24482
-23914
-25494
-22592
-24994
-25154
-28266
-23580
-20276
-26368
-22288
-26314
-26066
-28086
-26934
-27816
-26422
-25642
-28440
-27902
-24202
-22490
-21972
-24716
-26834
-27210
-25244
-21830
-22388
24948
25284
28110
27706
28016
28718
28060
26094
22742
21712
24734
21434
19534
25134
18812
25990
27840
27324
27670
24540
24942
25864
25456
25578
26008
26336
24966
24812
26660
28158
25388
20080
26998
27110
23886
25192
25428
26086
25700
24426
27430
25232
27786
27064
23090
25522
27156
25732
24882
20448
27152
23992
27308
25102
24532
27062
28810
26054
22956
27384
20752
13146
22874
20308
26982
27524
24336
25046
24998
23616
23262
24464
24332
24364
-22358
-23436
-22564
-22306
-26408
-20730
-22552
-23654
-25414
-23758
25076
25874
24298
23302
25156
25846
28474
28332
26098
24852
26842
27646
22636
22562
22740
26156
26252
20586
-16434
23390
22822
24324
26430
26338
26134
25300
24478
25902
28158
24198
22032
25696
23484
26448
25440
23666
23862
22572
22068
24580
23760
26808
26944
24916
23178
-24706
-19918
-22662
-26754
-7878
22862
17014
25976
22532
25036
26214
26484
27210
26562
24654
26740
21730
24458
19208
23764
25862
21502
20524
26870
24618
26020
21928
24550
27560
28236
26414
29444
28906
25918
26298
25764
25674
21798
24112
23858
25186
25354
24904
12700
-23682
-25440
-25772
-24632
-23012
-13920
26162
-27290
-24980
-25750
15364
21286
-18284
-24920
-17310
-23144
-18952
-25040
-27690
-24536
-21368
-24618
-26940
-20364
-25224
-28364
-27788
-27428
-24366
-22972
-21860
-22054
-24616
-26064
-28688
-28332
-21258
-21266
-27288
-26820
-26076
-25180
-26294
-22514
-22452
-27438
-26372
-23634
-24258
-26750
-26236
-26314
-26456
-25780
-25930
20690
25168
22480
24208
26584
25432
28242
27016
25356
24412
24608
24428
25386
26660
25310
26526
27852
28770
25922
26608
20742
22324
17874
23168
24108
24148
25124
22956
25194
24484
22962
25280
22920
26760
25652
24860
23404
22044
-19120
-24130
-25792
-23720
-23342
-23002
-24602
-24506
-21850
-25518
-26470
-26054
-25828
-24184
-23854
-25664
-22296
-22048
-21034
-25148
-26230
-27024
-25082
-27724
-25524
-22872
-22280
-22332
-24822
-25586
-18964
-21960
-23574
-22992
24312
22284
22128
25940
26722
26174
25496
23004
24136
26608
27338
27536
27262
27882
27046
26396
20158
20334
18770
25464
25954
21274
16474
-22302
-21312
21958
21938
22952
25732
23172
26204
23248
20426
25292
24276
25290
27604
26788
24820
26796
25522
27054
25550
24304
26362
25446
25458
27536
25694
21898
22370
24480
23134
-22176
-23402
24578
26720
25488
24242
23456
-13972
22364
-23432
-23436
-15520
25628
26352
24458
27370
26144
22832
24970
25334
21536
22600
24892
15974
-24984
-21898
-21732
19450
20998
22230
23914
22786
25148
25312
20638
24200
-24892
-26162
-22618
-27162
-23458
-23658
-21618
-18518
-25632
-25206
-25026
-19862
-24074
-26984
-27080
-24466
-27286
-24632
-26398
-26114
-23966
-25810
-26236
-24750
-23568
-23422
-25052
-24556
-28638
-26954
-22160
-17374
-24340
-27284
-26258
-25594
-24420
-16956
-25158
-26182
-24990
-25362
-26976
-23904
-16832
-25578
-21236
-24140
-27014
-22586
-22494
-26344
-20050
-24850
-24414
-25350
-27878
-26040
-28724
-27164
-24886
-25320
-19968
-26084
-21672
-19516
-25270
-26664
-21438
-27024
-24272
-25002
-25830
-27996
-25718
-25270
-25986
-20560
-26048
-23614
-25092
-22712
-20490
-23430
-26606
-16380
-26224
-24846
-23744
-24336
-23838
-24048
-23388
-16574
-28072
-25656
-27638
-27598
-24382
-26680
-27206
-23540
-24314
-25294
-27272
-22164
-21260
-18224
-18126
21120
23792
20662
26818
23234
25228
27208
28264
26820
22000
22182
23762
23186
18806
22662
22774
26112
14090
26676
24282
26898
27220
25648
24346
28278
27558
26688
25940
19340
26370
23206
25188
26636
18798
23212
26118
23980
25388
23254
21022
21448
19056
25448
25964
22202
-23296
-24188
-22980
22020
27298
25534
18898
-19754
-23694
-21012
-23592
-21992
-25924
-25548
-23880
-22236
-25442
-22532
-17232
-21914
-23492
-25482
-25704
-24112
-21560
-24558
-26970
-23516
-24056
-27794
-25742
-21036
-22376
25116
26220
24636
24584
23040
26908
22620
25000
24774
20086
23322
26204
26954
26938
25366
25786
26752
25376
25414
27396
22476
25204
23678
24302
25478
23882
20946
20320
23660
25116
24510
23042
25762
19852
22452
24944
27380
25042
23850
26388
19906
25738
27320
21904
-24712
-27564
-26522
-26500
-24750
-27972
-26274
-25014
-18928
-22340
-27124
-27648
-27012
-28178
-24566
-21888
-25392
-26356
-27214
-27214
-26540
-24356
-25724
-27396
-23958
-25634
-22716
23872
24914
26858
27510
25680
25932
21642
25710
25720
24940
26804
27156
24414
27146
21658
17172
25168
23374
19236
24934
25866
27728
24952
24576
26264
27624
24798
26644
27070
26412
26858
26818
26928
28432
24118
24398
27244
25912
23552
23668
19650
26348
21638
26254
25642
26556
27456
26076
26454
24088
25082
24376
24370
26396
27964
26460
27296
24040
26144
22142
18134
26676
26662
28286
26416
27556
27252
-19282
-23368
-23962
-24888
-23954
-27250
-27990
-28496
-22800
-25348
-26992
-27250
-26150
-22750
-24414
-24980
-26802
-27760
-26102
-25512
-23332
-19292
-22418
-23732
-22914
-19032
-20418
-15184
26544
20750
21298
23216
24638
24654
24382
24838
26548
28044
28162
23868
27144
20072
25476
25024
24922
21566
19734
21034
25878
25940
27580
25292
26836
24456
25798
27476
27918
26678
25426
26780
24956
22514
23754
25104
22988
17276
24492
20204
24054
22996
22456
27772
25092
23846
27096
26240
27502
27104
28078
27776
28274
25886
24056
23182
20560
26692
24448
26198
20236
25228
23172
17114
18298
24756
20334
18334
-20300
-25980
-17854
-22388
-23280
-21830
-23694
-19868
19726
23390
20518
22722
25196
18990
-21178
-20356
-22270
-20406
-24522
-15578
17970
19484
-20276
-21446
-24666
-16216
26424
24284
28782
26858
25272
21118
-24606
-21676
-23710
-23028
-16102
-24938
-25134
-26042
-27724
-27806
-29120
-24970
-26920
-26548
-25612
-23484
-24050
-17908
-20968
-18370
-20850
-24594
-25140
-27508
-23224
-27594
-26762
-26454
-27574
-26460
-26738
-26394
-27344
-23602
-27586
-24782
-22284
-23252
-25836
-23480
-22622
-23206
-23778
-26598
-25712
-21184
-25430
-24242
-26948
-26846
-25512
-25434
-19026
-24012
-17816
18098
-19208
-24170
-25766
-22480
-25200
-26768
-27206
-26628
-26268
-28300
-26238
-23932
-26264
-27628
-27614
-26358
-26670
-24852
-22662
-25954
-22228
-25572
-26484
-24732
-24700
-28182
-24360
-27344
-26246
-23998
-22294
-20642
-24734
-24690
-22742
-23934
-27106
-26568
-22848
-24548
-22074
-25952
-24498
-24112
-24916
-25460
-25370
-27734
-21538
-25486
-26904
-27604
-26480
-25894
-20326
-25332
-26372
-19092
21856
25658
22440
25322
27050
22802
24800
23956
24304
24594
26062
27940
26288
24048
24710
24196
21228
26240
21450
19238
22320
17906
-26988
-25782
-25540
-26512
-25166
-26060
-25866
-22820
-24346
-27480
-28568
-22782
-23872
-27452
-25022
-26164
-27078
-27596
-27432
-22106
-21930
-16880
-25516
-25808
-25810
-24352
-24906
-17222
24746
20228
27250
24190
23286
25018
28156
28164
26610
24352
24572
24796
23576
26680
27176
27990
27206
27028
25982
22818
25900
27038
23642
23002
25052
26562
24616
23062
24240
23540
13752
-24768
-11564
20434
24416
25708
22770
24912
15380
-20330
-26940
-26970
-18684
-24006
-24800
-23724
-22644
-24110
-27108
-24714
-26600
-22918
-22678
-21164
-21564
-26122
-23744
-22432
-22202
-24474
-26890
-28120
-27946
-27686
-27668
-28334
-27680
-25920
-26962
-25852
-27994
-28888
-25834
-27088
-23024
-25538
-20346
16914
-12398
-22894
-20444
22376
20754
27900
24922
24276
27300
26922
28998
27696
26418
27744
26326
27684
26246
26808
25920
24828
22386
-25616
-24058
-20670
-25972
-24974
-26338
-25946
-24226
-23284
-25276
-25794
-21620
-24856
-17156
-22234
-24874
-27320
-27104
-25424
-24954
-26354
-28170
-28116
-25964
-18974
-19312
-26372
-10086
4376
-23436
-27064
-27276
-25022
-23152
-25766
-22404
-28632
-27610
-24208
-21680
-24984
-27026
-28194
-27068
-26556
-26346
-23804
-23428
-22288
-24758
-25438
-25812
-27146
-26396
-24166
-26844
-24430
-24868
-20858
-27088
-25794
-27740
-26436
-23828
20708
-25074
-23378
-25830
-27670
-28108
-22596
-24238
-23846
-23442
-23924
-24652
-25490
-23770
-25664
-27268
-28506
-29648
-24988
-21772
-26206
-22184
-22540
15422
20266
-24922
-24790
-25348
-23652
-27164
-27132
-25736
-26464
-25566
-26556
-27476
-28670
-27594
-24868
-25006
-26610
-25290
-24768
-26768
-26740
-25900
-26036
-23860
-26884
-18272
-25160
-26948
-25828
-25726
-23820
-19678
-25478
-25496
-24486
-23580
-22590
-25650
-23624
-25620
-17458
-24652
-22124
-27844
-27344
-27416
-26714
-27812
-26434
-26970
-26770
-26064
-25874
-27074
-22878
-27684
-25750
-26724
-23180
-25830
-25636
-23290
-26978
-15872
22530
24556
26274
23862
24294
24368
23270
27580
25538
20648
-24332
-17548
-25764
-25658
-27740
-27904
-25756
-22006
-25220
-26850
-24732
-23432
-16960
-27000
-22386
-26344
-26272
-25862
-23828
-20110
-19430
-25422
-24186
-23720
-21204
-25946
-23670
-24992
-27516
-25408
-24786
-27646
-27512
-25808
-26272
-26400
-26632
-27610
-26692
-23796
-25518
-24808
-25508
-25014
-25698
-23984
-26072
-23104
-24348
-24796
-25640
-26036
-27546
-27328
-27782
-27276
-8236
-24446
-24716
-23128
-25828
-26408
-21356
-23428
-24876
-22806
-19936
-24814
-24754
-23570
-27094
-22872
-25322
-25406
-25298
-24818
-26258
-28148
-18860
-25772
-24928
-26470
-27576
-17182
25604
23242
25488
24362
26340
23950
24656
26036
15520
23054
20566
16938
19942
25450
28030
25698
26406
27052
25476
25934
27746
23224
26914
24502
22436
18534
-22800
-24014
-19368
-20742
-20794
-23184
-23106
-21724
-24536
-22054
-26036
-22696
-25124
-26352
-27922
-27192
-23012
-24688
-24328
-26568
-22976
23328
20776
25308
18268
18162
25954
28002
27150
24036
20654
20834
-20444
-26988
-21650
-22724
-23918
-23488
-23874
-25342
-23624
-24950
-21268
-18848
-25954
-26712
-27298
-25466
-27502
-23908
-26540
-25182
-20002
-23916
-23924
-21638
-24338
23726
23826
23838
25098
26144
24538
23380
26868
21722
26116
23070
17528
19514
25824
24980
24308
22276
21656
17418
21362
21886
23320
26050
19622
25256
23194
24796
24030
24068
25986
26106
19806
-242
-18922
-21854
-21284
26256
-17760
-22166
-20506
-25398
-26788
-26448
-26190
-25936
-24038
-23388
17652
-24372
-22646
-25650
-27616
-25996
-27872
-25752
-27248
-28256
-23084
-20548
-10432
-27798
-19404
-16154
24580
20434
-24294
-20144
-25020
-27888
-25884
-24798
-27068
-23904
-24882
-22112
-24450
-23314
-21540
-24392
-23194
-23212
-22712
-25366
-20284
-25796
-22816
-19804
-27166
-23842
-26504
-20808
-25558
-25292
-28394
-23308
-25008
-22764
-28342
-26788
-24466
-24520
-25822
-26564
-25116
-25714
-25666
-25844
-22642
-24568
-23992
-27640
-27290
-26210
-25902
-26280
-26150
-26940
-24656
-25024
-21972
-26208
-24480
-27924
-27966
-27476
-25746
-27962
-27398
-27708
-27434
-25800
-26916
-26366
-28602
-28104
-23808
-23562
-26276
-27822
-20970
-23052
-24190
-27090
-28346
-25882
-27596
-26080
-26470
-28136
-26622
-26818
-25798
-28144
-28696
-26562
-26786
-24612
-25602
-26274
-26412
-27708
-27122
-28638
-25736
-25120
-22698
18054
-24924
-15918
-25386
-25198
-17070
-26888
-24416
-25920
-21942
12650
-23458
-22748
-24168
-26224
-19440
-23902
-24530
-27458
-25026
-24762
-23388
-25930
-24160
-26548
-25804
-26298
-14940
18190
-21060
-23812
-26054
-24210
-23320
-27266
-27000
-24336
-28172
-22868
-22882
-25138
-24262
-23088
-22234
-27162
-27538
-23200
-25368
-28644
-27352
-23814
-26084
-25910
-22186
-25000
-26478
-24242
-28000
-26416
-25474
-25820
-20172
-27336
-25222
-22942
-25752
-24830
-26302
-24644
22928
25782
23012
23774
22228
20998
23010
24912
25978
24028
27190
27800
26828
25124
25846
24976
28060
25984
24242
24276
18122
25374
23300
23168
26434
26582
24924
20650
22200
-22562
-27570
-26766
-23974
-21562
-24336
-26460
-25286
-27704
-27934
-28862
-28232
-28898
-27108
-27048
-27102
-25126
-24054
-25814
-28340
-27542
-27998
-24946
-15696
-26346
-26352
-28240
-26692
-26264
-25872
-26540
-27552
-26396
-27084
-26640
-26510
-26756
-24612
-22586
-26042
-27634
-25674
-27514
-23534
-21994
-24770
-26184
-24684
-22396
-24454
-24422
-21886
-25188
-28848
-26842
-25018
-26004
-23224
-24980
-20296
22484
21958
20546
24104
24740
23222
26346
-16160
10986
-23360
-23164
-25102
-27012
-27588
-25462
-16128
-24374
-25194
-22918
-25264
-26352
-14554
-27704
-26526
-26078
-25894
22016
-27934
-26142
-20828
-23562
-26478
-24790
-22218
-26092
-25090
-21432
-23152
-24144
-20898
-20390
-19210
-21144
-26436
-24774
-22794
-10356
-22616
-26166
-24142
-19882
-21376
-18642
-26800
-26934
-28054
-26300
-19096
-23516
-26958
-21210
-22956
-21592
-21566
-22130
-27016
-27682
-26698
-28290
-26500
-23026
-27612
-23134
-26624
-26058
-22782
-24196
-14448
23028
24078
25060
23578
27516
26726
26236
23476
26222
24374
24480
26050
15336
26738
26340
26432
24688
20090
-23792
-23876
-27696
-26170
-26032
-25846
-24776
-23716
-26410
-23000
-22850
13328
24010
23260
24894
22298
19328
-19284
23236
24904
18176
-23310
-25076
-22836
-24604
-21772
-27870
-23986
-24730
-24424
-26928
-28286
-26604
-28644
-25846
-25258
-23396
-26006
-25068
-23472
-26100
-22200
-25680
-27264
-24514
-25102
-27172
-25990
-23002
-25260
-28464
-28546
-28542
-24144
-24604
-25478
-26786
-24838
-24426
-24286
-24510
-16404
22640
26050
27368
26728
23900
20990
24182
25564
27384
26850
26276
27434
27000
23988
24252
24074
17328
26018
25374
-24932
-23098
-21784
-23436
-23822
-23868
-26500
-26112
-27100
-23826
-20346
-23336
-21696
-23384
-27458
-27732
-26068
-23326
-25696
-22776
-27300
-23456
-24952
-25272
-19968
-24120
-26572
-20576
-23540
-25806
-26324
-22482
-23926
-26312
-26458
-24918
-24378
-23380
-26342
-25818
-26316
-27470
-25972
-26520
-24004
-25138
-22606
-22946
-26638
-25826
-25542
-24988
-25526
-24394
-25972
-25958
-20952
-24042
-24124
22082
22984
25604
14088
-25944
-25212
-25780
-23854
-26324
-24628
-28810
-28332
-26908
-24310
-22394
-21576
-27190
-27076
-26976
-25994
-24854
-22540
-25474
-26002
-25478
-25380
-24470
-23902
3078
27610
27702
23034
23346
23014
24914
23996
24038
25808
26142
26540
24394
27086
23910
-24362
-27216
-27094
-13706
-23098
-21166
-26210
-25790
-23342
19212
25292
18794
25746
26810
-24056
-21752
-17824
-23952
-24342
-23760
-27140
-25636
-20480
-24042
-26736
-26792
-25908
-24842
-21618
-26898
-23524
-25280
-22528
-25622
-27184
-26722
-24116
-26478
-25338
-26558
-26908
-26530
-22296
-26258
-25318
-24462
-24518
-24776
-24988
-23610
-24480
-22674
-23876
-25142
-20632
-20426
-26444
-26402
-26086
-27740
-19110
-26428
-24532
-24710
-27384
-28456
-27332
-27126
-23892
-23222
-24202
-25572
-25388
-26784
-28142
-26412
-26200
-25392
-23124
-24872
-26984
-25796
-26834
-27470
-25546
-17558
-22810
-26444
-24804
-21318
-19064
-26832
-25906
-27474
-25396
-23528
-24034
-28198
-26562
-26854
-27890
-26552
-14926
-21404
-18650
-27220
-24096
-25068
-26188
-28228
-28954
-26090
-26860
-25434
25304
24634
27120
25274
25268
26956
26224
24858
25072
25688
24986
27242
28288
25616
27846
25256
24150
26060
20560
24906
25030
22412
17130
25388
26072
23916
26686
25362
23896
27078
26256
24936
24556
27516
24362
25256
24612
26490
25516
24014
23624
26552
27796
24270
25336
27384
-23680
-27752
-24506
-24778
-27924
-24192
-23174
-16910
-26798
-22874
-22002
-27052
-24466
-24556
-12242
20136
21592
15920
25218
24234
24906
24610
16742
21676
24094
17112
24364
23476
28192
28408
26056
25414
26582
14442
23902
23716
27124
26026
26576
27790
25456
24296
27866
23398
22672
25542
24592
27418
26640
23934
26274
14552
24538
18016
26356
24918
25560
28282
24824
26726
22986
26322
20938
-26788
-25300
-27466
-25962
-25908
-27378
-23886
-25202
-28850
-29118
-26280
-27436
-27328
-26656
-27334
-27404
-25460
-27452
-26296
-26180
-26670
-27200
-26464
-26806
-24714
-22354
-24992
-23170
-25742
-21806
-25354
-24874
-25524
-25038
-25342
-26038
-20400
-23722
-21786
-24586
-22138
-25416
-25918
-25362
-23928
-27822
-26780
-26482
-27340
-27104
-26690
-28482
-25926
-26806
-23242
-27608
-22082
-19548
-25894
-26894
-25526
-23366
-19220
-26914
-26156
-17464
-25052
-24554
-23368
-24648
-28226
-25826
-25110
-24492
-22748
-23698
-25502
-27200
-24236
-22854
-26486
-27228
-26640
-27542
-26782
-23028
-25990
-17990
-24136
-23062
-28484
-26508
-23312
-24424
-20092
7858
-20548
-18814
-23208
-26424
-24336
-25554
-23400
-23610
-20044
-25088
-25848
-25102
-26778
-23534
-25836
-23336
23286
24682
20070
17950
27388
23668
22986
26544
27140
26446
24690
25148
26084
-24814
24612
18576
28332
28844
22280
26952
26132
23470
25938
24800
27552
28026
27146
25256
26152
16028
24660
27620
26896
7172
27954
20962
-22830
-12634
-26002
-21488
-25568
-21072
-26046
-26868
-26452
-23046
-20090
-24096
-26738
-27036
-19816
-27774
-27732
-26068
-25318
-22242
21974
24036
25728
24586
24868
27648
28662
23064
24330
25790
28324
27472
26360
27972
19860
23344
26720
24916
26246
24016
26874
23230
19350
22860
26420
23578
25022
27204
27910
24090
27582
24862
26686
26506
25966
25284
27414
27794
26236
26442
26482
27304
25130
26600
26574
24174
24944
27366
26918
23736
25048
28470
26866
28412
21304
25722
26430
26168
26380
28062
27212
25322
28396
27360
17032
23090
26280
22792
26778
26356
23962
22182
23514
25912
24912
25706
26002
13234
-21868
-27330
-19524
-26916
-23270
-24674
-26732
-26098
-19736
-21374
-20348
-25182
-26396
-23918
22618
22310
23160
16860
-27818
-27826
-26860
-23046
-24226
-24122
-16730
20974
23886
22998
24506
26212
28152
26490
25804
27334
25706
24386
26808
24840
23894
26790
26172
18146
-22870
25992
27452
26278
25310
28618
27964
24426
23318
24462
25058
21424
24772
27050
24200
26382
25344
23582
22688
25276
26324
23944
27526
26082
27718
24828
27586
27518
24642
26964
22328
27728
25208
23040
23860
24144
25052
24646
26298
25174
25982
23726
25594
26812
24632
24356
23342
21324
21658
22446
25772
26610
25320
20248
24854
25778
24502
25928
23344
24760
26750
26960
22454
24062
24170
24040
27132
26532
26554
26794
22984
27360
26354
24104
27078
23042
26056
23712
22466
18298
28942
20608
24450
24048
18396
24460
19442
22396
-25400
-25994
-27920
-24644
-24262
-27014
-28482
-24432
-21604
-16852
-22090
-27618
-23584
-23784
-23506
-26846
-27142
-27006
-19718
24806
23012
23602
27150
21434
26702
16354
25770
26222
25690
25824
25324
-19144
-19352
-23920
20074
25726
8128
-20360
-25546
-24320
-19134
-26350
-25954
-28858
-25868
-25102
-22010
-21412
-25436
-25902
-18762
-22244
-24932
-25264
-26898
-28162
-28518
-26624
-27448
-24924
-27056
-25740
-26466
-23254
-24854
-23264
-27942
-28960
-29344
-28732
-29094
-27492
-26230
-25158
-28560
-26474
-25892
-28272
-28252
-26190
-26506
-19468
-24248
-22970
-23734
-23924
-26288
-20338
-23574
-25878
-15346
-24376
-19088
-24446
-22670
-24408
-24352
-25462
-25426
-28784
-28240
-24650
-26166
-26782
-26538
-24084
-25700
-26984
-24824
-21254
-23676
-23888
-27564
-27708
-26328
-25834
-25830
-21068
-13008
-21822
-25506
-24154
-20076
-24252
-26970
-28326
-27518
-25828
-23036
-26750
-24644
-25810
-24238
-25124
14496
25762
26740
25386
23828
-23232
-22750
-25496
-28150
-26182
-26468
-26642
-25702
-28998
-23242
-21908
-24378
-23444
-24616
-27644
-25834
-25672
-26206
-24138
-21938
15604
24224
27438
26556
28484
25840
26194
21552
25846
23106
26548
25060
27180
25670
26624
22776
24754
26050
24518
27620
28424
24842
-15048
-18200
-25482
-18430
-24102
-21102
-25688
-25900
-26262
-25936
-24552
-26848
-27478
-27796
-19850
-20758
-24876
-26782
-22748
-17798
-20076
-23992
-20660
-20230
-25072
-16866
-25040
-18454
-24516
-25220
-27572
-22036
-26322
-24142
-26886
-27168
-25732
-26830
-25404
-26302
-18716
24478
23382
24130
26182
24628
24156
25238
26050
27006
23038
24804
25284
21450
22690
21538
-22688
-22840
-22892
-25208
-20568
-25140
-24706
-24094
-21146
-22308
-27484
-23692
-26784
-24072
-26498
-26838
-26534
-27978
-27312
-19162
-26518
-22544
-25846
-27292
-26840
-24788
-25318
-20714
-25310
-25418
-25036
-21778
-25096
-20642
-26314
-26482
-27426
-24944
-25804
-25090
-25538
-21990
-25016
-26826
-25226
-21080
-21134
-26594
-25764
-25292
-22422
-24326
-23300
-25726
-27014
-25992
-24978
-28512
-29076
-23802
-26664
-24802
-25688
-25796
-24938
-28652
-27796
-27434
-25838
-27032
-26698
-20176
-23504
-26052
-25384
-26966
-24518
24048
-19798
-25178
-24492
-26690
-25600
-22120
-26676
-20594
-26382
-24680
-26110
-23846
27124
26820
25722
27904
26684
22204
23492
-24638
-19104
-24910
-25276
-26218
-23074
-24702
-24282
-26168
-24020
-27160
-25964
-28742
-28568
-24088
-24376
-21706
-23830
-26146
-28166
-24048
-26414
-24782
-25754
-25612
-24668
-17958
-22472
-25842
-25282
-23788
-28890
-26158
-26924
-27964
-25820
-25706
-26846
-26628
-26152
-27846
-28610
-26708
-25526
-27364
-27334
-26110
-24810
-25660
-25054
-26820
-26526
-25800
-23652
-28284
-26684
-28326
-28658
-28968
-27366
-24986
-26932
-24234
-23748
-27132
-25888
-25082
-24224
-25276
-25082
-20740
-25408
-17320
-27828
-27368
-27572
-27010
-22658
-27586
-27374
-25626
-21244
-24910
-26678
-22868
22126
25986
24136
23496
23258
26436
26448
25582
25350
21790
27592
25780
24624
22000
19288
22582
23874
27210
27868
27942
25306
26334
21162
23742
-15912
22630
17504
24674
24518
24802
23662
27594
18590
23756
26730
25388
23696
19844
29132
26430
22176
26732
16574
24466
23560
22064
26562
24458
-26520
-27222
-26442
-28750
-26352
-23752
25754
25560
26712
24766
14384
26014
26700
26056
26676
24438
26450
26454
24486
20244
26396
24970
27106
23748
25066
26460
24312
27014
23596
27968
28024
28346
22840
24598
19424
-23816
-22974
19530
25408
20418
21706
-22720
-21964
23272
26138
26326
25996
25190
23380
16554
22112
25734
27400
26432
25852
22776
21036
23324
18564
20584
24318
25770
22812
25384
14624
-19818
-22288
-21076
16690
24698
26448
27060
19140
23888
18906
-25068
-24470
-24078
-24804
-23514
-21690
-24964
-25464
-23486
-25786
-25982
-24506
-24574
-27264
-25600
-27480
-27262
-23828
-25602
-23466
-25004
-25134
-26714
-25014
-24292
-24928
-27208
-26228
-25212
-23886
-25996
-26604
-26218
-22486
-27348
-28370
-26760
-20908
-21216
-26780
-23046
-24264
26036
28108
25350
23358
24882
27214
26094
25742
21824
24100
22490
24874
22342
26552
25164
25140
25206
27390
28306
24234
24956
23304
25782
26976
27860
24288
27740
25940
26640
28078
27092
27488
25816
25056
27346
28324
26096
25868
29556
25788
23342
26226
24506
24588
24902
19186
25842
28762
23274
25120
19156
-20168
-24814
-23948
-25300
-26190
-25672
-27938
-26520
-23674
15954
21788
22704
25898
25974
16098
20810
18084
23468
21260
25942
27790
26092
24208
26204
24600
27110
26666
23940
27010
26304
27010
27626
26932
27182
28050
26056
26406
22510
26280
25960
26230
24512
27422
27732
26792
23310
26968
25010
24758
27614
19578
20088
25478
20196
24714
26918
24236
24976
21928
25994
27392
15310
17976
21382
-18640
-7724
22392
25448
23786
18574
25944
24728
17914
21244
23550
21244
26278
24250
21512
26268
24138
21972
17624
25330
24280
26956
26888
27378
22256
22174
25568
27182
25702
27280
23064
23916
21206
25822
23516
24000
24866
25078
23834
20322
25396
24884
27872
27062
25940
25772
28690
27554
28814
27072
27812
24742
25984
25956
23384
24648
20838
23682
25618
25834
24502
24946
25076
22368
22078
27854
21356
23060
25538
25056
27906
26702
22800
17976
24618
22430
27910
21562
26236
28250
26590
28116
28354
25788
26606
26360
24018
25990
24640
27728
25982
27710
23106
23140
26258
23870
25208
26848
24620
20464
22890
25442
25214
27378
24660
25612
25716
25282
27152
26296
25386
21340
24338
27416
25170
24928
23526
23028
25478
25080
20858
24992
21678
21384
28476
23768
21004
25662
27148
24658
23312
24146
26022
26542
25544
23872
23938
25574
27634
24714
25824
23938
23072
24498
23710
27504
28594
18396
26990
27998
24326
22098
23554
23882
20256
18148
-20244
-22658
-27082
-26994
-25176
-23996
-21970
-26076
-18942
21534
25790
24726
25434
22698
24780
26996
26606
28584
25532
24822
22032
21332
21702
19310
25678
19982
26880
26642
25322
26012
20216
-18314
-21968
-22842
-26080
-23884
-23588
-26344
-22308
-21874
23132
21490
23410
18758
23088
24574
25604
23730
24368
19976
23744
24108
23754
21446
23876
26242
24030
23856
25496
25322
22122
23642
26368
25680
17554
24878
21838
20762
22076
23522
24242
21892
25390
22012
25154
25742
25626
22114
26058
27016
25960
23394
21030
20868
24670
27246
24334
24674
25504
25352
25944
27308
27888
28486
26384
27196
25522
26200
26138
26832
18702
23854
22846
27052
27840
26694
26284
25042
22064
19228
25016
-24688
-25634
-25096
-26636
-24958
-16476
22404
24240
25174
23706
21560
23664
24094
22314
23730
25984
27400
23078
25278
26720
25160
15022
-24624
-26866
-24990
-27066
-26558
-27060
-27890
-27202
-26704
-27282
-25600
-25750
-24548
-24548
-27886
-28346
-25828
-27044
-26972
-26022
-23964
-24008
-21988
-23382
-25402
-26032
-26320
-25056
-26142
-25436
-26872
-28436
-28916
-27122
-28548
-28742
-27326
-23052
-23872
-22480
-22612