-45330
-42570
-42952
-43306
-41230
-43132
-42442
-42014
-44386
-42698
-45204
-42632
-40888
-43884
-41848
-42404
-43652
-43908
-42602
-46238
-44674
-44570
-46396
-45708
-43314
-44308
-41754
-44654
-46730
-44340
-41330
-42902
-42870
-46066
-46314
-43612
-42460
-42856
-45332
-41628
-43346
-44400
-44246
-42270
-42274
-45042
-47510
-45898
-44038
-41204
-39092
-45430
-44036
-41516
-41512
-45076
-45828
-42576
-42052
-45648
-43658
-44132
-45518
-45340
-45130
-44328
-44280
-41252
-41634
-42946
-45646
-47188
-46060
-43958
-42820
-42994
-43426
-42686
-42178
-44006
-45382
-43968
-44568
-44928
-43940
-40944
-31712
-42978
-41666
-43034
-42356
-44540
-45326
-45444
-42038
-43522
-45494
-43920
-40802
-44722
-42646
-42534
-42576
-43770
-44888
-46342
-44466
-45006
-46048
-43842
-43448
-46190
-43322
-41228
-44778
-45456
-42694
-44214
-43312
-43848
-45926
-41498
-44542
-43738
-42742
-45336
-40208
-43730
-46962
-44700
-46020
-43502
-46614
-45746
-44762
-46198
-45790
-45970
-44440
-44860
-44892
-45240
-45492
-45628
-45422
-39192
-40154
-45188
-45488
-42192
-43792
-42486
-42810
-45138
-46140
-44540
-42242
-43596
-44524
-44514
-44144
-44700
-43928
-44340
-44200
-44412
-44046
-43742
-46036
-44360
-41796
-42970
-45220
-45110
-46850
-44666
-44086
-44902
-43148
-41802
-43460
-46232
-44388
-45044
-45882
-46714
-46568
-43702
-42922
-44926
-44680
-39338
-38632
-39722
-40830
-44368
-44092
-45680
-45354
-46596
-42016
-42128
-44718
-44778
-43734
-45094
-44020
-43328
-45936
-44730
-43948
-42084
-44986
-45596
-42696
-47162
-45752
-43734
-43216
-41556
-43384
-45776
-43754
-43922
-38556
-43248
-43778
-39550
-45244
-46726
-44570
-44456
-44196
-44630
-43374
-42216
-45228
-44416
-46398
-45110
-45744
-45658
-45932
-43790
-43906
-45120
-45454
-44372
-42702
-42786
-44850
-43780
-46672
-45264
-45894
-43132
-42864
-42834
-41354
-43440
-44932
-46270
-45720
-44082
-45094
-43104
-44240
-42368
-44176
-44614
-44084
-46016
-44882
-44698
-44246
-44242
-43108
-45928
-44724
-43606
-44786
-45532
-44470
-43350
-43824
-41974
-44802
-46444
-46096
-43440
-43300
-43922
-38936
-42854
-41744
-40814
-41788
-45492
-44462
-42776
-42100
-35114
-34826
-39940
-42270
-43578
-41546
-42622
-37110
-45272
-46106
-47640
-44946
-44980
-42598
-42540
-45878
-43586
-42646
-41500
-46440
-44598
-43938
-45024
-44114
-43614
-44924
-43036
-44150
-44670
-44632
-45096
-45072
-45412
-45126
-46624
-40204
-44428
-44492
-40764
-41856
-47210
-44064
-42504
-43870
-42300
-45628
-44734
-40158
-43436
-43796
-44182
-42858
-43524
-40568
-45220
-45810
-43666
-45442
-45444
-45446
-45688
-41732
-44074
-44686
-38424
-45124
-47462
-44020
-41940
-40420
-36606
-45604
-42050
-45284
-44320
-45126
-46068
-46408
-44248
-45578
-44694
-46948
-43166
-40768
-44114
-39582
-43466
-46516
-45470
-45340
-45072
-44456
-44200
-43440
-44780
-42828
-42604
-43208
-37200
-43744
-41206
-42344
-44980
-43748
-42884
-42624
-45340
-42578
-39554
-40178
-41022
-41754
-36182
-42126
-43810
-43480
-44170
-43098
-44516
-47858
-45046
-43854
-43366
-42788
-47086
-44362
-43936
-45158
-46174
-44980
-43996
-45370
-42432
-43296
-39896
-44536
-40356
-42428
-39964
-43880
-42354
-41630
-39864
-41516
-41756
-43032
-44056
-45548
-42482
-44362
-38558
-38086
-38616
-42572
-43884
-43330
-42700
-41128
-43438
-42414
-42436
-43036
-44580
-42800
-44374
-41704
-43188
-38948
-45678
-44978
-44368
-39236
-42266
-45650
-46674
-44496
-42264
-44552
-43600
-41466
-45088
-42482
-41550
-42518
-40554
-42540
-41510
-44590
-44982
-43570
-42488
-45202
-44758
-45404
-45588
-44702
-43116
-44374
-44922
-44212
-42242
-44296
-43442
-37922
-43376
-45412
-41088
-45308
-45190
-38736
-41180
-44720
-44182
-44256
-44074
-44302
-44404
-46812
-41968
-44662
-42072
-43692
-45672
-42898
-43406
-41862
-46204
-43632
-45264
-47564
-45192
-45794
-47300
-45130
-42784
-44766
-44490
-44162
-44384
-44130
-45660
-42476
-44394
-43320
-38970
-45154
-44172
-46728
-43498
-43932
-45224
-46950
-47190
-45308
-44644
-43374
-45316
-46962
-44180
-44120
-34480
-39992
-39800
-43468
-45132
-45582
-44010
-43406
-42692
-42834
-44484
-45070
-45348
-44164
-43746
-45046
-45988
-45940
-43036
-44764
-42244
-44286
-43726
-42258
-42348
-45224
-44522
-45620
-46592
-42968
-40532
-46188
-43712
-41212
-42302
-40728
-43024
-44528
-43856
-44974
-43540
-44000
-42150
-42624
-44416
-43512
-47194
-46454
-43926
-43290
-45090
-42670
-45150
-45042
-44282
-43244
-45862
-47098
-40936
-44940
-40856
-43334
-41704
-42628
-42746
-44482
-44010
-41592
-44056
-43976
-43392
-43024
-45038
-46112
-45624
-43504
-45214
-41334
-41500
-40752
-41042
-45918
-44854
-44774
-43364
-44798
-44136
-44444
-46384
-46072
-46488
-44132
-42058
-44552
-42664
-44356
-41014
-40168
-42354
-43672
-41590
-42628
-42804
-45918
-42244
-44272
-43618
-45670
-45474
-41596
-45360
-45268
-46738
-44146
-43604
-43360
-44888
-42550
-43774
-43446
-44678
-46906
-44300
-45972
-43630
-39150
-44958
-43278
-46638
-46712
-43590
-45338
-45558
-45764
-41594
-41180
-40068
-44656
-43106
-41346
-44002
-44244
-43666
-43558
-41534
-43038
-43064
-43994
-42860
-42396
-43940
-43276
-43784
-42278
-44874
-46324
-44142
-43334
-45266
-44024
-44896
-44378
-44802
-43514
-41734
-41900
-44550
-44470
-44772
-43958
-43160
-44550
-43816
-46860
-43692
-45250
-45552
-43062
-42736
-43580
-45458
-41334
-43878
-42820
-43928
-42832
-44540
-44706
-45842
-44228
-44702
-40216
-45642
-42002
-42790
-44104
-46070
-45288
-46274
-43724
-41918
-42320
-44188
-42708
-43416
-42116
-43090
-45832
-44702
-45188
-45708
-42348
-43880
-45276
-42996
-43644
-45042
-43420
-44036
-43596
-42130
-43718
-43450
-41952
-44324
-43056
-39844
-42332
-36724
-43702
-44002
-43320
-40024
-43936
-42208
-44624
-39716
-45190
-43604
-44470
-43764
-43322
-46228
-44622
-44332
-44992
-45264
-43090
-44904
-45510
-46746
-48234
-43630
-45244
-44076
-44412
-42424
-41530
-45356
-44562
-45124
-47278
-44260
-46264
-44100
-44258
-45660
-43402
-45696
-41644
-42706
-40228
-41430
-44592
-45036
-45774
-44188
-42044
-38720
-41388
-43082
-44280
-46352
-41540
-45034
-43826
-45790
-44724
-43868
-45668
-44894
-39698
-42868
-39108
-42624
-41422
-42710
-42594
-40632
-44486
-46390
-45342
-43304
-43674
-42642
-46412
-41606
-44858
-44672
-45382
-44656
-44504
-42672
-41922
-42934
-44160
-40474
-44720
-45864
-45162
-46134
-45668
-45524
-39014
-42600
-45770
-42046
-45146
-44638
-43024
-45356
-43480
-45672
-45974
-45790
-43678
-43458
-45740
-44084
-40928
-43882
-43806
-41750
-43810
-43932
-41334
-44116
-43008
-44130
-45304
-42636
-44204
-43728
-44148
-46732
-46648
-43734
-45578
-45090
-45258
-45884
-44540
-42918
-41486
-44478
-45396
-46286
-39526
-45478
-44452
-42130
-38458
-44554
-46658
-43918
-44970
-38166
-42496
-43006
-43774
-42812
-44942
-42596
-42330
-42318
-43154
-45198
-43514
-46404
-45710
-44656
-42078
-45808
-45144
-40954
-42632
-41864
-43844
-43816
-42730
-41116
-41816
-44362
-44408
-43178
-40892
-43496
-45732
-45290
-40798
-42484
-44504
-43810
-41998
-39642
-44042
-43710
-45138
-44544
-44644
-46654
-40754
-44080
-44822
-42308
-44608
-46496
-44810
-41722
-41486
-44820
-45508
-45030
-43514
-43370
-43264
-44836
-44400
-44062
-43740
-43904
-40512
-40424
-37496
-41772
-44018
-43090
-44538
-41372
-42536
-42976
-44146
-40736
-42910
-41858
-37220
-44018
-41484
-44166
-44720
-43544
-44912
-43648
-44348
-43844
-45416
-44226
-42618
-43826
-45954
-44652
-44330
-42862
-43228
-45450
-45844
-45274
-44176
-40930
-43920
-45118
-42726
-44316
-43882
-44688
-41982
-40522
-41682
-46010
-45314
-45856
-44246
-39374
-42884
-42096
-43158
-43288
-47248
-44792
-43996
-41446
-42970
-42288
-43608
-34862
-42190
-46442
-45836
-46804
-44200
-44672
-45422
-45762
-46864
-43330
-43790
-44144
-40204
-43766
-45042
-43500
-44610
-44574
-46278
-47152
-45978
-45542
-44404
-41688
-41412
-42984
-45332
-42784
-45750
-46472
-43688
-45626
-44032
-45578
-44852
-42584
-41192
-42272
-41144
-46044
-41808
-42284
-43762
-43290
-43318
-45860
-44660
-44988
-44766
-43016
-39892
-42066
-42084
-44240
-45654
-44184
-46602
-44018
-45976
-45024
-43816
-46954
-44382
-44804
-44082
-44492
-44876
-44188
-43570
-45482
-45534
-45120
-45152
-46150
-46556
-44566
-41958
-44420
-45592
-46776
-45104
-45962
-45362
-43222
-41306
-43676
-42890
-46026
-45740
-43362
-43034
-45092
-42888
-44864
-44950
-46696
-43076
-42182
-38684
-42372
-45194
-42050
-43596
-41088
-41598
-40962
-42366
-45702
-45372
-46510
-45234
-45214
-44724
-45758
-45420
-40656
-39488
-41026
-44170
-47080
-45468
-43906
-42312
-43690
-41434
-43372
-43100
-44184
-47428
-44996
-44390
-43974
-44076
-45378
-43992
-43348
-46558
-47286
-44032
-44574
-44040
-45718
-44820
-47124
-46214
-40012
-41864
-43636
-42222
-43534
-40894
-44548
-46330
-45102
-43148
-41996
-43436
-41354
-45162
-44262
-39220
-38168
-39946
-46814
-45498
-43464
-42596
-41610
-41558
-43248
-41036
-41432
-44636
-41876
-45684
-46986
-42348
-43292
-44028
-41924
-43100
-43322
-45026
-42572
-47476
-45700
-45794
-45690
-46648
-45038
-43806
-46516
-42848
-41830
-41350
-43848
-43846
-44016
-42080
-42034
-44000
-41442
-43720
-43032
-45186
-44872
-43276
-43310
-42896
-44660
-45710
-44014
-42946
-42380
-40420
-43662
-40356
-45020
-45908
-41132
-44782
-44194
-45956
-42940
-43828
-43948
-43482
-45026
-43646
-43926
-42780
-42388
-42712
-42060
-43900
-46256
-44676
-42876
-43464
-43808
-45806
-46392
-44682
-45030
-47088
-43596
-44346
-45954
-44732
-40196
-45608
-45034
-44376
-44680
-44628
-40494
-43180
-43366
-41246
-42444
-42926
-43344
-41514
-37026
-40428
-42682
-42238
-44762
-44780
-43988
-44968
-42692
-44700
-37534
-40970
-40428
-40072
-40088
-38986
-42578
-42014
-43912
-38806
-39864
-40762
-39406
-43512
-42630
-42800
-41674
-45580
-43916
-44460
-44530
-44708
-45936
-42294
-43946
-43364
-43296
-43830
-44884
-44902
-43850
-46098
-45780
-43606
-44880
-41470
-39564
-36096
-40598
-43064
-45504
-43710
-44726
-42218
-42282
-43632
-44918
-45716
-44418
-44978
-43652
-41348
-41422
-43296
-46820
-44152
-43876
-42600
-43510
-45420
-44438
-46186
-41744
-40842
-44660
-44506
-43412
-44576
-43604
-46580
-44302
-46062
-44154
-45730
-43752
-46604
-46444
-46472
-44548
-45364
-43676
-37018
-44670
-43220
-42988
-42736
-46262
-44680
-44680
-42566
-45026
-44844
-45248
-43816
-43860
-45124
-43042
-45844
-46100
-43794
-45266
-43636
-44228
-44176
-44440
-38480
-42724
-45428
-41790
-45022
-40520
-42610
-45996
-43378
-43920
-39684
-44584
-45530
-44740
-45190
-46138
-46514
-45236
-44026
-42780
-43908
-46012
-45694
-45798
-44702
-43044
-43160
-43920
-45666
-43784
-43472
-43938
-42312
-43254
-44490
-44262
-46786
-47068
-44562
-46108
-43640
-44176
-40240
-45434
-44444
-44896
-41190
-44552
-39908
-44466
-44446
-44186
-45798
-44878
-44084
-46466
-42392
-43882
-42142
-44890
-44040
-43586
-40112
-41092
-43772
-44418
-43540
-41572
-45232
-45624
-42912
-41108
-43414
-43158
-43792
-43624
-44848
-44610
-45864
-40974
-43974
-43334
-45946
-42702
-42976
-44312
-42452
-41118
-42974
-43646
-39510
-43998
-46246
-44416
-43020
-43736
-45240
-43168
-40706
-43434
-43826
-43864
-42696
-44542
-45168
-45284
-44026
-43350
-41572
-38738
-40966
-42472
-43656
-45922
-42924
-43954
-43034
-46254
-45748
-44836
-43658
-43480
-46172
-44616
-43028
-45164
-42424
-44636
-42860
-45112
-41438
-44736
-43426
-44180
-44212
-43264
-41650
-42736
-44432
-43162
-44362
-43992
-45514
-41278
-42294
-38390
-44722
-40832
-43022
-42652
-37060
-44324
-43290
-44792
-38372
-43260
-45520
-44162
-42714
-40128
-44720
-41484
-42670
-43396
-40280
-42506
-43796
-44768
-45118
-47312
-44322
-45704
-46002
-44162
-44696
-43684
-43918
-45338
-46384
-42816
-43674
-44008
-45870
-43582
-42730
-46440
-44650
-43666
-44454
-42864
-47394
-46512
-45290
-42212
-39396
-41466
-42716
-43784
-44680
-43688
-45048
-44798
-43036
-44276
-40348
-43772
-43258
-44716
-45262
-43600
-44432
-43348
-41318
-42074
-41298
-46074
-44266
-43312
-45538
-44552
-45398
-43562
-42734
-43064
-45790
-44456
-42172
-46608
-42272
-44520
-44320
-44396
-44544
-43750
-43640
-41956
-43804
-41996
-43230
-41106
-38736
-46028
-44878
-45104
-43576
-42594
-45920
-43580
-45670
-42780
-43562
-45464
-45874
-47222
-47022
-46676
-44212
-46174
-40826
-45136
-44376
-45458
-41316
-45270
-43766
-43188
-43822
-46848
-44664
-44506
-42922
-44840
-44662
-44118
-42046
-42404
-44406
-43394
-43592
-45672
-43674
-39728
-42910
-43576
-44222
-41900
-43200
-38236
-43196
-42668
-40122
-40426
-45108
-45868
-44002
-44260
-44110
-43142
-44314
-41790
-44662
-43012
-43576
-42834
-44996
-45650
-45722
-44780
-42680
-45352
-43976
-43530
-44490
-44830
-42880
-45362
-44562
-43964
-43418
-44680
-46172
-45362
-43284
-43056
-43826
-42374
-46236
-45876
-42888
-41998
-44848
-42282
-45340
-45196
-41930
-43566
-44254
-43944
-45380
-43034
-33984
-44288
-44384
-46352
-42622
-43654
-43840
-44718
-46632
-45426
-45000
-43590
-45362
-45354
-45856
-45116
-45194
-45168
-46242
-45988
-45170
-45722
-45326
-44114
-44812
-42390
-42416
-43996
-41916
-43910
-40624
-40936
-37966
-44162
-41006
-42814
-43980
-44358
-42814
-43726
-46128
-42132
-45114
-43110
-43182
-45222
-44092
-45632
-44474
-44046
-43780
-44898
-43892
-42790
-44612
-45896
-43278
-40776
-44154
-45338
-45440
-46000
-44796
-44540
-45714
-44902
-44670
-44090
-44756
-43662
-42644
-43404
-40370
-41434
-44328
-46020
-43004
-42586
-41628
-43774
-41488
-43232
-44804
-44748
-44796
-44124
-45168
-43664
-44284
-45862
-45962
-46058
-43006
-46040
-44040
-44704
-44212
-45358
-45416
-42774
-45702
-45030
-44500
-42452
-45112
-45522
-44008
-46144
-44904
-45460
-44194
-31596
-41176
-43586
-41792
-45990
-45676
-45236
-45894
-44344
-43440
-46378
-45386
-44952
-45176
-45200
-42484
-44746
-46160
-45358
-43002
-44306
-42262
-43010
-42382
-43104
-43812
-45112
-44926
-45334
-44442
-44656
-38638
-44834
-45686
-43870
-45736
-44486
-43816
-42302
-43734
-41816
-42424
-41138
-41442
-41466
-42102
-45418
-44544
-44020
-45028
-45286
-45466
-44686
-44604
-43464
-37898
-43140
-44142
-43406
-44364
-43826
-42844
-45568
-45890
-45926
-46396
-45804
-44514
-45294
-43534
-43666
-46100
-43160
-44762
-44570
-44114
-43642
-44966
-43156
-46114
-44184
-41000
-44678
-45144
-44816
-44702
-44138
-45208
-44514
-44072
-44832
-43230
-41068
-44408
-42876
-44818
-46002
-45926
-46484
-43724
-44812
-39656
-43400
-45746
-44522
-45216
-44018
-46462
-42698
-44754
-43750
-40236
-42358
-35342
-41146
-42440
-40496
-42948
-44626
-41638
-46212
-45154
-44958
-42474
-43704
-45708
-44448
-44960
-43758
-42802
-44606
-45012
-45974
-44500
-44122
-43926
-42948
-37840
-43820
-43264
-42600
-44492
-43992
-46558
-42580
-44990
-44254
-45700
-44812
-47016
-42466
-42448
-44868
-45126
-43186
-43700
-45758
-45766
-45502
-45298
-44260
-44596
-41910
-44540
-40522
-44554
-43134
-42210
-44492
-44294
-41068
-42922
-41308
-44894
-42976
-44550
-46112
-44706
-42732
-41902
-41806
-41486
-43496
-43768
-45520
-45112
-43704
-42990
-37198
-45022
-43918
-44866
-42460
-35258
-40202
-42796
-43124
-42170
-44784
-42248
-45156
-44704
-44776
-44448
-44968
-43908
-44372
-46218
-43726
-39712
-43520
-43666
-40620
-43186
-43754
-40830
-44314
-40886
-44712
-46034
-42608
-42886
-43848
-44038
-44300
-44926
-44218
-42560
-44070
-39430
-44700
-43550
-43582
-45780
-44978
-43818
-42688
-45026
-44300
-44956
-40692
-41362
-42678
-42910
-42568
-41388
-40996
-40646
-42314
-43342
-46440
-44722
-45724
-43628
-43508
-44296
-44994
-43180
-37624
-44526
-42204
-41864
-44138
-42390
-46558
-46738
-43518
-42702
-43254
-40740
-41726
-44880
-43946
-46352
-44248
-43912
-41122
-44870
-40494
-44230
-42248
-38448
-42154
-41718
-41664
-44402
-45678
-42444
-44814
-44882
-44432
-45230
-46992
-44032
-43634
-45140
-44022
-43418
-44820
-41938
-43608
-45074
-44974
-46336
-45392
-42278
-43598
-44202
-41818
-44204
-45170
-45690
-42652
-45670
-46764
-44566
-44106
-41792
-45426
-43824
-45804
-44086
-44706
-46332
-45156
-45242
-45334
-43198
-43418
-43518
-44534
-42592
-42550
-44514
-43732
-45418
-41068
-43180
-43898
-41286
-34336
38138
45038
41944
44064
44622
46660
44982
45070
43820
45076
45306
43612
40614
43754
41068
39194
42446
43624
44686
42500
44742
42884
45518
44874
42628
42170
43572
44654
45786
46276
45468
45488
44690
41426
42974
44630
42446
46080
45532
43568
43116
42368
43396
36748
44312
44894
41272
45602
44760
43770
43490
44184
41140
44298
46086
46286
44182
45174
43560
39262
44082
46152
45876
41344
42758
41374
38772
41604
45180
42928
46096
44398
43956
36154
36948
37572
41072
44734
45120
44354
46210
44180
43472
43394
44934
44548
43484
43468
42628
46220
44506
46526
45438
42556
44548
42004
43134
43978
43884
38438
44906
46332
45862
44338
44136
43086
40810
44604
44112
46660
47158
45230
44266
44108
44362
44886
46294
44058
42394
41766
38172
40664
44128
36374
44580
44826
46112
43742
42124
45372
42830
45298
45742
43974
44472
43346
43990
43312
44904
44768
44254
40318
44990
42814
44088
44650
44692
39952
44662
44730
44988
43600
43490
42412
40614
45308
38574
42742
43310
45514
44192
43000
42540
45436
44510
44738
45444
44736
42432
45480
44086
43012
44440
46422
44728
44646
45354
44574
42958
45010
44578
42420
43154
43924
45200
42730
42684
43080
42706
45342
43830
44408
44212
40616
42674
47124
46636
45588
43772
44226
43714
44804
45596
43084
45220
43240
42126
43010
44842
42312
42678
44908
45108
43290
43886
44106
41504
43704
43692
44184
47538
44718
45394
37946
41912
39434
42846
42132
40020
43372
45938
46250
46324
44646
42378
43210
43618
42820
37182
45466
39146
39154
45420
42272
40660
40630
43650
43024
38084
39172
43618
43410
44478
44660
46476
43500
43564
39870
41020
45058
44856
45914
43414
43986
44490
46386
42190
38634
38338
41344
43648
41800
42648
40702
41346
42096
43636
42616
45214
45364
42810
41758
40196
46132
44830
46482
45062
44270
41878
44852
44008
42086
44540
44100
41882
44554
44818
45310
41364
45640
44554
46408
44798
45766
45942
45090
43192
43086
44556
44046
45290
45006
44488
44950
46000
45846
42178
44410
44460
43344
41844
46134
43354
46510
45382
45280
41726
41750
44642
44138
41984
41408
44816
45298
44416
42518
44790
44194
44558
44620
45608
45558
47168
45920
42902
43518
44678
44928
45048
43144
36092
45108
46384
40038
41516
44504
44530
46602
43176
43290
41600
43864
43266
42582
44594
44868
44450
45806
45084
45278
46698
43984
42526
42298
44852
42834
44224
45556
43550
41786
42162
45484
45110
44534
43770
44840
42706
42238
41462
41110
44634
42606
44114
44902
45112
45180
45012
44054
42804
44940
42468
44508
44748
46676
43552
45136
44404
44414
43156
42816
40932
42036
42076
42920
37840
39652
35834
40696
42664
42670
46410
46624
45648
46242
46598
43112
46042
43936
42660
43728
44278
44652
44738
41774
42610
45364
42286
45048
43186
45228
43110
44768
45738
41692
44050
42888
43272
44066
45446
45944
43600
43216
43910
43936
43866
43772
43260
43528
45080
46808
41192
43646
41394
42308
43322
45642
45326
42774
44450
42702
44960
43492
45234
45518
43458
45552
44296
44392
41036
41372
42730
41492
44618
45254
43144
43840
41738
44634
45286
46346
45338
44584
45442
43730
41670
42958
43266
40030
42600
45404
44296
44372
44278
46866
47400
43964
42822
42706
44628
44064
43942
44526
43144
45352
43220
44058
42778
45022
44004
41718
44278
44392
43628
45178
45196
44402
44350
45168
43414
45976
42164
40696
45134
44814
45098
45998
45584
43562
44062
42656
42842
45676
43042
40514
44306
42832
42316
43860
42270
43662
45786
45426
46134
45244
44422
44998
42524
40744
44474
43960
39864
41754
42662
44184
42904
42722
43594
40978
43940
44760
43658
46424
44860
44510
44732
43544
43016
45660
44014
44614
45482
45812
46664
46332
46230
46006
43528
45818
43400
43588
43940
46274
41368
43672
39468
42042
44236
44470
44280
45986
45272
38580
43578
45000
43460
46512
44224
45142
44060
44956
43328
41880
44254
44356
41602
41650
38390
42138
42198
42244
46800
43860
45348
45992
46220
41818
42578
43906
40036
43872
45026
44756
45750
45250
43748
44946
47352
44144
44276
43786
42840
44150
42474
43358
43046
41810
43040
42496
45096
45628
45004
44226
42148
43412
41992
39710
45282
43348
41430
44540
46380
43872
40500
44834
43388
44118
45812
46620
42472
42092
43956
43602
44744
43374
44722
42490
42826
41950
37524
39338
41152
44156
43170
43006
41626
43604
45504
45642
39750
45602
45010
44758
42642
43376
46198
42170
41788
44792
41400
45018
42260
42518
43454
43492
44252
46044
43526
43628
42094
42722
42476
42948
41774
44242
44280
42192
42830
41508
45900
46094
41984
44040
45332
43832
44876
44044
44256
44140
45494
44200
45344
45306
45846
45512
45860
44984
44482
44954
45160
43766
38760
43058
45752
45524
45530
45372
45930
43546
42294
45670
45988
45568
42424
41700
42054
43372
45012
43184
44092
43568
43980
44574
43834
46774
45914
45712
43710
42804
42286
44254
37884
43370
45258
46354
46222
42850
42532
42474
45286
44028
40192
46144
45646
45494
45282
42952
40338
46048
44320
42806
44846
45594
44776
46752
44676
41476
42294
44012
42728
45562
43262
44164
45020
45162
46270
44154
42526
42356
43306
41714
45590
46950
46672
43898
41502
43240
42478
44700
44510
43436
44666
42186
44330
42714
45430
44880
45600
45244
46368
42422
43734
44050
42902
44878
44604
45334
43766
45994
42892
42552
42678
44004
45108
43224
44772
41702
41838
46344
43482
43638
44166
42496
43924
42074
41558
40060
43752
42616
43622
44528
44448
46880
44552
42330
45120
44688
42832
43546
44982
45272
44412
41776
45084
42766
43510
45796
46740
44230
43110
43776
43682
43946
45336
46402
46964
46324
44500
45378
45660
46460
43576
41918
43056
43834
43946
44944
44464
44886
44718
45604
43170
41686
43674
45090
45684
36718
43140
44896
44498
45592
43000
44752
43564
42562
43920
42448
40304
45304
42446
44650
44490
43970
44016
43202
43092
41524
42972
42500
43424
41040
44832
42414
42892
44174
45620
44468
45562
45378
44814
46742
41204
40830
43584
43426
43592
44682
46428
45748
42702
43790
45544
43486
45166
44452
45398
42116
45168
43202
42050
43050
40246
43648
43976
41210
45190
45884
42166
43326
43128
44648
45094
44184
43758
45788
44226
43746
37362
44168
45066
41634
43636
42934
44952
43290
41748
46342
44364
44872
41276
41960
44678
45996
42092
41512
43746
44614
41084
42862
39978
44738
45222
43726
44076
45100
45930
43358
44546
44354
44174
44558
43004
43584
45024
45394
44304
44476
46390
45052
45038
43622
44820
45758
43926
45970
45416
40578
42232
39910
42982
45528
45894
44706
43024
46092
42994
42798
43064
44396
46266
43282
46192
44656
43682
45814
45138
44370
43416
43864
45076
42764
39586
39904
43204
45294
45712
44150
44000
45028
45402
42448
43850
41924
45036
41554
43298
44912
45036
44778
43932
44976
41712
43934
46564
45282
45336
45876
44348
44270
45264
45034
44326
43420
42318
44518
45090
35952
41098
42332
43356
41292
46042
43502
41676
45008
44474
44722
42644
41076
41470
40552
43592
45912
45950
46160
44782
45816
44672
44964
45958
43248
45384
43774
43800
45728
43462
43942
43666
45440
43206
46010
44440
43726
42526
41036
43388
46868
42448
43110
43886
44592
45284
45814
45050
44374
44236
44410
41692
44540
44792
42076
42996
44112
43190
43184
45722
41290
46466
45896
45426
44980
45428
44240
45062
43858
42040
42532
44800
43668
42158
43156
44576
43288
42860
45630
43406
44436
44476
45204
42762
45140
43634
44116
43558
46140
46386
45656
42424
44566
43982
46694
42010
44616
43372
42274
40580
43476
43594
41154
44402
44348
43884
41912
41380
45486
42724
43602
42932
45838
44494
42146
39388
43114
42902
42514
44468
44900
45572
44342
42818
41780
41400
42804
45954
44782
44520
44716
42504
43912
42054
43022
40514
43542
43776
43152
45500
44878
45002
40284
44564
42902
44142
42730
43870
44674
44316
45066
44710
44454
43452
42342
42834
42768
43206
45140
44988
43220
40828
43766
42458
42562
44606
36660
41450
40976
41892
45608
45056
46530
45868
44504
44238
45530
44530
45714
44606
42950
40582
44888
43886
44480
42694
37938
44708
43936
41782
44442
43970
44202
42770
46612
43714
43586
45432
39986
43150
43874
39928
42930
35844
44086
46190
42284
43466
45632
45568
44668
44510
44802
45616
42504
42502
41526
42858
44698
44436
45452
45868
45076
43980
43650
43542
45782
44070
45886
36864
41814
44830
39602
43126
46216
43954
45196
43732
44738
43406
40896
42228
42734
41712
40204
41914
44054
44762
42854
43478
41702
43466
45384
45416
45092
45790
46068
45106
45960
43792
43672
45186
42746
43380
43342
41682
44248
43778
40694
42840
46144
45442
46764
44320
38840
42030
43430
46770
46064
45526
39352
43282
44788
44398
44330
45490
46308
44950
44314
42714
41684
43082
42002
40934
43236
43016
40406
45202
46088
45356
43222
43620
46430
43960
44586
42206
43290
45090
41900
38422
42948
45500
46206
45008
43112
44308
44596
46182
43812
43698
43808
43678
45222
43272
41508
43344
42442
42796
42012
43072
45296
44534
43858
43910
43722
41630
45336
45686
45424
43158
45022
45596
42930
44226
45814
44304
43680
44314
44820
44506
44080
44660
43420
44234
45192
42784
42176
41656
45474
43214
45820
46490
42754
44484
46064
43246
44894
44772
46136
46494
45994
45818
45478
44444
45978
44548
44790
45042
43504
40238
42284
40092
41058
45036
43460
44102
43894
40322
43352
43388
42028
43584
43794
45052
45720
46076
42916
43882
45292
44258
45958
43424
44624
45804
44838
41428
43546
44168
44616
44530
44280
44158
42990
41130
45200
44670
45472
44966
45642
43872
42486
39884
26106
45392
45354
44518
43624
43020
43600
42880
44202
44524
44128
44102
46080
45536
44206
41938
40088
43054
43642
44800
45390
44484
41100
42448
45324
41260
39940
39504
42098
42152
43322
44038
46810
43228
44590
43426
42234
41540
43122
42960
44256
41028
45336
42966
45244
45316
40544
39094
41418
40236
44334
46340
44578
43814
45092
45136
44168
44060
45922
45560
47292
45676
44070
41814
45038
45652
46122
43052
42068
43334
45956
43596
45370
43784
43078
42254
45124
46646
42632
42526
42376
39956
43804
42944
42040
43384
42440
41902
41834
46944
42920
43556
45256
37974
42862
44184
45526
47392
45600
43838
44138
42104
42384
43356
39296
43688
42638
44928
41086
42946
44156
43582
40640
42778
44940
43778
43890
45056
43992
40618
44388
44668
42304
40480
44312
45684
44166
44294
45376
45010
46092
45492
46402
42838
42984
43580
41536
43436
44244
46382
44584
44216
41634
43416
44516
44742
44598
44468
43732
45052
43960
45282
45132
42392
46196
44732
34878
43718
42972
43584
43570
45198
42500
42348
44744
45038
45364
42028
41218
41358
43650
36252
43384
42864
46050
43068
43202
42184
44074
46126
46928
45054
45820
42944
42466
44692
45700
46298
45324
41818
41444
41280
43240
44260
46106
43388
45610
43602
44540
46274
46096
46046
45338
44752
45648
44594
42138
44054
46038
44656
43064
44484
40992
44640
43426
44858
45662
43572
43318
46436
45234
44170
45700
43922
45716
41868
43384
41670
42194
43678
40816
37566
37050
45234
44142
43228
42892
41940
39096
46154
45276
45706
45768
43660
42986
42810
45304
43950
45574
43626
44178
43300
44496
44206
40186
44884
43078
43380
47038
46152
43868
45398
46956
46660
46578
44756
43172
45966
45458
44878
44510
42382
45126
46030
43656
47210
43436
42622
42990
45298
45882
45868
43262
44094
42270
42280
39504
39222
39232
21440
41352
44124
44764
44492
44568
44564
45890
44204
41124
43134
43282
44984
42468
44210
45616
45658
45198
43602
41272
43850
43816
45238
45592
42838
44580
44542
44124
41492
42586
44504
43944
44552
46510
44350
43798
43986
45438
44844
37080
40620
45146
43324
44204
42232
38200
32768
37086
41156
42426
42554
42566
39892
46272
41920
41968
46188
37630
42220
43020
44642
43566
43264
44154
43380
41262
46012
42416
44204
46558
44272
44596
40220
40590
39576
44146
45426
45154
44276
44894
46506
45470
45868
46038
45066
43416
44488
43760
45928
43558
45134
46014
46492
45988
46300
44232
46126
43156
44618
42498
44564
45432
44570
43232
41950
44712
44544
45198
42070
42232
43668
43582
45316
45950
42628
41154
41528
41306
44400
44616
43614
43766
40084
40654
42952
44290
45812
42736
43236
37638
43484
43370
42194
43754
44384
44124
42858
44802
39802
42396
43312
45704
43030
42682
43336
43080
45046
44946
44462
41654
39464
42688
42040
43904
44450
45890
44528
45348
44438
41646
40582
44032
40378
43852
42420
40668
44196
41694
40936
43598
45708
44266
44242
45548
44622
42706
45948
45970
46736
46328
46228
45468
43178
43490
44636
43936
45358
45052
41878
43810
42574
45160
42628
41738
45578
43350
42092
43112
44554
44198
43974
42156
41960
42626
40664
36198
42724
45058
41100
44038
45552
42596
45138
44668
44210
41514
44202
42256
42246
46568
43496
42576
43968
44340
41846
42784
41542
42778
45042
44102
43070
44184
45072
44038
44946
44970
44386
42512
40912
44022
44338
45880
44276
43424
46542
46656
46340
46032
43734
44002
44484
45500
41406
41780
46410
47180
45440
45302
44882
45020
43236
44024
43222
43502
41526
42356
42606
44866
45330
45774
40758
41378
41890
40264
41848
45044
44196
43720
41990
39420
42628
45486
45240
45068
44494
46038
43994
44672
43856
41940
44174
44526
45922
45534
45156
45690
44768
44412
45170
44088
40874
44204
43490
41624
44648
39826
43918
44428
46500
44126
45306
46482
43544
44244
47366
44056
44250
44026
44940
43470
43518
41254
43928
45494
37452
43552
41786
43866
38924
45436
44374
46708
44936
45180
44864
44364
43872
43150
43558
47534
46896
45636
46484
44692
45956
41938
43210
42444
43456
45374
44058
44560
45124
45028
42512
44780
41148
43368
43496
46288
44306
46476
46484
45628
40562
42190
42802
41344
42002
42132
44584
43936
46486
45524
43664
41874
44968
44924
45434
44872
46132
45318
45134
44964
43852
41878
38860
41498
45200
42736
43904
43004
42684
41562
40710
42924
44000
43904
43394
45548
44984
44776
44162
43816
46242
43948
46332
44082
43170
42052
42204
42594
43772
45882
44012
44246
44904
44150
44724
43872
45258
43396
43958
44368
43066
44776
44698
44246
37012
46000
46044
43358
40392
45276
45564
44270
38256
45344
44570
39180
45954
44800
46826
45222
43016
45698
42658
43348
41936
43380
40520
44256
40932
43404
43716
44920
44046
42472
42436
43972
44910
45034
44266
43530
43686
41944
42716
42420
39730
43528
46178
46188
46124
43296
44434
43686
45016
43298
43522
42940
44674
45440
37844
46284
43244
46042
45540
43956
45006
43908
45378
43838
42266
44656
43132
43470
42388
44310
45206
44834
43094
44832
46012
46680
43864
44436
45106
42100
43276
45810
46084
45842
46080
44696
39182
42756
42246
46870
44050
44544
44412
42472
43328
44728
45370
45626
44370
45294
45906
43516
45362
44526
45652
45350
42832
42730
44576
43284
45164
46302
42114
42386
43068
44870
44118
45552
41444
44368
43810
43528
47082
44996
43986
44834
44354
45386
44238
41878
43684
44626
44114
44214
44316
43300
42472
42904
43706
45014
45614
45932
44278
40658
43040
44814
42700
41922
44710
45184
46798
42310
43374
43304
38850
42570
44786
44150
42268
44638
44560
44568
44832
46044
45232
44826
44846
41538
40930
41872
42758
44958
44088
44470
43064
42346
42342
40756
45014
45928
47108
46512
43002
46202
42602
42636
43998
42974
43068
42194
45770
46334
43214
44370
46558
43262
42796
41798
44942
46048
42542
43258
39146
44660
42554
45346
46180
46652
44982
43696
44458
44586
45486
42576
44244
44678
43736
43380
42408
42552
43632
43534
42872
45452
37962
45000
43012
46120
45270
44892
45090
45640
41468
44944
42694
42532
44592
42302
42864
43818
46074
43426
44144
45026
44830
41782
43032
44334
44388
44682
44044
43106
42124
42880
43016
43830
43098
45842
45302
44676
43556
44386
43160
42532
42304
43544
44074
42206
44426
44540
45208
43888
44806
46636
46052
44782
42260
42746
43398
42968
44236
41118
36078
41704
43162
43226
37286
43728
40066
44634
44836
43738
45230
45720
46074
47072
45042
43764
43560
44690
44468
44810
42626
40892
43306
45892
43746
45162
46524
44910
45154
44010
44172
43424
44922
44324
44572
44934
43726
45156
46812
45134
45192
45558
44264
43774
44798
43852
46760
46236
46244
46834
45460
45274
44970
44790
45840
44950
45010
44412
41718
40602
38574
42284
44932
45126
45246
44956
42888
43264
44968
45704
44908
45538
45074
46718
45912
40024
43254
43452
41508
42232
41664
43970
44406
47060
44140
42058
40488
43540
43274
43906
43194
44812
43606
41080
41308
44684
44828
45820
43028
43370
43528
42624
43114
43636
46576
42962
44998
43204
44602
44916
43046
39546
43414
44560
44974
44450
42690
44188
45978
43448
44074
40500
43802
42380
41400
40100
43476
43554
44040
45710
45212
45916
43368
45216
45902
43522
45486
45386
45212
45170
42446
44508
44120
44832
47046
45196
44102
44640
44832
41532
45322
42438
42606
38528
45360
46520
45926
42970
38632
37370
43964
45018
44750
45824
41888
45454
45442
43114
46044
43530
45220
44434
40860
44646
44436
45068
45150
41458
40788
40958
45784
44418
41714
43602
36742
45352
43936
43012
40176
39876
43490
43490
43890
45818
43796
42152
43450
43954
43572
45794
42742
45142
42566
44672
43760
42110
45820
43192
46392
45188
46012
43480
43410
42912
45630
42704
42184
39430
41898
43382
45358
43128
42408
42618
44050
47498
44488
42420
42438
41008
45668
44118
46466
45406
46494
44584
44246
43470
38538
43568
42504
44436
44532
44968
44048
43398
38860
44384
43948
45352
46864
45518
45578
44372
46542
43472
44898
42600
41092
43824
37348
41956
37740
44988
45612
42458
41824
46276
46574
45684
47106
46368
47052
44680
41078
43090
45032
45224
46028
44918
46578
44712
43712
40472
45464
46706
45650
45818
43632
45384
43980
42786
42504
44508
37324
44188
43348
40448
43440
44356
43098
45272
44708
46028
46314
43722
44362
45202
43784
46828
43708
44776
45576
45692
45130
46534
46482
43614
41860
45450
43728
42550
42308
42766
44184
45216
44668
44020
42958
44792
43444
44310
43756
46336
46582
43852
41714
39924
40850
43688
44876
46176
45290
43690
43726
42680
44216
44970
44472
43422
45330
46484
45006
44230
43192
45966
43222
43930
45952
44460
43344
43258
41180
43288
43536
45636
43514
42274
42854
42840
42792
40834
42558
43266
42538
44626
45276
44942
46412
43198
42210
44160
44436
39678
44426
41052
41778
43562
43442
43662
43424
42094
43766
42200
40570
45238
44050
42620
42262
44840
45502
43056
41266
43986
45078
44620
39638
42414
42802
43972
45654
46350
44162
45346
42568
44668
45542
45980
45214
45178
45972
44552
45074
40452
45644
45392
39438
37916
39720
40842
42546
42882
39846
43588
45188
45066
44832
44810
43356
43020
45830
40934
45326
42768
41528
43892
45084
44532
45128
44090
45564
45326
44508
43598
44432
44498
43904
42972
43208
43816
43844
41360
44056
43774
42550
44296
46008
45382
44376
44628
45248
44944
43860
42926
46244
46396
41796
41298
44996
41392
42448
40672
42890
42962
43286
41594
43220
39830
44280
45384
43668
41932
43882
42444
44154
45058
45988
45110
43974
43282
44836
41628
41630
44948
45862
46318
45776
44658
43958
43174
42838
41240
43246
44388
43792
43706
42946
45214
43902
42596
43968
44410
45140
43838
46164
41242
44070
43668
41452
43292
43848
43454
39304
42512
43190
43172
45886
44100
43550
45520
43932
45134
42862
46232
45394
42446
40794
43496
42724
43936
44240
42844
41998
43888
43348
42826
42070
43542
44632
44558
45030
45706
41296
42252
41670
44532
44012
44650
42896
44460
42724
43750
43628
44186
41974
43104
43042
42108
43036
45630
42888
43076
44588
42294
43368
44508
42534
44094
45130
47264
44700
44318
42466
44912
45588
46072
43378
43298
41276
42650
43014
44610
43154
40454
42692
43390
43030
43680
42598
43832
43222
42012
43746
45682
42824
42950
43196
44354
43904
41114
45118
43456
44988
45708
40812
42500
43794
44632
43812
44490
46126
44620
46002
44282
42548
44538
36762
38306
38598
43534
44340
46102
43286
43996
44474
39432
41796
44264
45758
45230
43362
44880
45594
44722
37572
44426
42562
43202
46506
41318
42664
44770
44466
44976
45056
42196
43738
45502
41502
44928
44808
43940
41588
43334
42206
43062
41172
44578
42226
46312
44216
46140
45014
43550
43184
44390
41784
37538
43208
44454
33784
44350
43226
45376
44508
41088
43900
44598
43302
41534
44728
44644
44554
45360
45142
46258
40258
43818
44012
43288
44514
46036
46968
45820
42498
44836
45402
43988
44244
45286
45776
46408
45250
44652
44266
44394
44606
44846
44932
46948
45212
46112
41680
43104
44084
44550
45086
46650
45826
44968
42588
44156
42512
40580
45294
46200
45502
46440
40562
44478
44462
45884
43780
44640
41232
45152
46986
46492
45834
43714
42686
42176
42188
39394
39668
35138
45828
45222
45210
46412
43406
43364
45854
46796
46716
41994
45398
45156
45742
45716
42408
44542
43508
45090
44076
43894
44378
45400
43232
41856
41890
44026
41790
41406
45178
41886
42676
45408
44668
45180
42422
41384
45628
44682
44952
46262
44538
42942
45522
45064
44652
46136
45108
44678
39528
43964
44690
43174
44836
45804
41972
44828
41998
39464
45584
44046
36036
42336
45890
37248
42030
42104
43154
44464
44494
46460
46018
43672
41782
46720
45112
43458
44046
41644
46380
43282
42358
43722
43616
43012
43646
44902
45696
43232
43172
43640
42324
44542
44004
43038
42930
46178
43076
42786
41880
44536
43408
43600
43458
45944
42942
41968
42192
40202
42424
41468
42662
43086
45760
43926
42632
45510
45376
43680
43168
44454
42972
43860
43500
44532
45178
43984
45054
43944
44068
44730
45610
43958
45828
46992
44152
45270
36530
43200
45632
45426
42588
45502
43952
45554
45896
44394
44578
45034
43832
46954
42598
45270
45404
45148
43422
42422
42818
43452
38578
42044
42560
44010
42580
43194
42670
41922
41884
43008
45692
43490
41566
45384
44238
44558
44050
44352
43682
42770
45744
43000
42110
45220
42114
46304
46396
45744
44446
45514
43632
43720
43834
47110
45604
39388
42652
45440
46116
43124
42160
42352
43654
46786
42004
45040
45350
46100
47386
39642
34980
43178
46088
42448
43386
42880
46468
45890
44494
41632
45522
43772
45538
44622
45178
44082
41560
43134
45968
47094
44788
43840
44734
37402
39126
42988
43032
40516
44038
44116
44360
42936
43616
46540
28190
36548
42624
40154
42420
43642
47724
43592
43278
44536
43930
44418
43886
43636
42274
44500
44482
43048
45284
44316
43522
39182
42766
43072
45486
42062
44256
37148
41404
41262
41016
43698
44196
42344
44718
44426
45708
44956
45120
44920
41800
44130
43312
45168
44948
45868
43204
44420
44124
41670
44236
43810
45082
44782
43510
42222
46552
45186
44616
44392
44956
45382
44514
44794
45690
43568
41950
45974
41774
43168
44878
44160
43172
45758
42650
43832
47168
46878
46508
42368
42236
46192
45546
45542
42960
45736
44004
44910
43506
44712
44066
41648
41764
45396
44698
43540
44850
43162
43500
43100
42094
43976
45728
41756
44332
46346
43928
44058
42674
42482
44766
45334
46180
45254
44634
42208
43402
43486
43364
46108
48000
43756
44302
42004
46638
44536
38578
42270
41748
43482
41302
43834
44276
43414
38202
41180
44536
43044
41300
42790
44072
43710
43862
41010
42456
43196
43974
44944
43540
44110
44422
41932
45120
43390
43132
45314
47030
41944
44904
44932
44888
44122
42988
44550
45890
44348
43252
41512
41232
45672
46738
45602
47352
45096
44124
42402
41332
44338
44154
43954
44230
44114
42566
44646
44488
44816
45036
44848
44804
43764
46392
42952
46092
43342
44890
46562
45518
44036
44322
41656
41862
40978
40804
43066
43910
42504
43462
45468
44848
43968
41846
43652
43648
44506
45858
45762
43636
41814
42494
43152
39396
43022
43742
43478
44556
43604
43286
43516
44528
44762
44370
42596
44836
43486
45948
44178
45398
44144
45220
44032
43376
44560
43488
44140
44590
43936
44408
43300
43602
43096
44350
45024
41954
44506
44872
45198
44412
43684
45970
44048
41650
41790
39168
42010
45494
43070
43962
41104
38104
41744
43762
45254
43666
45390
44636
45348
45136
43160
43258
46646
44870
43880
42022
39876
38452
42558
43530
45240
41570
41518
45006
45502
44628
44790
45508
42722
45290
45762
47264
44182
45486
46770
45734
43586
44352
46262
45706
44382
42556
43132
45060
44698
45642
45446
40956
44258
46086
45448
44090
42088
44658
38342
45958
45874
44766
42132
43458
45214
44850
45678
47302
44384
43354
43198
44882
39936
44762
45948
43938
43714
42142
45364
42850
44192
44122
41658
41748
44902
43064
44126
46430
42362
44362
44600
44314
41966
45460
44492
45210
44308
42342
44576
42544
42278
42818
41410
44974
44880
40930
44266
45026
45476
43154
44046
42524
40218
42832
45120
42102
43980
42036
43290
41630
43666
43536
44726
45532
44572
43818
45594
44242
42700
43576
45028
44910
43148
41056
39868
45554
44882
42852
44286
45158
43750
40454
42522
38170
39992
46542
45622
44914
44370
46652
44446
42666
45092
45116
43834
46718
45864
44916
45678
45546
44490
44410
44140
43988
46238
43384
44122
43400
43282
43724
45954
45868
41884
45248
47142
45672
44240
43184
45962
43674
39878
38146
42620
42436
43804
44668
44132
45774
42468
43958
46084
43282
45968
44504
45726
45270
45178
45426
46880
42716
43898
43934
43096
42642
45730
47136
39978
43378
45652
44066
45488
45864
45234
42222
42890
42718
43610
44640
43338
44896
44780
43316
41666
44538
43634
44030
44380
45410
47112
42664
45218
42338
43296
46560
42128
42522
46928
44490
42656
41158
41106
38102
40922
39846
42930
41680
43968
43114
45298
42112
45060
42702
42362
40938
44400
43566
41460
43096
45020
43640
43834
43138
43630
44318
43020
38498
44270
42942
44524
44010
46792
45084
46402
39894
45964
43928
45584
45406
44086
46122
45324
46220
45986
42272
43620
41974
41450
42164
45510
45288
43726
44054
46094
45850
45184
44786
45906
45722
46364
45082
43364
44308
42840
44560
43388
46510
44514
45112
43904
43212
44442
45484
42882
43300
45842
44936
42442
41338
44438
42136
44430
45868
45724
46608
46176
43126
43378
42126
43572
41090
42162
44444
42864
44842
46080
44076
45308
46106
44334
43456
37032
42430
45630
44176
44226
46346
45240
43774
42630
43532
44904
44220
46960
45836
45698
42314
44124
41270
43034
46156
47228
45458
46264
40528
44136
42472
41938
43576
45908
43836
44822
44456
45606
46606
42564
42970
43962
39260
44094
46636
44228
44228
43742
44196
43538
45872
44566
45498
46256
44964
43834
43292
44720
44434
44400
45764
41864
45628
47360
44080
44064
45072
42540
41186
41624
40322
45280
45242
43818
45064
43938
43168
41464
41556
43282
45734
43954
42864
44606
44290
45678
44882
44650
46254
47288
44698
45914
44504
43274
45016
44328
44596
44376
44412
45648
45406
45600
46094
43988
44018
44452
45220
44580
39750
44352
42632
42850
45130
45620
44710
41348
45550
46210
45094
44194
45216
43864
43874
43442
44744
43982
46210
44970
46364
44846
46360
42904
46638
45070
42040
45546
44882
45276
45552
43558
46784
45260
45220
45082
43008
44830
37440
45134
42152
44718
44670
44540
44514
46782
47620
46478
46548
44176
44314
42284
43964
44488
45052
44316
45692
43690
44398
43568
43946
43558
45226
42292
43800
43140
44030
44622
42498
44912
44062
43288
46830
45080
42182
45358
45254
44472
44230
42776
44830
45416
42806
44180
44560
43324
43450
44020
45116
41888
43400
42778
43802
43976
44446
45714
45742
43236
41928
44544
42368
41138
39088
43740
44852
43956
44802
44868
40106
43710
43510
38112
44052
42540
43298
43890
44706
42748
43534
43598
44856
45386
43438
39640
44424
44752
45094
46000
42602
42702
42332
40420
43882
44646
39328
39438
43818
42444
45980
43278
44420
43766
46762
43562
42328
45020
44028
43496
46196
46754
43266
45896
44990
44242
46138
44538
47054
43838
45804
44206
46090
43630
42620
43362
45052
43308
44062
36486
44576
46908
43386
45226
44136
45184
45942
43694
43508
43396
46372
41914
44308
44284
42328
42444
43520
44648
44984
40754
44440
41710
44134
44002
46628
43976
43792
44996
45924
44582
46158
44888
43662
46694
44912
43138
44532
46792
44590
45106
44498
46678
42644
44288
44628
45142
43684
42352
44388
40244
44078
44838
43214
44736
43496
43148
42848
39818
42626
44368
44486
44534
45542
46560
45748
42976
46386
44944
42446
45050
45372
44892
45034
44622
42992
45372
45310
45510
46006
43348
42822
45718
44120
44396
45420
46912
43544
43978
44398
45238
43950
44548
43482
42388
44538
42952
41972
43240
39456
40922
40578
45124
43406
41140
44494
45998
46148
45618
44052
45376
44120
43474
43570
45380
47876
45742
43720
44500
45836
45316
45864
46478
42196
44548
43308
43192
43780
44332
44058
45480
44536
43088
41026
40468
45192
43158
39934
44044
39850
41120
40752
41664
45862
43386
42390
44512
44118
45890
43860
46698
45320
45042
43254
45156
42104
44678
43346
42716
44396
44814
43566
41396
45164
44020
43178
40170
42512
42172
43292
44744
45348
44864
43942
45938
46156
43560
42872
43054
44492
40710
44374
44780
43444
41934
44520
44658
42102
46014
42430
44492
44164
42620
40254
42578
44932
43364
45470
40756
41000
46256
43242
46772
46206
45116
44082
43702
45674
45076
43888
43502
43164
44570
44710
43072
42454
41554
43814
43106
45696
47170
45046
44996
43790
43604
44176
41812
43166
43316
41832
42986
43676
44466
43192
43906
43748
45504
45528
45556
45172
44110
42424
32304
45986
44430
43314
41400
45292
44682
44048
44008
43476
45140
41488
44672
44446
44698
42050
43312
44452
44902
44104
43410
44060
43954
45830
42654
41382
42128
39714
45004
44076
42770
43490
41776
42552
43318
45772
42200
43966
44970
44024
45256
44508
44368
44376
47028
42370
43578
44912
43674
43092
43360
40938
43966
45066
46136
44890
41320
41610
44458
45362
44096
42932
40362
40704
39696
43590
45108
45032
45788
45120
43844
43522
45266
46502
45620
39730
44350
45092
44408
43298
44020
46006
44700
42140
41730
43762
45036
45330
40206
44486
45480
42890
44410
39228
43620
43128
42952
43404
43874
41186
41438
41944
42974
38236
36416
40036
43244
45218
44896
44352
44568
43484
45068
45726
41726
44732
45798
44070
43122
39808
41890
44926
45662
45606
43966
45548
43992
46316
44602
43822
43738
39504
40942
37366
43406
44848
42694
41990
44956
43322
44514
43578
46254
44556
44056
44470
45556
42446
40102
44212
44816
41388
43256
43234
41280
44674
43488
45086
44796
41886
44698
44380
46758
45838
46326
44888
44434
42006
42792
42814
45304
44578
41446
44434
44018
38844
45514
44460
42620
42822
42996
43022
42186
42460
44424
35132
45100
46242
45630
43028
45756
43414
44788
46504
46430
44152
44666
43108
44970
44336
41832
43014
45938
44396
45084
45198
44276
42468
44248
43914
45052
45802
43358
42560
43622
44366
44254
45870
44740
45130
44890
43430
41952
44316
43986
44672
43250
45012
45304
45422
45268
43666
44674
44532
46402
44740
44370
45368
42718
43306
42830
40744
40752
40312
36242
41652
37736
39738
44352
43558
43418
44998
44850
44136
45460
45034
40962
46280
44032
45062
41896
43918
42554
44238
42942
40056
43540
46850
43114
43354
45228
45948
45946
41898
41740
42648
43828
40728
42870
44124
44162
45610
45276
44020
42450
44732
44276
41052
45548
43294
42474
43710
44086
46786
46884
45708
46940
45008
45146
43514
44906
42744
44662
43918
44208
44062
47350
45680
40162
43132
44026
45742
45548
44926
43108
45502
46928
46024
45932
44012
43100
42624
45606
44702
42186
42970
43522
44280
45460
45798
42832
42620
42950
45726
46236
44342
44084
44256
45540
44186
44876
46808
46612
45152
46800
44998
44678
42914
43376
46344
43804
46080
42220
38470
42940
42794
44446
42748
42930
38412
43052
45532
37818
43496
43108
41102
41736
45430
42686
39970
44406
41366
43798
43698
44462
45910
45614
45086
42638
45920
41016
43240
44722
45646
37306
43480
39108
41678
46102
40318
42378
43442
44734
44014
42006
43666
44912
44462
45032
45042
45450
45216
46102
45460
45928
45502
41506
42252
42054
41074
39086
43318
44760
42670
45014
42178
44820
42974
43992
43766
44366
43420
42054
43342
46010
46190
43452
44004
42838
45174
44800
44464
42184
40566
41408
43888
45466
42050
44196
44708
44588
44924
45354
44196
44624
44330
43312
42226
43652
46582
43522
44264
43076
43686
43552
45726
46592
42444
41702
45286
45930
44940
45922
44808
42270
42092
44298
44988
45194
43368
44024
44506
45008
44140
40554
44238
43868
41858
45976
43694
43956
45202
44142
45426
45320
45230
45164
46296
45910
47460
46328
44066
45296
44992
41270
45514
42868
37898
39340
43490
43536
41782
42162
44056
41804
42066
44552
44986
44468
40974
44950
44264
46086
46352
45008
42050
42214
45370
42508
43632
44762
42258
41656
40584
45344
44316
45266
44400
43964
44026
46026
45344
45768
45084
43390
46596
47098
45926
44268
43502
38750
46066
47760
42194
45330
45232
45108
43618
44838
45100
42030
43814
45590
45644
43904
44224
42156
43034
42382
42900
44864
45178
41188
41350
41878
44896
40038
43676
41308
43384
43770
44664
42402
45064
44766
44776
45216
42490
43264
46094
42308
41652
40858
44250
42766
45100
42536
45860
44384
44052
45626
44684
41612
43590
43926
43316
43208
42818
43694
45008
43194
41666
44400
44140
34638
46586
39684
43784
43552
42946
39074
45024
44150
46314
44444
42808
45428
44478
46028
37426
43870
42666
45016
44384
43086
45076
42476
42268
43262
40806
43762
45606
45956
46278
42194
43290
45554
44384
42380
41480
44952
44952
42196
42958
44280
44422
44616
44840
45270
45016
43946
40350
41836
43420
38380
42836
43146
44314
44692
42858
42702
43794
44502
44186
39632
41966
42676
42980
45368
44870
46378
46806
46440
45364
46062
45110
43610
43420
44876
42500
41826
45232
43136
45172
46732
45534
42734
43368
43788
44574
43406
41386
40502
43278
45754
45766
45710
46302
42582
44132
45236
46616
45944
45632
45894
44722
43982
44430
42816
45874
44050
45144
44466
41362
41824
43656
44076
46218
45490
44760
44102
45476
42128
43728
46414
45048
45402
41460
40464
43316
42866
42832
44322
44138
45636
43548
43844
45942
44136
45362
45470
42646
43254
44304
46038
45162
44938
44388
44326
43024
45904
45648
45340
43930
45294
43458
47780
44740
40858
44878
43038
45676
44044
45488
44870
44872
46432
44632
39080
43962
45322
41642
44536
44776
43330
44344
41840
38976
42804
43794
44312
44894
45842
43734
42698
42972
41136
42614
43456
42176
40166
44498
45194
46000
44078
43380
43122
42260
42186
39634
42608
41144
41672
45114
45614
43172
45210
43814
46054
43638
43984
40638
45574
45900
45442
44628
44394
40492
46072
41922
42702
43764
42950
39724
39576
44566
42138
41062
43490
45212
43838
43718
43652
41926
42540
43906
46748
44996
44946
43346
45382
44910
43604
45208
46566
43790
40360
43942
43254
41400
41804
45444
45210
44386
42624
40120
44866
45280
43828
43904
44110
40206
42424
42132
43588
44040
44734
41752
40480
43466
41868
45844
45200
43830
40754
42986
43896
42700
41886
42608
38476
41864
40608
42612
45076
42542
44734
43130
45514
44062
43678
43596
42730
44344
43404
42744
42420
44458
47166
46302
46138
42664
46586
46034
43776
44194
45070
43620
45580
45050
44690
45404
45700
47262
43258
43616
43654
42694
44274
44120
43808
46154
44994
45134
42836
42604
44762
46130
44706
41992
40932
44990
43918
42760
42734
42078
43950
42908
43876
45500
45246
45082
45372
42320
43960
44126
45392
43860
44668
44404
41990
41682
41004
42516
44290
44390
46632
45392
42892
44736
45420
44934
43256
39014
44304
43994
44580
44482
45966
42738
43110
45302
45024
43262
46180
45968
44768
45352
40430
44854
43430
33710
44330
43094
45942
46356
45726
46296
45220
43518
44342
45646
45924
44906
39912
42826
42932
43372
46264
42560
45004
44646
45540
43332
44556
44586
45624
43150
46308
45590
44522
38886
43690
44610
45872
44756
44396
40690
38410
45432
45524
46280
45416
44862
44852
44206
44694
45284
43312
45580
46040
44704
45602
44200
45162
45960
45996
45008
47476
46162
45220
41102
43872
42768
40082
43436
40288
42022
43962
46206
43896
41476
41016
41658
44380
43292
41986
42800
44886
45578
42708
43462
43396
45754
45792
44870
42332
44642
42644
46458
32918
38502
44268
43164
40586
39772
43792
45350
45416
43092
41890
39418
42278
44288
43710
45166
45580
44834
42296
43626
44544
45244
42214
45054
46876
45128
43292
45338
45518
44546
45670
42950
42994
43570
39854
44216
41190
42598
42592
43482
42324
44426
41544
41538
41744
45114
44178
44664
43414
45564
44632
41948
43338
45504
45954
46990
45828
43496
42774
43098
39644
43348
45090
47050
44532
43898
41524
42802
42568
42888
43880
44660
45616
46280
46252
45088
44466
44844
45600
41374
38790
43426
41476
41378
45666
42920
44652
40862
43238
43388
43652
44634
45614
45572
45010
43316
42280
40078
43442
43876
44794
46004
45650
44012
41268
39120
38266
43870
44434
42898
45448
41344
44408
45186
45782
45584
48008
45590
45172
44256
43922
41042
41072
43838
42624
40940
40696
42784
43724
43340
42302
44210
45374
44796
43442
44754
43674
43240
44638
44954
42254
40506
42698
43038
42276
44946
44154
43982
43798
45726
44508
42698
45120
45996
38772
41592
41684
43486
46230
45682
29220
42960
42472
38166
41704
44414
45068
46094
46078
45558
45810
43810
45026
43436
41504
46656
44918
44538
43994
44198
44550
46024
43212
44806
43858
42846
45120
41440
44756
44230
44458
40738
43810
43700
44562
43458
44432
43452
42160
43592
43562
45342
45520
44834
43500
45600
42756
40308
44290
45450
42282
38370
42098
45604
42724
45272
45654
44686
43750
42978
43980
42794
44562
44866
46888
45680
44382
45510
43628
43266
43472
44676
40036
42210
45060
45932
45940
45176
44008
45936
42622
44888
45122
44286
41336
41168
41846
42356
45246
41872
41576
44692
44298
43070
40654
39766
44392
44280
45142
45898
44810
45646
44594
42816
42690
45432
43910
44790
43336
40210
44006
45130
43758
40812
44494
45012
47130
45674
45352
43130
43926
46222
42046
43904
45252
43506
45396
43984
45962
44478
44380
43856
45274
45852
45026
46622
43554
46298
44466
45726
45004
46004
42826
43466
44572
44698
44084
45164
40632
43834
44072
41452
42458
39282
41558
42532
45288
43034
43422
43546
42992
44914
42908
44880
45664
45804
43516
41780
45214
41750
41752
41552
42368
45014
43978
43568
41190
41134
46232
44202
44244
44682
42188
41488
44010
45028
41106
34958
43316
38136
41304
42482
44552
42566
43968
43086
41440
43282
42736
41088
45570
45428
42622
44126
43244
45624
42952
44952
44840
43418
45786
44286
42350
43282
45528
45810
46592
43484
44666
44484
41908
43320
41552
44818
45756
43076
43706
42166
42254
45064
44806
43366
41980
43398
43034
43988
44074
45322
44722
45040
45286
46350
45946
44420
45184
45568
44228
43166
42172
44262
40230
39792
42530
43134
41354
41080
41868
41748
40512
39048
43208
43604
44422
45622
45654
44848
46762
43900
42088
44050
44724
42088
44604
43018
44080
44888
42330
47172
45276
43998
41882
44658
43670
45040
42970
41338
43176
44448
46136
46410
44374
45914
45254
43048
41824
44942
47314
43022
44118
43342
43864
41906
45800
45944
44572
44710
44410
44378
43932
43840
42010
43282
40132
45196
42102
40812
40702
43324
43782
43980
42948
41958
42134
43282
43362
45480
44832
42192
38998
38506
40844
42984
44906
41132
43282
43044
42376
44228
44108
44522
42926
42922
43702
46990
44614
44576
46198
45144
45068
43056
44748
44088
45050
44470
44964
44412
45660
44654
47386
45160
45202
46454
45672
45712
45880
41962
44882
44454
43456
44672
43884
43836
44032
39812
42634
44172
45060
41878
41448
44144
45416
45116
43480
44884
43504
46168
44340
44496
43654
44124
45080
45208
45052
45370
42772
43950
45590
45584
46658
45402
46092
43066
45396
45836
43204
40590
42404
44632
44886
44770
45032
42200
41930
44316
44212
44184
43550
45726
45498
44268
44780
41836
41314
37768
42930
44036
44152
43212
45170
43980
44222
42482
44954
44372
45794
42094
45460
44742
45594
45572
45070
45874
44692
45206
44830
43700
44676
39494
40958
43168
41650
42516
44204
44720
46290
44360
46532
44054
45042
42902
39896
43380
46944
43864
45330
41038
42062
41900
42806
41678
45478
41996
42876
45590
43824
41906
42440
45338
44388
45184
44902
44848
44476
45678
42422
43160
41864
41342
40638
45600
44556
44990
42794
43478
42144
39650
43750
45516
44632
41926
43594
46270
43128
46304
46198
45136
46322
44436
41496
42288
40976
45032
43818
47090
45178
41884
43646
42808
42940
43404
43886
44792
44582
41920
43536
44332
44888
41120
38488
44074
44276
43312
41144
44166
42828
43738
44190
40598
40258
42906
43382
38012
41306
42168
45034
45288
44174
43594
42628
39436
43508
45044
43948
46530
46398
43462
45018
40870
42566
41696
45382
44444
43156
43126
46156
40792
43930
43532
42952
44870
45586
44894
45338
46930
45594
44684
43270
44902
44478
41116
44572
42406
44866
34772
42310
41320
41270
43846
44580
40038
42766
44156
45450
44648
46752
42838
45128
45052
44064
43852
44862
43922
44698
43618
43778
43572
39232
44874
46602
44562
43446
45406
45634
46250
45866
44260
43024
44884
45886
45432
43862
45758
43148
41600
42662
42134
40736
43314
44150
42206
45842
44628
44726
42836
42170
45582
47096
47518
44808
44398
43184
42784
42290
44020
41128
38658
43464
42060
42162
41218
44334
43318
43424
44000
43142
43984
45348
44820
44610
46108
43718
44156
44332
46154
43598
45048
44720
45074
43956
42594
43758
44010
43458
44882
42332
42312
44526
46518
45542
45836
44216
45028
41706
40824
42316
42582
45190
43536
45954
44050
46166
42702
45144
41380
42408
44026
41398
43306
41558
44678
46444
44908
43016
45242
42626
43556
43182
45100
46164
44990
46190
45040
44094
45350
45116
42178
42332
43318
44314
44412
44222
46082
45286
42038
43020
46890
46212
46578
43822
46646
44854
44772
45248
43066
44038
40882
40846
40160
41438
40180
42396
38482
43160
41324
43584
45582
43686
39072
41368
43160
43110
41628
44636
45754
44180
45690
44558
42378
45622
43344
44410
43114
44664
43684
42266
44400
44334
43216
42778
44606
42722
45578
44866
43254
41786
37622
37734
43022
42132
42848
45568
45168
44892
43932
41132
41802
43468
46126
45820
44198
45296
43302
44936
46278
43332
44154
43662
45530
42504
42738
44606
41750
40206
45354
44832
43376
43986
43508
44338
43942
40756
44504
42502
42570
42262
44002
42012
42986
44694
44504
42222
42444
40348
43838
44496
44018
44598
43632
42182
43848
43424
42990
43724
46522
44124
42236
43096
44566
44738
43890
45096
45016
45580
42066
43406
45326
45698
43368
45158
45084
44624
44266
43476
42514
44062
43694
45846
39688
42986
44486
46616
42046
43854
44638
41964
42052
43838
44252
45028
45480
47056
46612
45282
41562
44424
37924
40624
45092
40678
43040
43000
47242
45566
42912
43382
42686
45430
42802
40300
42694
44776
46020
46228
45216
46184
46184
43414
44778
44684
43586
46464
46210
43452
45426
45532
44966
45128
43470
44806
46290
44072
42780
43918
43292
43886
43832
44124
43620
44844
43368
42900
43876
45896
44714
40774
43714
43052
43354
45512
43642
43078
44838
44826
41686
43252
44222
44614
39754
43034
43562
47166
44164
44008
45484
42676
45034
43380
42992
45006
43964
44848
44884
45130
44326
42028
45852
44282
43624
45190
45414
42792
43914
44964
42658
40986
43806
41768
42712
43622
43274
44490
43144
40996
43196
44476
46158
45536
44972
44706
45728
44080
43544
42716
43172
46160
46242
41996
43430
42736
41444
40268
43660
43326
42200
43574
43552
44464
43294
44310
43138
42468
43960
43238
44916
43090
45522
42794
41636
42868
41126
44026
48042
45200
44158
45766
44526
44812
44482
45924
43958
45322
42840
44134
42200
45464
45000
42360
42210
44024
44854
47362
45356
45786
42718
46180
46166
45140
44418
43132
43264
41080
40036
43928
43890
44996
45014
41622
43410
43162
43182
44092
45948
44090
45220
43502
42516
43350
43596
44796
43784
44360
45448
45408
43912
46190
46812
46318
45036
42664
45398
43674
44046
43678
45366
41322
39476
40196
43432
39238
44032
45104
44618
44900
44302
45508
44326
38612
43966
46626
43836
43266
46688
43936
43872
45416
43162
40248
42204
44034
44824
44164
44976
44758
44608
45078
44304
44462
44912
45980
44956
43906
40968
44624
44110
44122
42828
44038
43160
46526
44486
46680
45254
45056
43210
46526
44724
43522
43238
43728
45466
43446
43580
46314
45690
44938
45392
39588
43796
44472
45374
42708
40238
43286
43418
44912
44516
45004
45498
42234
43030
46442
41952
37178
41748
39380
44480
46086
42682
42050
45800
44780
41138
45234
46086
42716
43568
38914
41218
45426
43146
42246
44064
44828
46134
46686
46138
42804
44074
41620
44458
45824
45408
44360
44656
46496
45854
39646
28348
42392
45130
46354
44210
43820
44364
43904
45308
45194
42804
43336
43278
45286
45610
46172
45516
42362
43288
43742
45322
45078
44876
45440
45202
43092
44036
44808
45884
43986
45498
43932
40172
42494
39592
42744
43312
44250
46020
45220
45222
42052
43006
44432
41568
42412
44278
42662
45796
44522
43038
44904
44994
40622
39620
41918
44466
44756
46700
42568
43326
43588
45862
44122
43340
43620
42130
44660
46280
43334
45134
43562
41178
44666
43240
43544
46218
43162
45042
45728
46378
41894
35916
43078
44774
42292
38912
41522
40714
43642
43646
44380
43808
43188
44176
42650
43310
43070
40580
43472
44380
42470
40672
43732
44462
43920
45090
38560
44422
42544
44298
45258
42160
43644
43462
45434
43106
45606
43382
43166
44370
45546
45378
44682
44106
42864
44174
42612
41684
43302
44296
44404
42298
43618
42062
41848
43186
44838
44568
43824
44840
42326
45130
41324
43816
44976
43296
44142
43716
40984
42988
44446
42902
44332
45228
46122
43764
43856
43304
44070
44692
46510
44424
44608
44622
44520
43452
44080
42742
39282
44082
45326
44436
43388
42952
44838
43134
43426
42386
45234
45336
43210
43592
43794
44478
43412
43096
44412
45310
47230
44170
45918
42198
44816
45402
43934
45794
42750
46230
45300
43092
44478
44978
40776
42340
43820
42008
46436
43460
45386
43016
44714
40012
44008
45386
45604
45244
44194
44616
43290
40098
41406
43548
42578
43326
44870
45762
43526
43684
39682
41996
43888
42492
45248
44782
42260
44220
42090
44002
42888
42600
43652
41386
43984
43292
43066
43394
42808
44610
45790
39930
43480
43994
43264
39922
43590
40430
41424
38480
45584
44264
43330
43062
42564
45328
42622
43696
45034
43436
43544
43958
43228
41986
41652
44360
41456
45190
43564
39646
42440
42828
46600
46010
45004
44538
43622
39998
42726
44222
42384
43438
43448
46048
47000
45360
45776
44398
44484
43056
45878
43850
43486
43308
45528
44276
42722
43556
45456
45040
45974
46746
44462
46444
44818
46100
45212
45738
45516
43746
44592
47538
44034
45078
44386
45334
40098
43972
40116
41378
41086
43088
46050
45054
45962
37528
44804
38612
43454
44320
43548
44166
43384
43468
43430
46526
44432
43812
42130
41062
41748
38120
42708
42990
42764
43780
45648
45428
44980
45628
46196
43158
43610
42442
44512
43754
42802
45920
42210
45720
44568
45980
43410
43912
42096
43734
44548
43330
38878
43826
41152
38016
38312
44196
42944
45744
43878
46788
44388
44668
43814
44092
42540
42726
41260
44624
43122
41342
45292
44442
44260
42282
42454
43826
35642
39246
43856
42068
43348
43958
45126
43904
43168
47180
45532
45360
46110
46514
46788
46104
45122
43168
43866
44198
44080
44836
42572
41250
44904
44894
46714
44388
42150
39172
42508
43464
40122
41776
46388
45440
42912
43664
44660
45736
44448
44864
44912
40610
44174
40876
40182
42408
41232
44078
42938
44704
46012
45834
41588
44634
44240
43776
43288
46102
43678
44460
47536
45804
43362
45478
44132
42814
46080
45896
46258
44758
45596
46322
44578
43536
44410
43116
46030
44030
44954
44674
41414
42792
43660
42326
40046
45292
43746
44300
44342
44480
43658
44380
43822
40606
41602
42584
44328
45190
38588
43260
41470
44740
42710
40772
41764
44690
46296
45290
43598
46294
44582
42976
44568
45420
43342
39674
43178
44486
46294
45018
44262
39680
43662
40914
44742
44176
45000
46902
46392
43032
43704
44838
44934
43586
44302
44828
43146
45616
45106
44782
43242
41288
43966
41202
43480
43132
44588
45608
46152
41066
46214
45868
44398
42338
44764
46536
46590
43606
41792
42414
43540
38892
43590
45010
39560
42914
45514
45914
39930
44370
45014
44616
43742
37372
41950
43912
45670
46594
46170
40126
42804
43362
43882
45732
45604
44502
42172
44768
45292
44518
45648
44724
45606
43668
42310
40020
43022
43838
44722
44990
43400
45386
44084
44552
46798
45000
45426
42860
45020
44808
42276
41694
46892
44206
45966
44810
44534
44278
42418
45552
44152
44690
44528
42794
43244
43738
46246
44866
44972
45896
44894
44074
43934
43226
44244
44322
42780
43730
43200
43146
43284
43930
44742
44992
45124
44086
42958
40002
43228
45706
44390
43142
45992
47570
44742
42894
43512
44320
46458
44860
41858
44280
42438
41552
40442
44414
45360
42182
43836
41396
43612
46216
43486
44912
44106
44774
45256
42760
46256
44098
41844
45348
44848
43916
42672
41152
43568
44270
44388
44034
45214
43728
44710
44906
42890
44066
44744
46372
47404
45898
45840
45422
43618
42224
45308
43444
41354
42726
44384
43060
44336
46152
43620
45156
44056
41992
43796
44082
45848
45044
47542
46552
44532
43828
44298
44342
45898
44844
44178
44602
43718
44288
43852
43734
42596
45502
42154
41968
44466
41920
43628
40936
41602
44142
40140
42866
41160
39892
41250
42964
44426
40044
43366
44360
43174
44816
43378
38876
37458
40986
40032
44842
44428
44114
45230
46438
45730
45736
46288
46186
44482
44894
42382
45590
43616
42062
41428
44794
45660
46232
46104
42618
39194
46008
42536
42866
43870
43014
42570
45512
43928
44278
45886
41910
42508
43130
46384
45802
42528
43026
46170
45316
45094
43152
42874
41214
40936
43094
42108
42938
43824
42792
43128
41478
44388
45876
44592
46824
47366
43866
44328
45990
44382
42788
41484
42878
45090
42844
41776
43274
43732
45804
40866
42882
44338
45246
44294
42666
45880
45460
44094
45134
43790
42144
44280
45416
45648
44864
44686
44574
43974
42396
43248
44918
45564
44062
44960
43424
42312
46206
46028
44658
44516
44210
42562
41480
45592
46396
47098
44376
45574
46658
45064
43722
43770
42550
42900
44606
45466
44216
45936
46376
46778
43306
44692
46760
46382
43622
44900
45316
43564
46614
43026
42654
44580
44516
45876
42038
43352
44998
43482
44178
44210
43722
45448
45820
43088
41400
42614
46426
44238
44310
46116
45796
44832
43188
44682
44238
44666
44454
42388
38550
45136
45196
46052
43706
43246
43876
45664
44638
45178
38556
40492
36334
44238
40680
44772
37928
43446
43482
44368
46160
45106
42124
40814
38292
41784
43688
42554
46282
44438
45556
45278
39124
37172
44724
45362
44186
45452
44432
40788
43440
42778
43068
42780
44798
43090
45602
45692
44548
44014
44036
43000
46032
45560
43528
45342
45898
41642
40180
45050
41694
46000
44124
43516
41882
38394
39518
43212
45260
45180
44194
43874
43782
45626
44004
43460
42856
42228
43788
42844
40564
43748
42316
44234
43556
44026
45062
44124
40716
41702
45682
42640
43370
40308
43974
42508
44516
43654
44662
44290
45228
44728
46000
44888
44026
40042
44384
45136
45480
42348
43660
44570
43534
46090
44376
45724
46094
44878
42784
42254
44090
44978
45550
46704
45406
39434
43986
44558
45200
44356
43754
47994
46840
43948
44502
44558
44032
45526
42496
44566
45546
45804
45806
44714
44802
46640
48410
44952
42902
36622
45350
45702
43774
44928
36542
43338
44480
43362
41028
46396
44868
45934
43962
45292
44714
45188
44528
43680
43216
43372
44184
46968
44012
45786
43714
45146
41374
42718
42290
44580
44536
44178
43872
44352
43730
42160
43614
42106
44286
44606
44530
43920
44530
44126
44270
44728
44294
42716
43274
45882
44772
41330
41758
39244
44280
45570
46292
46774
42832
41288
43102
36908
43904
42852
44498
46388
45200
43668
45430
45594
45136
42938
42772
42282
45656
43872
45704
44234
45906
41694
45006
44044
42894
41344
39866
42436
39272
41468
44046
39074
43516
44328
45178
40700
44984
44712
44026
45176
44076
41924
45016
42170
43902
42616
44184
42164
40422
45178
45962
45630
44814
44690
44184
44528
44116
45156
45060
46068
44398
44860
44042
43908
45470
43338
45388
43638
44848
42986
43322
43130
43086
43938
43760
41818
43866
44046
43572
44592
43346
43118
41398
45096
44248
44038
44378
42412
42984
41266
40662
41262
42110
43366
45260
46690
41410
41792
42490
44104
45384
44508
45766
42990
43100
43394
45388
44698
43768
43778
46370
41600
46780
46862
45808
39968
41200
43860
42614
45264
42680
41424
42340
45968
39960
43184
42428
39314
43466
42940
44160
44664
43868
42622
43520
41466
44520
44958
44990
44730
43476
45808
44340
44696
44430
45530
43846
44092
39888
45250
42296
43874
41178
44534
42128
35012
42094
43904
42942
43274
42614
44254
44736
42616
43764
43762
42626
42350
44418
45588
42682
43834
47230
45144
45668
43498
44886
46100
44006
42988
44066
42522
41456
46310
45460
45030
44412
45284
44468
42954
43832
43300
43798
44382
45238
44248
45234
43748
45536
44260
44132
42230
43646
45662
46752
44462
44760
42116
44398
44610
45052
44408
41384
43386
41962
41416
44858
44020
43592
44058
45598
44532
46186
44980
45848
42366
46312
44220
44598
45224
41856
43490
45606
43738
45426
44186
40460
42722
45238
44356
41588
44356
46702
44618
44452
44956
44986
43780
43636
42052
41996
43020
42890
43628
43704
44896
44766
44318
45676
44528
45750
41800
43466
45396
44248
46758
46370
44788
44794
44890
43754
38400
39920
41116
44640
45412
44994
43640
42484
43290
43964
42180
45822
45818
46000
46938
44508
43380
43852
42468
37252
44274
34914
42352
42096
42566
41020
43462
39732
43634
40938
41788
44320
43972
46248
40288
46878
41416
43250
42656
42286
42652
45216
41902
40768
43092
42402
43304
43806
42072
41940
38466
46436
45612
46286
43786
44636
44414
43290
42268
43912
46682
44672
41936
39116
40296
40464
44876
47138
45940
45188
39596
41340
43880
41998
39792
42966
42614
44182
45392
43350
44350
40678
43752
44380
43542
41276
44142
40376
43328
44910
44708
44016
44624
43612
44174
45670
45270
45112
43720
45284
43678
44934
43108
39624
46066
45520
45078
44586
44404
44240
41444
45718
45282
43858
41412
39288
41346
44288
45672
40856
44022
46042
44422
45716
46596
45706
43274
44558
47800
44502
43854
37184
43684
44354
44212
39964
43788
43840
45400
40820
44382
43892
45590
45414
46106
46428
43928
45464
45378
43688
44432
44854
47086
44186
43744
45928
44868
45254
43810
43164
42026
42738
42552
43724
43890
46458
43594
42406
44104
43850
45736
44418
45568
45656
37744
41898
44384
42798
43340
45708
46442
41402
43594
44258
46138
43126
45702
41936
42888
42112
44838
45352
34768
39152
42324
44812
43386
43172
41636
44768
43542
45316
45040
46296
43206
46634
43704
43316
45776
45474
45214
44952
41074
40276
45964
44004
44018
44144
42260
42790
43922
43328
42988
41596
43732
42708
42440
45438
45006
46460
45024
44332
44716
42662
40914
42584
44146
44408
45588
45496
44290
44870
45674
45270
44702
45060
45480
43956
44638
43036
44092
43220
46074
44520
44056
41048
41236
41622
43518
40826
44512
47336
44826
45712
45034
44894
43230
44428
44358
45552
44552
43382
45742
44688
41468
38854
44458
44484
44396
44908
44396
44122
44376
43824
43148
44264
42468
45054
43544
43280
43018
41804
42742
42570
42886
44496
38894
44846
42738
45036
43516
40100
41588
42830
42076
41426
43188
42812
45554
45514
43976
44912
46000
44272
47784
46698
44332
46514
43342
45586
43470
43010
45412
45836
36036
43880
45792
42156
42986
44078
43150
45626
44284
44082
43874
43996
43734
41776
41048
41678
42306
45900
43764
43764
44552
44984
46602
45082
42226
39560
44328
44110
45302
43168
46550
46488
46058
44986
45590
44734
44978
43886
43278
44172
46910
45880
42724
42604
45218
44994
46074
43610
45914
45844
42772
44730
42294
41646
44044
44952
45458
43868
45288
44416
44004
43926
46158
45536
43772
40604
41472
42398
41666
44076
43650
43894
41502
44138
46594
42908
47046
43856
44254
42954
45422
45060
45890
45844
44188
43956
43964
44438
43194
42946
44920
45186
41922
47008
44290
46126
44410
43810
44056
44882
43426
42752
39114
41788
41360
43630
44120
42444
43352
45396
45014
44166
43642
44002
42450
40570
42576
43652
46558
45476
41916
43982
45356
46874
42062
44090
43084
44684
46296
44578
45358
44602
45786
44012
45242
45864
43308
42772
44248
42960
45298
47452
43588
44588
43960
42882
44264
43728
43862
43712
41512
44034
46344
46870
42096
40644
40944
41598
45814
44460
44990
44040
46764
44402
44878
44576
46156
45302
46414
46100
44378
44498
45792
40862
43538
46056
44402
46410
44760
43400
43270
42952
43494
45132
43418
43352
41040
43216
41160
44796
43356
43736
43798
43596
43768
42614
45694
45870
46044
43448
43394
45302
43668
41884
43578
42720
43048
38288
42056
43226
41796
40388
46636
40788
42974
45682
44040
40864
43404
42052
41056
44502
43198
45392
43756
43554
44338
46724
43486
39442
46008
43670
44380
42694
45382
45822
44296
45888
45304
45782
44258
45908
42794
41778
43832
46506
45160
44112
40670
43632
43894
42020
42778
44844
45548
42506
38798
44872
41340
44200
42886
44884
42176
37244
36800
42028
44616
47134
45538
45118
41120
44918
43524
44606
46300
45960
45860
45302
44786
43210
42270
43358
43286
41930
41764
43158
44148
44696
43870
42650
40948
44846
45484
43086
44986
40078
45664
43026
44650
45062
44018
42816
44142
41780
44436
44334
45698
45682
43128
44426
44082
43472
44636
45088
43648
45230
45214
45352
46042
44136
41376
42608
44164
43634
43710
43214
43844
45166
44380
44110
43360
42154
43442
44292
43736
45438
44922
45900
42922
45688
43542
44310
46646
45718
43726
42580
42628
38744
43656
44784
44932
44318
44314
44100
44480
44064
43522
44184
43644
45738
45120
44610
42456
45602
43764
45550
43776
45056
44304
43876
44146
42156
45746
41906
42810
44586
40846
45160
45860
45770
46906
45758
44548
43986
43904
43324
45830
43882
42340
44936
45174
35092
44696
45648
42102
45390
44376
44444
43456
44484
44696
42146
44132
46538
44208
44958
43572
45232
45104
45358
45010
44622
42184
45336
43654
46720
46174
45224
46618
45824
42830
44216
44084
45024
44646
44764
39180
43632
46632
45458
43060
41128
42778
43696
38864
45154
42294
42198
44804
46194
44924
44736
44346
46960
44096
44142
45466
44160
44620
39558
43038
44524
43096
40236
45084
44116
44858
45652
41904
41814
40884
41764
41508
40152
40276
40498
44198
42300
40414
42522
42074
44934
45450
45084
43624
43602
43160
45346
44842
47874
43570
45192
46102
38758
40994
33200
42206
45536
45542
45796
45772
45356
46550
45852
47072
45246
45470
44442
43888
44838
44034
45494
41522
45466
42208
43748
44630
42290
43008
42918
41148
43118
41708
43968
44258
43654
44874
43778
38978
44368
42312
44676
45900
43560
39044
41940
42616
44176
44356
41142
41920
44816
39258
40610
43512
45066
45454
44848
43770
40366
46134
47624
45012
45376
42960
42934
43468
43914
43474
43410
42970
44034
45288
44358
45088
44554
44850
43598
46446
43712
43562
41198
41978
44174
45922
46536
43564
44990
44726
43978
44418
44848
45520
43820
45628
44786
43138
45542
43112
44352
43718
43204
46466
44218
45210
45446
45620
46126
45184
44924
42768
41842
45648
44736
43232
41720
42880
42426
44856
46650
46228
43958
43952
46304
46896
46540
44840
45002
43452
43036
43446
43992
42032
45476
39944
44124
43558
45950
47012
45650
46184
46428
45050
45474
45352
43332
44032
44510
44946
46508
44536
45538
44536
43948
44196
44720
44480
43656
43994
45906
45108
44444
40310
40010
36684
41138
44724
42784
41764
45086
43552
40660
42654
43280
41546
44562
42084
44774
38200
43252
44806
43448
42278
45274
42956
42516
43174
42530
43944
44992
44710
45340
44064
44428
44038
43334
38780
39232
40540
43620
43154
43318
44608
44298
44588
43186
44682
43746
41878
44562
44206
42650
43824
46534
47120
42196
41660
45592
43904
45802
45126
46570
45342
43686
41364
42758
43326
44290
44632
43690
45288
42422
44000
43882
42924
44828
41644
45002
44126
42828
42812
37326
41122
36912
41504
44414
42808
43756
39682
43008
42544
42048
44346
44398
44608
41638
42794
46520
44376
40880
42572
42250
42794
42786
45286
44548
43828
45684
42050
44610
42758
44618
44082
45232
45200
44284
40222
44420
41930
43682
41454
40862
36996
39770
42532
43352
44204
43840
44748
42626
43258
45200
41768
46168
46036
45338
44426
41616
43896
44662
44932
45272
45138
44936
44974
44958
43396
45606
42416
43270
43874
43758
42872
42936
45646
47486
45584
46526
46390
45944
44116
42980
45990
44890
45366
43420
44638
31286
45054
44180
43924
44708
45322
44520
44642
44258
42806
42868
46316
44444
43680
42186
42982
45820
45808
44640
44926
46992
45344
43024
44940
42100
42998
41442
39394
41222
44722
45788
43310
46926
45568
45950
46556
44676
44404
44686
41810
45874
44934
40894
42024
45294
46732
45502
40622
44516
44438
45012
41968
42466
43472
42188
42568
44108
43778
44570
46188
44738
45100
41792
44154
42150
43570
43894
42498
44480
41406
43462
42812
41280
45634
42654
43214
42448
45238
43978
45324
42654
43882
45412
45572
46836
46148
45236
45054
43742
41506
43366
43790
45496
44208
41872
38942
38908
36898
42756
42040
42794
43662
45444
44880
46366
45796
46126
42496
36650
39288
42402
41046
44238
43410
43648
46352
44238
45626
47058
45182
44390
45378
42274
43004
44536
45092
44974
45724
42386
45010
45128
45490
44902
46652
45828
45312
45086
44922
46158
43248
43026
43638
43766
42228
43712
44536
45176
43132
44798
43510
42926
43938
45636
45712
44760
42492
42598
40004
40782
43856
44876
44624
46002
44072
44008
44218
45440
44298
44714
45978
46192
45690
44206
44050
44888
46014
43924
42548
42128
43076
44240
41942
43012
46594
46124
42670
46514
44240
45636
46436
44950
45020
45210
43216
43374
46392
44144
43304
44102
42816
43008
43916
45698
43876
43888
42808
43498
40124
44460
42532
44590
42534
43628
43368
42608
45256
39746
42148
44706
42608
41432
41788
42152
42142
40662
40632
45086
45280
45880
45942
44272
42888
44838
42328
41886
42250
44484
43316
46136
44418
45036
44648
41762
44700
46056
44298
42170
44432
38922
41164
44212
45090
43396
42550
42832
45296
46054
39570
43818
44510
42776
40848
41538
39422
40024
43144
42698
44480
45204
44158
44476
42536
44422
43778
46300
45752
45754
46052
45176
43082
43348
43400
43150
45308
43118
42948
44796
44962
44992
43858
45248
46546
42134
42772
43412
44006
46232
43680
46406
44540
42832
43464
42086
45226
44474
44836
44380
43504
42906
45796
46294
39818
43088
41468
45014
45882
41862
46528
45070
44500
45568
44586
45106
45798
45726
45252
41782
44298
44376
42960
41848
43636
45890
43444
43636
41992
43664
45290
43828
43828
45366
40578
44194
44374
43692
42476
43498
42802
44310
46270
44216
45956
45294
47130
38006
39676
45702
45424
44278
41644
42422
43334
44056
43398
46372
45032
43708
45790
42342
44936
46266
47480
45158
44000
45422
44774
44658
43666
42750
45562
43486
40886
38154
42518
43856
41872
45190
45158
45650
46348
46058
39826
41894
40888
43400
42624
42792
44882
45812
46532
46622
42992
44618
41138
44486
44758
44678
45540
41276
43812
42370
42424
43334
44192
39878
39254
45418
47184
45690
46280
44284
42840
43388
42848
45082
44392
46288
44452
46544
45898
43816
41998
37602
46986
46014
46136
46202
42062
44388
41410
44946
46172
41000
42296
44078
43610
43924
40738
44710
45968
45864
44128
43638
43898
44946
40656
43066
44168
45922
44500
42962
45452
44036
47412
47976
43764
40736
44700
45604
45214
46300
44164
44610
46980
41626
42232
41740
43362
45446
44098
43486
41880
41364
41608
40642
38830
42330
43588
39976
38744
42174
42108
44238
44234
45956
43018
44186
44746
43916
45604
42612
40644
47346
44574
47098
45114
45454
44646
37854
40920
43092
43226
42770
43104
44676
42198
42478
41346
42354
39042
45216
43852
44466
42736
38434
44358
46362
44966
45112
44762
41464
44184
45108
44068
44104
42602
43796
46770
44052
42912
43252
42820
46466
44890
45674
43556
44280
42756
43364
45264
41026
42294
45304
44736
43088
45334
44368
43730
45104
44118
43864
44354
42470
42996
44868
41666
43004
45064
44114
44620
43006
45778
46392
41876
46334
45400
41430
45182
41000
43416
40982
44692
43904
45374
43782
43612
34090
44244
44862
43992
45830
44882
43962
41628
42118
38962
38578
44066
44294
43578
44564
43798
43702
45588
44552
45536
43488
41920
43976
41392
45954
45414
43294
45112
44812
43976
43704
45266
44692
45248
45692
44570
39602
44944
46408
40360
43864
42212
43712
43312
40406
44930
38924
42422
41454
37966
42352
40862
43036
42864
46338
46340
43838
45146
43202
45806
43724
44600
45180
42862
42134
43474
43824
43960
43054
44776
41542
43042
43196
41598
43048
42774
42814
44538
43696
45192
43486
44578
44588
44364
42826
43402
37228
44490
45986
44366
41204
43608
44944
43200
43430
40420
42174
45062
44548
43992
45910
43224
43130
46020
46896
41174
39866
39580
43970
44086
42662
39378
43804
44044
42792
41146
45160
42004
42584
40898
41826
43070
41334
43616
42138
43494
43910
43124
45310
45270
43470
44462
43716
43276
44538
45574
44038
44254
45090
42926
45256
44204
46042
42946
41452
45152
45838
45860
37946
41468
42262
44172
45138
44390
47170
47416
47834
46180
44574
44862
46876
44280
44414
43546
42276
43018
42578
46256
45968
45790
45706
42966
43862
44964
43598
42260
39796
41540
41926
43212
46164
45918
43722
44090
42192
44524
43704
44464
39122
45438
42366
42370
43100
44116
44876
44594
44802
45094
41282
40466
41582
45110
43706
44396
44742
44662
45196
45178
43268
44142
46178
46142
43024
44278
45164
41662
45378
45530
44016
42840
43812
44116
43566
46598
41822
43310
43892
46766
46406
44582
44902
44352
44974
46254
45132
45648
45538
45040
45910
46250
45256
42302
37904
41466
43394
45022
44438
42220
43900
45296
45140
44712
44418
44922
45900
45094
43116
43588
44716
41942
44578
37652
44754
40660
42976
42444
40104
44954
41876
43396
45786
45232
41746
45366
40660
42972
43200
39282
45538
45026
43322
43002
45198
42662
43308
40946
43426
44946
45692
45704
44148
46278
44898
46236
46592
45320
44532
44408
42420
44094
45240
43158
42980
44344
41164
45188
42736
43084
43576
42454
44000
43510
45542
45382
45406
45476
43734
45860
44170
46056
46264
42814
46928
46412
45496
46728
44618
45498
41048
42158
32844
45200
44638
34536
42422
43630
44002
44882
42814
43686
39428
43226
44054
44918
45174
44126
40832
44108
42008
44944
42884
41830
36910
44136
43878
44660
43796
42328
42592
40054
41824
40972
44644
44388
43024
42290
41948
42182
41252
42292
42572
45764
39360
41178
43364
42656
44418
43816
45922
46856
45770
44980
43018
44604
40394
42704
43452
45562
44622
43996
40204
37420
41654
42360
44924
47774
45998
40392
42076
44268
38588
38960
43350
44678
43894
37978
43276
37902
43966
45274
44710
45844
44564
44494
41126
43054
43730
42544
42506
41324
45252
44968
46656
44610
45898
46320
43404
44650
44326
42774
41816
44024
43886
45844
45450
43412
44516
44350
45242
45402
44328
44278
46430
47630
44792
44254
44164
40134
45538
45242
42962
45642
43832
45548
45536
44310
43904
42528
43300
41938
40382
43582
44194
44686
48058
42898
45004
41260
45298
44814
45694
46792
45002
45238
44706
43860
45246
43652
43774
42984
39230
45416
44360
43824
44518
43738
41556
46304
44592
42794
40016
39578
42138
43526
42142
44432
43742
41658
41832
42700
41406
42204
45422
45594
41994
45798
43718
44886
44554
45946
43128
45940
43704
45620
44482
43572
44716
44280
44266
47044
45144
45216
43810
43814
45008
44736
43688
44432
46092
45008
45376
45852
43874
45098
42332
37310
39540
42898
42926
46310
45502
45026
43634
45564
42762
46082
43776
45798
44804
43750
43768
46098
43376
46382
45708
44284
44408
43928
45190
42532
39682
44122
44692
43518
44390
45328
44396
46528
43098
40770
43760
42786
44950
43316
44888
44724
44772
45716
45674
44388
44030
44514
44248
43366
42578
43920
44248
46372
43902
43398
45580
44734
41958
43254
42530
45142
42568
44146
41316
46050
46124
46344
44076
47118
45398
44920
44650
42506
44106
43162
45114
44648
42188
39924
41534
38768
42244
40436
43120
43480
42948
44948
42572
41902
43946
43566
41228
43196
44420
43992
44102
42502
44342
45592
43872
45328
45154
43030
45082
45510
44312
45134
46032
43314
41500
42930
35692
44184
42564
44892
44030
45494
45906
45694
44102
44420
43172
45622
46036
45402
47020
45724
45132
44122
43734
43100
42976
44062
43928
42478
43096
46032
44528
45104
46738
42772
43252
41790
44758
41942
43156
44072
43436
45506
41458
44366
40888
43252
42776
44922
42210
44992
42002
41268
44418
45914
45526
47254
47216
43984
44778
42874
43944
45606
44054
44290
45480
44380
41782
44602
42836
42760
42954
43578
43256
42306
42406
42436
41840
42288
45670
45710
45612
41860
45514
44280
44086
45420
46590
45274
44338
45318
46090
43976
43786
43750
42872
44670
43760
43380
41568
41918
42582
45718
44322
45978
40232
44622
46420
45934
45914
41562
39396
44026
41196
44202
43864
42108
45502
44076
45096
44000
43568
41362
38596
42180
41480
44248
41134
45340
44644
42950
45218
43124
40070
41846
44514
44778
46516
42380
45760
45074
39784
40414
44042
44092
45692
41166
43948
45332
44892
43202
43120
43924
39800
43338
42506
39896
44276
42662
44632
42936
42924
45434
46012
47796
46758
46488
44202
43934
45694
44908
45484
40574
39158
45054
43076
43188
41972
43690
43972
45148
45010
44674
46056
44824
44244
44180
46028
44278
42352
44066
45266
45240
46524
43936
42236
46502
44388
42486
45784
42932
44636
44548
45824
45008
42296
44212
44582
44834
44558
44408
45912
44564
44290
45362
43660
44764
43590
44104
44044
41034
43972
44234
46506
45822
45256
43724
45026
43100
42798
44410
42644
40192
44436
44786
43048
44648
44498