-67506
-68742
-73758
-62898
-67728
-72388
-66204
-83120
-77026
-75448
-75810
-68478
63612
70460
67314
75680
71602
72424
80968
80678
70786
67394
58430
-68460
-62004
-75026
-69012
-71620
-54074
62566
58522
62432
56490
-72588
59908
66664
-43148
51330
-66028
-65796
59408
69864
71748
69808
-54936
-52320
52820
68042
73938
70662
70028
-63798
-78754
-76758
-55142
66934
-62294
-54152
63332
66420
74312
71230
65320
59408
58760
71716
74586
81014
-48310
-71834
-70642
-74990
-65266
-57740
-70908
-71400
-64640
-76042
-67664
-61952
-69054
-58654
-77126
-54112
67958
57102
72780
61140
-59324
-70418
-72028
-66298
65050
63256
69626
-51696
-70522
-74328
-69028
-67862
-74658
-75028
-70210
-67448
-66512
64986
68760
75810
77808
65880
60220
59840
-64724
71606
75002
72824
71818
76998
75156
73714
68626
73672
71076
55044
64946
-51188
43746
52288
-71302
-70158
-73244
-62522
-65692
-70638
-69262
71078
65974
70302
70706
71458
74392
61530
62694
-63104
57158
-64152
-68160
56808
-45124
72396
47400
71500
-70210
-74076
-60098
-68662
-78372
-76864
-74344
-70210
-63884
71480
70634
70520
-69422
-68058
48838
68326
76916
72480
76018
62242
66906
55666
-44956
57628
-68682
-66112
-54804
-62850
-66868
-76938
-70398
-57632
-74208
-67838
-74476
-73290
53744
-60294
-74552
-56190
-60486
-74838
-77708
-69232
-67980
-66136
-52048
-72674
-72802
-72984
-71314
-70616
-60582
-74134
-78172
-82670
-76740
-63984
-70250
-75980
-70914
-60596
-57018
72224
69792
65734
77644
70772
-61004
-67476
-67558
-71132
-69400
-55176
71282
42624
-40222
-69676
64146
-53806
-68562
-70540
-73084
-69232
-68162
-47570
68866
67906
57442
75514
71810
77194
58182
76802
76084
70860
59688
70690
64058
58606
71276
75020
72796
63216
64430
69094
79708
73074
72722
67304
67016
65506
69712
69404
72476
69774
-73596
-65842
-62750
-65408
-71152
-64768
-71446
-67912
-75090
-65252
-60714
-65420
-72566
-72552
-52400
-61706
-77186
-68372
-69602
-67472
-75022
-75144
-79506
-69780
-73818
-66486
-46444
-23342
60822
71414
66346
-58690
55102
-13358
44278
64792
69690
73270
43598
-70832
-60948
-66290
-73542
-69814
-62014
-62504
-79002
-67132
-69576
-70156
-66084
-70188
13514
-63620
-68038
-71692
-53976
-70640
-74166
-71030
-77188
-69036
-52894
69594
77006
71046
59702
61902
68362
-61882
-59914
-57648
70640
68704
60040
75872
22836
-62178
-63798
-69366
-67244
-58146
57920
-60732
57852
73492
75536
72518
69118
75104
70230
52834
64010
64592
71332
69702
76418
59748
58792
62200
74724
76380
63252
71450
-57180
61146
-53520
-62982
-66852
-53424
-73076
-74358
-70892
-70666
-83948
-77394
-76520
-80264
-75848
-62284
-71064
-77914
-63504
70504
73236
64274
71396
57428
67870
74090
74410
65824
-63596
-59174
-64864
-66532
74314
73314
67086
76648
77276
79332
74612
82136
77454
71970
69974
67746
68280
72182
78712
64726
55788
-7196
-66858
60386
72224
64942
-60298
-62480
69328
72726
67952
71770
60178
48756
67152
74172
68722
70836
65750
76050
74816
53040
-21110
52820
-52422
-70530
-61900
59808
65954
57630
60086
65530
75962
75898
79976
64640
64122
64788
72224
74572
63918
-60266
58854
-53502
-59814
61034
70688
69256
71184
47452
71890
61310
69656
77932
72294
69800
66968
70558
70612
-59086
64898
55450
-61130
55228
-61436
44850
-66754
-55550
-59938
70428
-58182
52630
63540
-56064
42702
-37808
-68518
-76516
-66936
-62260
-68962
-68786
-65782
62480
61128
-63804
-43758
66082
61292
70328
73306
47202
79520
73272
64912
65686
75772
62776
67864
70034
71586
-71950
-74984
-61078
-65574
-65666
-75438
-67386
-70394
-68248
-73286
-75798
-68548
-76586
-60986
57368
70716
72258
74198
70166
72064
44266
72224
54986
-62334
-59532
63646
-58040
-76470
-65098
-71232
-69026
-67900
-73486
-71642
-71470
-72908
-70980
71708
67786
59304
61184
70990
66542
71426
49534
58036
70464
74386
60290
-71598
-64848
-65018
-65768
-66574
47630
39070
-56876
-71198
-72944
-78100
-76598
-71042
60646
67192
80512
58372
78032
72866
81386
73172
72474
74294
77494
73904
74400
69646
72630
66256
57870
-58906
-77218
-67000
-79550
-69150
-59990
-56440
-66010
-66080
62252
-50894
64514
-56650
-62422
-9790
-64556
63334
63012
75718
56170
-63182
52234
-67294
-70422
-69124
-66816
-73156
-75298
-64016
-71850
-74744
-70146
-69710
-67350
-59498
-77508
-76348
-72212
-73180
-66690
-71126
-78748
-74492
-68762
-70830
-68588
-73750
-53132
-67468
57264
62896
-78130
-79022
-72764
-63444
-69694
-58420
-74444
-71354
64962
61820
72382
79498
50476
69796
76366
73542
-53206
-60962
50172
-68374
-61334
-63288
-77326
-76888
-76126
-73414
-78122
-70360
78638
64760
-71424
-70798
-57652
-65742
-53394
47324
-66130
-75716
-69018
-54198
72586
82758
75320
64238
77484
70138
76368
68878
75318
72540
60874
74478
-64780
-70066
-68774
-65746
-71860
-55256
-65376
-73004
-73786
-78374
-72494
59036
-54558
-56224
41134
-61342
67374
49914
69948
70352
73184
68148
66566
77746
55258
49866
-68314
-65636
-69630
-68936
14890
-59732
63170
-59654
71670
-65040
-68580
71904
-63394
-59242
-66230
-60172
-77096
-59558
22174
-72104
55338
62932
76548
71438
71304
75682
66500
57118
72982
73186
62934
-70864
-70926
-72496
-63214
-65680
-77324
-73068
-76736
-68522
-61726
-57820
-69456
-71342
-67344
68460
66046
51968
-63246
-56398
64776
70972
71676
-72402
39466
-45216
55464
-57210
-66016
-53890
-69110
-79852
-71970
-77344
-78540
-66774
67474
68052
78438
77870
68418
66138
-68488
-73128
-79268
-76352
-71410
-65644
-72322
-80226
-76432
-73496
-68454
-69464
-69552
-69594
-61440
-69624
-75254
-73100
-75254
-65156
-74702
-67948
-60294
-63776
58790
21226
-34132
52302
-45200
41634
-61450
72950
72634
74026
73610
-41334
35638
-60494
-68070
-70936
-78456
-82200
-74018
-70936
-54438
-70148
-76794
-78392
-80724
-61592
70792
70534
75002
63248
77720
63382
62116
66918
79756
66810
78122
77860
73660
73474
60656
72146
-62956
-71278
-73166
-53022
-68150
-59686
-68748
-74280
-66250
-74576
-78354
-67264
-53968
-57698
62644
55412
74468
71842
67580
-71096
-67604
-68328
-66392
67914
75600
75256
77706
66598
77080
67936
78774
77754
77780
80716
73302
64066
63634
40548
-12738
60398
-43308
67836
70456
71414
69190
76232
55280
66248
66464
73372
73940
38786
-69342
-70440
-60826
-64298
-74054
-34146
-70802
-76158
-76142
-71450
-72126
-76068
-75298
-71604
-68428
-73244
-70274
-57910
-73496
-72250
-83498
-69520
-74522
-71146
-75300
-71968
-67098
73580
78864
61836
78026
75242
75718
70394
74350
71970
-71836
-62872
60698
75062
72512
75168
66066
-57422
-66970
-70522
-76860
-64034
-66800
-74652
-75244
-73140
-72850
-56098
-28758
63218
72530
70134
81646
70394
74316
64150
69100
63012
75262
66998
68618
77826
63068
72950
69492
42544
-59622
76734
65664
80684
69452
77206
75402
72874
50200
-62794
-64620
-69076
-79176
-58346
73878
70586
67904
75910
47994
69202
62558
53424
74472
76410
70774
77744
81888
76750
69662
57564
66812
70454
69460
69542
64934
75234
72388
71094
72366
66882
66582
73946
75314
60034
-44078
35914
-67106
-75472
-65794
-70450
-69248
-74956
-67592
57268
-47994
-64838
-66592
-70374
-57648
68812
67604
67884
65704
-75236
-78664
-72762
-79300
-70144
-71622
-74372
-75310
-75022
-54040
-76624
-75596
-73244
-79156
-62938
-71436
-73750
-67684
-75604
-71292
-57722
-56934
-68370
-73592
-81224
-74708
-74996
-71550
-73172
-72376
-75752
-62288
-72422
-71680
-62110
53242
68974
63540
60802
64804
-59716
-71528
-77938
-67688
60668
65876
-31186
-77508
-67304
-65794
-69380
66108
65512
72346
59398
72202
76556
68100
67120
-67388
-69590
-69806
-55944
-67276
-69370
-75662
-77788
-80630
-77788
-81400
-60314
-68246
-60074
63124
-72364
-64580
41986
53566
-73748
57896
-60692
63754
66374
-47972
-67976
-68594
68076
71876
74182
75000
77272
77506
67436
-62994
7462
75094
-66092
-70750
-49162
60234
-66716
-56252
-5548
-52690
-67440
-71146
63476
-38104
60762
64508
73530
-66084
56656
71192
54674
65792
74846
82142
74452
-66490
-70848
-75722
-66566
-60124
-68042
71878
77940
70380
61982
69074
79370
74462
73444
68528
56190
72124
78572
72006
67726
63522
76184
77874
70168
70708
57958
74890
42016
57548
-42140
62762
-34754
77706
77118
76746
73920
77584
72688
76514
67036
74102
9982
56508
53054
-55358
42742
-65618
65722
73176
37334
-72806
-71754
-46078
-73236
-68002
-77100
-72132
-71602
-71740
-65792
-55066
45084
-49234
-65826
-63668
-58374
27128
-62766
-69422
-58668
-74740
-80038
-73842
-72136
-69796
-77000
-80128
-78550
-77012
-63906
-72174
-72138
-75340
-74018
-79308
-77836
-78712
-79148
-79312
-72490
-71970
-58436
69664
61492
-60600
-64968
-66716
-61488
-58400
-66026
-69920
64692
70812
74924
76520
75276
77734
62112
71634
36470
-69138
-47332
64432
49026
74004
72298
33944
71408
75680
59958
76562
75480
71670
70630
75064
71410
78028
74778
69772
74142
75540
78964
81380
82164
77204
73752
54668
-63434
-67200
59206
44418
57714
-48926
60358
-51954
-76392
-35276
55108
-61212
-56650
71862
73794
77314
72964
67670
59376
63140
75226
78882
79224
70104
68770
67844
55462
68042
77736
47246
73056
69346
74818
81878
73004
76256
52614
73444
60740
76814
73220
70640
79730
76992
75832
76074
74008
66618
-68686
-71172
-58940
-76978
-63532
-64188
-62308
-61808
-61110
-70240
-78542
-79766
-67402
-75056
-71490
-71598
-68856
-67058
-72718
-73832
-71288
-71542
-70320
9402
-58852
-56210
-76110
-73692
-73474
-74790
-73636
-78272
-67726
-75370
-65636
-69326
60272
65708
53406
67158
77274
72346
69984
62184
73530
68596
71580
68754
72822
66774
47124
68438
67062
69064
71770
74768
74020
59810
69988
64960
65872
64478
77886
77896
60716
69788
61706
57614
-64268
-69762
-72290
-71552
-71456
-71280
-77746
-68440
-66030
-71406
-49950
-58468
65838
-68020
-53614
52824
60268
63182
-71592
-71490
67528
74962
69882
69936
62934
55516
67022
-69866
-72928
-72400
23588
-58904
-46778
-49934
61894
66008
64414
75178
78192
67110
79840
77760
76760
73170
74402
51472
52628
-73340
-76496
-72520
-64354
-66758
-75952
74140
67082
-71158
-74474
-70356
-46974
-74914
-57816
55032
74538
58802
70122
74318
74992
73720
69484
67196
75426
78234
65638
148
50130
69802
65358
60236
-73410
-77386
-80654
-72964
-78562
-66670
-67156
-75024
-77432
-62654
-78288
-76144
-68004
-71228
-75666
-44966
63100
56164
66770
69644
66266
64550
49150
-48824
-71476
-67454
-73474
-74310
-76006
-59366
-70162
-72090
-71254
-68030
-67910
-68300
-70584
-72390
-67870
-73286
-65126
73930
70920
70744
75642
-60344
-69892
-77862
-76720
-66696
58738
66166
-60700
-67756
62808
-70492
-73344
-76054
-58544
-65860
-59020
-66956
57674
-68330
-63214
-54290
59154
-55200
-67888
-64446
72680
71434
63138
63848
62772
63790
-58314
-67288
-63498
58248
65638
69790
-68468
-61120
-74044
-61238
-69940
-48114
-65488
55352
62274
58916
-70346
-3306
69874
62970
69622
59088
70610
65162
72204
74504
74390
63504
61982
68300
54654
-62894
-66164
21944
-53876
32634
-58932
-66572
40418
67064
67926
70732
69544
68506
-51154
-75446
-65768
-64138
-73384
-79896
-69988
-70862
-71844
-69484
-76178
-76144
-58804
-75094
-79640
-79326
-72832
-68566
-71776
-79588
-74960
-64810
56874
-74256
-76982
-79196
-72350
-74126
-64402
-73314
-74574
-47626
-66482
21954
-46318
-15592
75724
73844
71218
68336
76846
-68324
-74018
-69480
57686
-59366
-25780
71308
-17544
54498
-65876
59578
-6144
66046
65656
59200
66780
70584
71696
73936
75038
73884
72670
78928
84902
61532
-61048
62392
-55440
32686
-67632
-70924
-39558
71148
72416
73052
81520
76332
72052
71454
75116
79116
-54822
56872
-62028
-66066
-72238
-65450
59438
73930
63646
51390
-61370
52262
57764
-49132
51158
61366
71384
72138
61050
-53824
55114
-66880
-73674
-73182
-72718
-69182
-73092
-66634
-71540
-71512
-62204
-54584
76570
73448
73964
72856
65362
72158
71940
59356
55688
65484
66530
62948
65736
82574
71304
71170
66764
72656
73534
74708
72136
76552
75038
-69868
-60506
-73740
65594
66982
-62596
58786
-66016
-71178
-55814
65640
62740
2106
-66498
-69268
-72252
-75504
-75566
-56046
-69584
-56416
-63686
63866
66430
72102
-67140
-68514
-68738
-71628
-67970
-70934
-66482
-69684
-74172
-62334
59232
72530
65430
70836
67140
66254
-54272
55740
73948
53668
73106
55328
-53288
73758
62392
62226
-72742
-74462
-62224
-69900
-62222
68632
-53376
66248
69760
73686
53792
-21368
60062
56438
-60806
70126
71840
74932
65986
-48976
54096
-68020
-66180
-55260
70382
59696
54544
73320
69592
60034
56696
70980
81614
83008
47450
-48340
70368
56796
78232
54808
62890
78364
80046
77014
63732
69094
66116
66986
63494
55684
-47926
67164
71130
70738
62596
65780
74948
77860
76936
61722
67042
70954
72816
66578
64100
69598
69506
58580
78540
77300
79994
76904
68752
80266
78190
67410
59538
-59166
-78828
-76220
-74470
-76352
-70932
55316
-53704
57268
-20864
50508
-57840
-62458
-73990
-70302
48304
-65936
-65758
-79276
-74848
-68300
-70276
-67404
-73842
-75868
-72956
-68346
-63102
-72736
-76872
-75982
-76172
-78408
-75022
-71642
-74484
-66868
-65598
-76134
-78602
-76928
-63868
-67712
-74810
-66562
-66114
-64944
-73628
-41400
-61842
-78312
-61182
59376
64604
-66674
-63766
59502
-65414
-54978
70694
76418
72458
-60530
-52680
67860
70678
76796
71394
64856
54370
70206
79234
76648
71266
50356
-43136
74190
62816
75860
62592
71172
65640
78442
75924
65638
65530
63150
65270
-68236
74488
64718
76754
70642
62938
66554
74460
49358
-54218
43838
-46352
32332
-55452
48866
58808
-68762
72092
65342
76184
74090
-74986
-64598
67620
-58520
69174
67682
64934
-48192
64820
56044
68324
78242
82462
79126
74314
60680
69288
55502
69562
73468
70504
72756
64016
68278
73656
67540
-19064
71286
63310
57202
72850
74820
73418
58804
70734
71594
71752
72216
73890
66376
71104
72590
73548
64766
71512
76010
62930
62808
-51784
52180
78290
70586
-70332
-64668
-71894
-78076
-77760
-74520
-70402
-70490
-72156
-73592
-67260
-76528
-81330
-73756
-67668
-79466
-73450
-77380
-72406
-75614
-76110
-64550
60692
67588
67162
-64006
-76072
-64642
-62036
-60448
-56798
-76064
-66208
-62528
-64472
-68930
-50424
-75218
-71048
-59254
-76672
-69472
-68358
-68470
-58654
52292
69668
67756
63398
67078
76816
68902
54456
66314
67788
71282
74244
66230
70640
73078
72312
74646
71142
64356
66824
71324
57192
65002
68172
68126
71700
74456
69910
67528
76394
74714
68936
78908
76262
61276
75832
74652
69150
71930
-64710
-76598
-75002
-68098
-67554
-70794
-60404
-30920
-62306
-66276
66694
67148
70800
-66264
-64266
-70048
-64330
-52650
60966
70142
56798
66904
77432
68810
70498
77020
75538
76236
66802
62062
58384
75550
71732
73598
34884
59596
-34590
-42600
64426
69338
65824
74048
68908
70370
65348
-62898
-68210
-62172
-64704
65868
65914
-81786
-77656
-77594
-77496
-70132
-75812
-72006
-62466
-73200
72180
-55722
-75712
-76456
-74048
-74200
-67634
-77166
-79880
-78610
-64056
-79994
-64006
-61436
-65700
-67510
-60058
66906
67424
60118
70914
60558
75454
82118
75524
77878
73500
66786
76924
68846
68828
71292
70604
70746
50318
-31022
73654
74120
71070
69744
67716
72528
71298
59208
62624
-72020
-67354
-73204
-66942
-72226
-68246
-74760
-75724
-74666
-78246
-73330
-67884
-67888
-75008
-77412
-78336
-73240
-73694
-66406
-75872
-75320
-80476
-75756
-70452
-74484
-64296
-61496
70224
43170
-58462
60896
67376
71118
69322
75710
68290
68720
-73618
-76440
-67026
-71158
-6444
-65794
-68572
67886
-57698
-69452
-66180
-70240
-56090
-73514
-52086
40710
-77640
-75244
-75508
-70530
-77562
-73278
-63826
-77996
-53550
57824
-71880
-64058
-57834
-70038
-53038
-63146
-72696
-75186
-75784
-80042
-60990
-60202
67668
56500
70250
72862
70384
69704
73090
63828
-56960
-68180
-71674
-66056
-70432
-63838
-64274
-76498
-77722
-77006
-75716
-74024
-73930
-58216
63864
66036
75342
75094
75004
70802
67702
-37512
72938
68264
70656
76398
73836
70116
61364
64092
56482
62914
59352
75242
-75780
65144
12812
74198
70364
76166
73512
70080
70488
74474
74698
75162
61196
74274
74884
70242
66440
68798
74044
70542
64142
57944
74584
66734
66458
62698
67724
-75744
-65260
-76142
-71754
-64908
-71548
-69972
-68138
-72582
-63440
-5714
63544
62024
68338
64992
54042
-58330
58006
-35578
1450
40628
-69262
-52220
-74044
-71946
-71380
-73580
-61000
-70166
-76604
-79238
-45808
-74352
-72640
-66890
-66634
-46824
-58324
-54170
63948
68158
68750
75846
74068
72900
68230
68216
68542
-61472
-63886
-64632
-70758
-79534
-68062
-74458
-77994
-72614
-70384
-67108
-46274
-71074
12308
-72236
-68266
-60244
69868
67788
70496
-66852
-64582
-74654
-76472
-70158
-74128
-69608
-62664
-70618
-63516
-68898
-45738
68068
59900
69388
61470
-54842
59968
67790
61330
64592
65196
75384
60224
6034
-54112
-66546
63456
56052
-37218
60944
62530
71374
72338
69430
67470
-68776
-51494
-67632
-64208
-71536
54710
71354
69314
64318
69440
71374
76710
75446
60750
67368
78212
82510
76222
68078
79982
75840
71148
73218
69358
72558
71302
58950
-64870
-71576
-78630
-71852
-69872
-71044
-76834
-63994
-70960
-51408
-71980
-74102
-69410
-79184
-68246
-62930
59084
-50244
-54260
-62560
-66920
-74022
-63498
-58932
-65976
-76104
-80710
-75276
-77694
-70866
-54622
-62644
-56236
-62686
-62670
-74944
-72690
-66680
-52938
-64446
-74504
-68428
-50894
-64182
-72132
-82424
-73066
-60724
-72036
74250
75372
65636
74264
68332
62264
52632
-51212
68960
66962
63940
77912
76286
68930
36644
66782
68750
69054
58116
-60568
-54928
-70126
-74756
-67912
-77482
-75406
-75980
-68074
-74198
-77340
-60598
-65906
-61882
59416
-66136
-72260
-49664
67670
48046
-63966
64614
72302
72780
74866
75310
58042
75112
78500
81060
74228
73352
73060
71918
63390
65102
55594
65932
63050
71356
-62874
42736
67400
70524
-63284
-64374
-57196
72040
66428
75192
61054
-51968
50782
61880
63988
-48172
63878
63982
71244
-52634
-68756
-72184
-76802
-76426
-51204
-72420
-62882
-64472
-66130
64006
52072
58970
-59918
-57286
-64472
-73370
-68814
-69774
-58370
41222
-68880
-56756
-67272
-23698
-65636
-66658
-66508
-74614
-71906
-72884
-70456
-71312
-76248
-72052
-77458
-63972
-67576
-66268
-70152
-67848
-73566
-76160
-75408
-64048
-63190
-77216
-68282
-75186
-77548
-66532
-71446
-52090
-68218
-75632
-70898
-67242
-67136
-74550
-55024
-73984
-58468
-81224
-75822
-51704
-67578
-56570
-64012
-60504
-68770
61988
-33036
-71098
-71874
-80370
-78994
-66748
-72588
-65010
-59808
-73222
-71470
-73046
-55616
74426
79686
80306
65356
67460
-53148
-60328
53358
31216
-59616
-31788
55646
23668
67512
53012
60470
68926
67188
73832
67772
55422
-18088
50028
-60548
-67940
-58338
55350
-64276
-61350
50932
-56818
-79130
-70600
-65898
-69560
-69186
-59826
-79354
-70184
-59002
40966
-3160
-63584
46718
-64216
-52728
-65210
-68548
-62098
-75224
-72938
-75428
-77156
-59926
-67620
73976
77068
78080
73294
79744
81036
76220
-70452
-66598
-68440
-64242
-71186
-75154
-62332
60998
-65788
-62452
-68116
-55252
72142
51890
66290
61274
67768
68236
-61814
-57068
65942
-65684
-73468
-70352
-71032
-72388
-77460
-67818
-71908
-67826
-72634
-63956
-64506
-64756
-65310
-50816
-65222
-73134
-35590
-74790
-76848
-78408
-72290
-67958
-72314
-52594
-77426
-73466
-69306
-72934
-74444
-70466
-75074
-75732
78544
80924
65596
60672
77668
75702
74810
68050
74578
73982
72596
69272
76668
49386
81200
72288
73688
69254
64160
71752
74604
67400
73258
65702
66494
69472
58536
25186
44662
-64018
50766
2312
-69980
31386
75190
73278
72494
57508
-72124
-66002
-70378
-70786
-77572
-75246
-76072
-77650
-74710
-78770
-71864
-71634
-67874
-70246
-71346
-72494
-73860
-72882
-74168
-73448
-55544
-71626
-74866
-77060
-79234
-75850
-70296
-55962
-73170
-76432
-52658
-75200
-73982
-77320
-74012
-62630
-65198
-70792
-67792
-67180
-71556
-68558
-71772
-46812
-70152
-71700
44822
71948
-48444
60110
-38508
-54470
42160
-51464
-65340
-72246
-79070
-68964
-71358
-67158
-58352
-59174
-69154
-74692
-55312
46030
-68602
-78114
-70392
-69666
-68214
-75952
-74148
-76506
-74138
-72900
-69100
-75676
-73698
-66894
-73108
-78008
-59146
-75634
-73932
-67426
-68526
-80642
-70888
-47938
-76272
-80504
-74882
-80292
-77262
-71710
-74308
-75854
-73570
-67028
-76326
-77154
-76734
-73166
-71584
-67566
-72942
80804
74180
47988
-72426
-76080
-70212
-64746
-61932
-65662
-75768
-66352
61250
64458
2950
70484
67414
62680
68174
77386
63024
59882
-69980
-70756
-69248
-69184
-74090
-79446
-61484
-74602
-69364
-71106
-64648
-72154
-72144
-73484
-76170
-69688
-69816
-76974
-67748
-74802
-78970
-78084
-74638
-58954
61962
65874
72348
72124
70642
64582
76670
79710
61650
66326
64392
62374
66624
67968
-57802
56412
-60144
58774
62590
59084
-56858
-13008
62390
67026
75198
81598
62496
77382
69368
76962
63518
-4038
-18370
54830
68088
64708
74580
69098
-55406
-60798
63626
80778
73418
77262
77724
68866
73048
76542
77664
77758
77698
80962
74208
65416
70544
76418
74188
78920
74546
74078
72762
66244
78942
75190
73586
64142
73356
46164
-56242
-57712
44798
-65544
-60136
-75506
-74080
59818
64288
71156
64180
70016
62322
70318
62304
-63270
72802
69302
62828
62486
77244
69754
77242
76696
70638
53400
-56440
-67090
-73370
-71894
-46508
-68510
-69574
-70916
-74084
-70050
-62362
-60756
-65948
-69744
-72814
-65144
-68436
-72862
-75960
49246
70042
74210
69886
-60646
-72700
56030
-62398
46056
-55086
55028
-60496
-66248
-74948
-77344
-63364
-75544
-81454
-79388
52770
73464
65026
70068
65696
68046
-56764
57000
56294
-73754
-79384
-73856
-66788
-72370
-64808
-72510
-58976
71630
60832
-70608
-77170
-78964
-79814
-78506
-74880
-78760
-75072
-65490
-65090
-54696
-72156
-67224
-76118
-63880
-70812
-69944
-62166
-64104
-69434
-79202
-71482
15182
52598
56368
-61462
66864
73124
77130
76982
77942
73970
66824
71250
69910
82000
72438
67228
70906
79082
80206
80684
74126
79188
64212
69678
66892
76052
71626
-71096
-50460
-69616
-70004
-68876
-68224
-68064
-67842
-64922
-60488
56448
-71024
-76380
-81412
-68280
-75528
-64210
-51822
55906
70788
68898
71354
42858
-46096
-73346
-61332
-72536
-45602
60424
68354
65140
59946
-66392
-69432
65836
-62582
-74094
-68738
-71978
-59410
-67434
-76138
-70520
-68908
-73980
-73188
-57058
-70842
-77266
-72642
-68384
-70604
-76744
-72002
-61038
-74036
-54176
-68318
-74758
-75842
-75644
-78102
-70716
-69066
-71738
-76028
-70498
-62044
-75888
-66854
-78398
-75604
-71334
-66242
-61632
-67146
69890
-51978
66178
-63766
-69884
-72976
-57522
78550
69122
72054
70694
69818
67558
69144
73588
81452
71876
68262
71944
75238
69940
74502
67962
70050
75938
63090
59420
-33916
65764
48526
-38294
37648
-71312
-62340
71930
73510
67218
62294
58068
61660
60470
73052
63830
66492
62402
64444
-69756
-49294
65560
-72750
-61152
61616
-50432
61264
-56876
-74190
36462
-70392
-74154
-73232
-71692
-77560
-71924
-69994
-55016
70256
65502
72576
59806
-33358
8396
-74820
-72922
-62404
-67624
-71738
-63574
72194
70112
74904
71118
72892
66568
71602
63646
65548
60704
70864
70306
68536
72680
71798
64824
56408
-62284
66506
67160
77368
74196
71540
72144
-61580
66686
-36036
70884
67960
74420
57068
-67798
-76558
-75622
-44942
66362
57824
-32306
75016
74104
75734
73670
72786
-44660
-53490
39178
69282
-70662
-67656
-68276
-63512
-70122
-34656
56162
59412
75956
79114
75590
73460
63824
70840
70512
75062
66414
78464
79436
76394
79194
80344
69108
71930
79060
68278
78378
58530
72796
63578
-36138
76994
66164
78670
66876
48934
-55166
-63930
-71608
-78830
-79760
-76356
-62120
-64362
55832
60540
62722
71436
83138
74414
79786
65978
74064
71234
65984
66002
69358
70698
68564
74170
77524
76644
66212
69706
69396
64448
76396
69824
76950
36884
-70250
-63838
-63100
-67426
-46198
77548
73396
78972
79676
77318
67058
-63526
-58000
-67980
-67490
-60574
-71418
-66950
-67738
-78036
-74250
-77226
-78352
-72624
-74334
-70372
-68068
-56496
62254
71632
62026
70132
63350
72850
52198
66998
63884
71860
58494
77668
71530
55954
-42994
-71906
-67530
-74590
-75230
-60876
65784
66288
-65118
-75146
-78672
-67156
44118
75240
66854
62002
70824
67196
74748
71140
69502
73606
67278
64300
-56830
-61816
-64332
-69434
-74394
-69680
-71558
-66128
-78648
-77356
-67556
-76218
-72080
-65590
-72248
-51922
64334
71124
74748
65802
74270
75122
75650
67408
61740
65920
47212
-70026
-73840
-71324
-68390
-68670
-55678
-63208
-69584
-70898
-73012
-65606
-71164
-67282
-74326
-81090
-68178
-56404
47682
-61154
-74052
-74484
-73436
-76676
-65024
-75694
-66990
72274
72080
72912
78294
61178
69284
71536
71982
79570
71316
-70888
-78262
-72892
-46944
-63032
-69830
-64398
-66022
-61878
65550
72828
74858
73938
77012
76936
70550
72298
65680
-66982
-69388
-69916
-68018
-59536
57000
71240
54900
-66020
-76608
-79190
-56408
68718
54748
-52632
67628
74950
65432
-53664
73630
74628
72912
67500
69146
65012
63462
-58008
-66068
-66660
-48782
64218
75752
69956
67690
67818
74204
73108
76322
69156
76068
69902
74648
72104
66548
79098
77538
78892
59908
74122
67440
-55826
58832
-47154
61688
-66360
2688
-57302
79580
76506
76802
67012
68392
68484
66244
-70828
-78086
-77920
-52100
-71698
-67894
-60720
-74986
-68166
-75080
-70088
63512
68654
75204
70456
72690
72536
63146
-59998
-61676
58040
-62636
-72204
-65632
-72396
-80056
-72606
-76106
-63968
60810
-63626
-66968
67540
69154
66866
74784
67376
74248
73058
68684
75642
81380
76868
60390
76976
77558
68200
63748
49934
-63316
-72306
-63240
-70870
-67448
-70356
-67978
-60138
-54166
43456
-71790
-63970
-77426
-57930
-69688
-77478
-81778
-68582
-73280
-73306
-77194
-79424
-68214
-59162
-56962
-74804
-65538
-70096
76462
74622
69860
68248
53758
69088
64672
68260
-65432
-49648
57214
-36172
50520
-52500
-70484
75222
75360
75634
60402
-56406
50010
54530
-63976
-68556
-69358
-78216
-65968
-71604
-70208
70542
70732
74598
76802
68502
70868
67254
72888
57258
-63780
-68728
-72090
-70024
-56846
72782
60294
-43512
-47492
68304
49024
68358
63644
71468
71892
78974
78254
44950
74024
68506
-67112
-80644
-53384
-68152
59922
-45118
-59854
-46824
-74298
-61728
-65736
-74928
-77902
-65102
-73870
-74862
-68930
-74936
-72252
-80682
-73056
-71674
-43800
57316
69288
73414
76292
70752
74126
71990
74690
50454
-64206
-80932
-76534
-75890
-72698
-79626
-74842
-76964
-78758
-77986
-78550
-78692
-74260
-59850
-72732
-66554
-70146
-76048
-76908
-74100
-65806
-66192
61984
66984
70372
55014
-61814
-75786
-68158
-62712
-52788
62738
-64794
-69692
51758
67006
69156
62080
76804
73256
62064
71742
64630
69240
67732
73328
60818
64338
65258
60898
75024
65344
75880
74516
57070
-57306
-61634
-65948
-61984
-62908
-73568
-64662
-65484
-65154
60690
-49658
-67022
49570
-61572
54720
64280
72052
69646
67502
78346
73958
63236
61624
60264
64498
74862
75538
67398
74326
-69858
-69546
58922
68836
60506
-57730
-67886
-70636
-69694
-60582
48988
60820
76766
79726
64774
72656
-55230
63070
63296
41856
-48708
44366
-71454
-66598
34932
-76856
-75954
-70406
-71482
68326
65790
-62046
-71390
75420
71610
66376
-69120
-59444
19856
-65108
-62680
-66870
-54830
-64878
-74782
-47944
-61942
71902
73910
68078
61514
-59060
-61842
59612
66722
63426
66578
-30054
64380
78012
57242
69386
-49974
71802
19674
-64174
-69718
-68906
63992
-59750
67480
35022
66702
68548
72782
68848
-64536
-73836
-62412
-60038
-60076
-58922
-55888
62470
69806
72482
69612
57804
68130
72340
73420
75012
73430
72652
-66540
61316
68132
78698
71958
56842
-65402
77026
42184
69856
68964
65630
67268
-38146
67748
-62594
-66214
-75072
-75976
-75640
-76916
-73884
-61806
-76906
-78132
-47500
-69488
-34146
12226
-70662
-55264
23334
58638
-69240
-70522
-66592
-63966
-75816
-73674
-71406
-76540
-61752
-76398
-77928
-65226
-60258
-67526
-54674
64932
73016
70460
76328
70302
78154
69942
70276
62404
64898
75014
69392
-58722
-70472
-50276
-57620
-70854
-71796
48180
76532
66754
75286
74348
52358
73650
65068
64370
-67684
-69874
-67814
-70404
-78338
-74030
-47448
70278
63490
70406
74020
73744
64656
65248
57386
-56506
71160
74466
68152
70758
70166
55154
-55706
61006
-72394
-59098
-63418
58186
58730
-66298
66836
65650
-71410
-73432
-64610
-74292
-79958
-76510
-75950
-73468
-71462
-70284
-65226
-71910
-76356
-68700
-78774
-73962
-71292
-67748
-68332
-62822
-74118
-47126
-17074
71250
73548
77218
64886
74292
63200
77462
73134
69162
67812
60246
61162
74964
77342
79810
76946
69658
69966
-56628
-63968
-65462
57642
72340
73004
71622
71958
78894
80304
71946
80320
79436
71650
75494
70232
78234
76724
-73374
-77462
-68480
60752
62876
54438
66184
63982
65146
76094
72568
57414
70156
77530
63024
72088
71406
73850
73900
77312
76986
79990
67190
70708
73470
69428
71500
63614
58358
48020
10518
-29770
69848
70826
60428
74304
69960
74520
45980
-76616
-78214
-63598
-73288
-72254
-66286
-67156
-63202
-82178
-74218
-46558
-68890
-76208
-77780
-73840
-68000
70056
74652
60294
70140
73844
67434
-56304
-61820
43990
-64120
-68302
-75326
-78410
-70118
-68030
62656
67710
-25952
54180
66248
61538
71880
68270
63088
72804
77456
75978
79632
60312
62762
63400
64688
62186
60392
62460
72014
63354
54404
-63328
-68534
-75384
-72398
63936
-74152
-74918
-63244
-66514
-72978
-71710
-63960
-71754
68760
-70284
67602
72660
65630
71070
-46104
72078
70064
70456
61492
26458
-66092
-75860
-70614
-72402
-69490
-63738
-72570
-77962
-75396
-74602
-78848
-79682
-73508
-81486
-61276
-76654
-69500
-70868
-77562
-78196
-79880
-81522
-77668
-58622
58808
65514
67872
67172
67586
67210
-72732
-71844
-79398
-68304
-64934
-66708
-75326
-57288
-66766
-66626
-67724
-71432
-70748
-71196
-71124
-64422
-61986
60824
43010
-51870
73072
61200
67382
66014
59036
75140
77440
62738
71852
70378
66808
63156
42786
-55314
-75270
-75432
-72938
-65860
52202
-65772
-80462
-76430
-72722
-68358
-71534
-61414
-68926
-73832
-44106
-59946
-63272
-76310
-73066
65432
76086
76558
76646
55036
64518
69982
-59366
-75032
-71210
-78020
-78550
-70952
-64204
-75648
-72538
-77784
-73798
-68490
-60808
58892
-62574
-72866
-74178
-66404
-64784
-70726
-71370
-73112
-64918
67394
51392
74340
81038
75608
71512
67260
70764
72670
58210
70662
-47622
-31050
68976
63470
69894
60262
71482
70652
64208
-70224
-59982
-73948
-65914
-61480
-57748
-72498
-74894
-80672
-75380
-79852
-55956
-70650
-65390
-40608
66312
-59738
-62526
-64856
-63174
-63828
62256
67246
79438
73978
65060
51054
-72142
-69388
-71966
-61480
-74594
-72350
-71184
40564
53508
71284
55244
73852
-67396
-76916
-75956
-70200
-70656
57802
-65114
-64416
-68474
-58918
-66130
50144
-69412
-60840
54804
69914
63264
74160
69988
64362
77786
68610
61996
-71616
-67242
-65266
-68604
-78530
-71708
-57434
-69044
-72148
-74824
-67722
-74252
-66506
-49002
-74936
-78934
-74636
-64454
-70602
-61912
54274
-50346
65758
54332
-62468
-67850
-74234
-49460
-61768
-67210
-67540
-76678
-75536
-56498
-66774
-72288
-63234
72840
73868
65926
66524
73240
-76396
-72534
-77104
-76314
-75312
-62284
-78378
-55166
58142
69306
58882
-70762
-78486
-65490
51574
69934
66752
70710
71300
74806
67968
62646
-55936
-75282
-75264
-75780
-74382
-72050
-75988
-80896
-68934
-68802
63082
71296
-18022
-71404
25132
-44482
-72120
-59770
65978
74142
76708
79146
61078
75512
75100
68274
-71298
66152
67608
70636
68864
65510
-60204
-67558
-54792
44222
-45708
43574
56846
68066
76322
65572
76554
64120
71072
79514
77074
79386
76906
70764
73672
66068
67716
71140
77918
72886
-74036
-60786
-55394
-72712
-50602
-62722
-67240
34388
-68238
70836
76324
70140
70662
78408
77738
74588
62670
-69344
-78374
-72592
-66514
-75412
-71914
-69080
63582
-30048
60410
-63280
-68080
59166
58340
55874
57448
40944
-70650
-64752
-74964
-72756
-79278
-76602
-64986
-59622
-69204
-76834
-74286
-58586
56832
-58598
64596
70462
67972
61702
76958
67350
74800
72208
72712
73238
79526
77716
66914
-34962
67522
76546
70956
69120
74220
76480
67330
-61060
-9596
-68740
-66474
-55838
-63732
65792
75240
68888
72240
74996
74752
61090
72430
63308
60478
73804
65280
74364
75882
76550
68786
74296
73626
69474
67060
61312
-66786
-66854
-68966
-69462
-75526
-72558
-73140
-72154
-64298
-64538
-76912
-79156
-66152
-78936
-70874
-60106
-76900
-71070
-65764
-72856
-59806
-76062
-79926
-76582
-64342
-61102
-76484
-74368
-76692
-70746
-69274
-74494
-68528
-75886
-76176
-76104
-62510
-50924
-67996
-75862
-72738
-72514
-53302
-68038
-73556
-71494
-76052
-72328
-76398
-69742
-73546
-68736
-72830
-56996
60878
61980
73770
69568
72666
72966
69590
56118
-41626
76750
78588
74206
75600
78188
62540
-72352
-59888
-65170
-73546
-76222
-70658
-65312
-71494
-77448
-76384
-58884
65182
60062
71702
60042
-69106
-42700
-68030
-63062
-65160
-73252
-70272
-68870
-73168
70260
63418
67052
70066
66094
70682
62282
72152
56886
-41496
55526
75930
60744
67642
72598
-73754
-71076
-75520
-55560
-61400
-80874
-74064
-75068
-76044
-69506
-47310
59444
70064
77674
70634
67676
66898
72350
58388
73904
72064
71596
-58846
66176
65244
-54266
63892
65216
63408
-55726
-65296
-74866
72894
77406
75412
74888
66902
68156
58674
67876
55282
73100
71034
74422
67306
-69564
-66956
-72688
-69052
-72448
-51426
-60866
-68988
-72072
-73600
-45798
-68078
-71620
-30588
74676
71162
65676
-65362
-57208
-73046
-63048
64408
61582
-59970
-50364
61588
67958
66486
57590
61672
-62018
65332
-36456
64416
-48000
33338
-76634
-72160
-60968
-53188
-65228
-66138
-61798
-46268
36466
66416
-48660
-67082
-69556
-73648
-74122
-68752
-70650
-68286
59830
58058
-34918
57152
-65702
-8428
63410
66132
-61754
-63078
48918
-67216
-61712
-43354
62370
43342
-73594
-73228
-63236
69050
68390
67738
66256
-64088
57514
-34698
63750
49770
-71026
-58168
-72726
-71126
-79070
-67350
-80052
-79854
-79554
-78548
-49786
-70892
-76654
-74232
-68922
-76704
-68164
-61138
-63478
-67752
-63914
-55048
-68454
-63604
56570
-61264
71098
-76540
-68368
-70058
-68364
-69556
-77800
-51474
65746
71344
74816
72938
75282
64072
69344
-26066
36966
54438
-52084
-75322
-70946
-78160
-78730
-75636
-76322
-77598
-74652
-77898
-77642
-59070
-78504
-73736
-71652
-70716
34156
-70892
-74278
-72804
-71754
-75058
-80614
-77744
-74712
-66936
44292
-69852
-65550
-67178
-77120
-76592
-79544
-63430
-74900
-70056
-33354
-72524
-76420
-68552
-73006
-67626
56864
72522
71302
65070
64636
65948
62992
69872
71644
67100
65288
67444
45952
-28890
50662
71808
75298
63440
33408
-64352
-69262
-66222
-69926
-50480
-68528
-68414
-63868
-55176
41046
-19278
-63302
-76846
-68954
-67838
-46264
-72478
-73060
-71454
-58032
71274
51472
-63352
-74702
-72012
-70506
-76752
-73716
-64262
57736
74778
76124
75768
65002
70034
69072
67540
-65328
62564
74008
77442
74130
73150
76614
76506
79386
75230
59818
59190
63880
71072
73744
77548
74154
79764
71648
79016
79438
73836
70526
68920
59480
-65162
-61322
-64060
-67800
-65820
-64692
-70230
-68106
-67208
-79640
-72780
-77122
-36358
67656
-67830
-42734
73972
63880
60974
-50152
-70480
-71974
-64702
-71938
-73236
-60072
71290
77336
77422
79668
73412
66122
75682
57012
-45392
69088
73588
-70356
-53426
17846
78882
59936
70918
77346
74502
72056
57494
70254
69694
71340
-70290
-62860
-60698
-76042
57434
-64598
-72672
-72566
-81130
-80816
-59674
48262
-30898
58440
68948
71838
77262
71680
71944
77592
77004
70130
73922
77048
71094
62926
77296
68942
60588
68850
67984
69122
60564
-58482
-63216
-68480
-68328
-66650
-63148
62986
73848
64828
69016
68488
-54166
66944
62784
73846
75126
75572
70200
68188
-70114
-46068
-64984
-70200
-64286
-61874
-71106
-79886
-73884
-71084
-52308
-78052
-74578
-68902
-57434
57816
66438
67420
71126
73470
81964
71654
75326
66668
62272
-61748
-70530
32010
-69154
-70592
-62848
45692
-51858
73908
70538
69694
76924
79662
78530
75600
73482
70224
70466
59556
-65602
-73926
-60824
-65384
-68238
-48478
43050
-70184
-48534
64102
59808
76460
76642
69328
68590
49452
72048
65184
63826
-71090
-79238
-63766
67098
78636
74282
69516
62768
72002
65516
66138
52366
76558
72618
72676
51842
-50732
72362
79088
79506
70638
81620
78400
71398
81078
72388
72778
73916
77268
76864
70656
78000
77270
63140
63640
-57664
65732
68908
65804
67488
73466
65486
77550
72162
61860
61638
69148
73062
72988
62128
-60934
-71894
-69626
-68462
-73634
-71804
-64868
-71532
-71956
64942
73592
-64122
-65104
-72654
-76600
-63098
-77758
-74362
70088
63782
-63410
-68802
-67184
69392
68952
69998
74182
76722
52008
-66414
-76284
-77164
-73504
-73884
-73164
-59110
72982
65156
68432
2070
-70182
-69932
-74734
-66696
-71794
-71108
-64734
-57718
43056
-72570
73766
71594
74484
58616
73290
78012
78476
74378
70042
74464
72170
70436
77204
79116
66804
74612
64722
63618
70982
76368
72062
77516
74644
68962
75362
70734
73402
65806
66030
-53632
33922
-65222
-58770
-67964
-62388
-71874
-67608
-57778
-65404
65256
69828
65394
-49754
-51122
61952
-67538
-71922
-62956
73310
75790
58398
77188
71658
65556
74844
46044
-68424
-75056
-67916
-70094
-49204
-73908
-68870
-71160
-66400
-68616
-73328
-74248
-68426
-79450
-75642
-67892
-73684
-84438
-79376
-64968
-62130
30566
63168
-42108
30478
71424
71078
66536
77474
59636
64936
77868
76542
53664
-18814
-79364
-72726
-68916
-69686
-63530
-67634
-73026
-64612
-42222
-49562
-31744
20020
25868
21492
-66628
-64850
-66970
-75868
-32558
55400
62740
72394
65636
-51654
-72452
-65072
-68604
-65376
-72936
65204
72122
64336
-57350
-77554
-71614
-72162
-65804
-73570
-67668
66606
63018
68588
73672
74414
70846
75784
71568
70898
79502
70504
70286
60092
66292
71448
58262
73148
63332
-69722
-53874
74282
73718
65066
58336
70630
77142
73234
77934
68922
66304
69392
60100
71888
62604
-52024
-69022
-64096
-66870
-66858
-75178
-53858
-69484
-72438
-69012
-72914
-62900
68932
67118
69052
-70240
-60508
50428
-65928
70154
73546
74590
72874
76726
48912
70310
-74904
-70406
-66650
-65484
-68230
-67218
-73622
-64932
-69150
12262
-71708
-77550
-78546
-75106
-74980
-68332
-68280
-64736
-59880
-57894
-75630
-79640
-73950
-75466
-70728
-58120
-66070
-69862
-74206
-73256
-70146
-49868
-70920
-77496
-67644
-70298
-65730
-75408
-70522
-67670
-70414
-63960
70198
71602
58956
66720
59180
53592
-52438
58924
65302
75354
69860
52344
11194
58440
67470
68672
73586
59110
-11608
40264
-61578
61428
70042
54798
72012
73508
78274
76412
77724
74748
77008
60512
63890
72174
67372
69560
61946
71300
65858
69088
72164
78162
78898
76780
76674
72428
61874
69632
66054
72516
-68938
-63242
62394
64762
-67264
-63710
-61194
-60578
-61142
-77220
-64854
-72372
-65304
-79052
-73442
-51546
-52230
-72580
-77986
-74988
-69302
-57240
-75426
-73160
-77802
-73388
-78392
-72092
-78442
-74814
-66852
-57220
-68964
-45590
-66990
-57632
57016
-43940
55106
-61554
-63872
-74440
-78298
-71880
-77758
-76252
-74924
57780
-67756
-52122
56244
-40020
66482
73424
77232
74134
77232
72124
76388
73106
75618
73324
69276
56732
-68100
-59262
-72978
-78670
-69048
-47786
57056
-55710
72046
71912
71782
66814
75426
55632
-69662
-75090
-75266
-63484
-76936
-65360
-68736
41020
-59200
-70990
44946
45550
-60112
-81048
-82766
-73450
-65852
72226
65636
68552
69242
73968
70496
82408
73746
70360
67992
72118
-51926
-56714
-60970
-65690
-72194
-44200
-71762
-54106
57354
73640
65128
60688
65594
71824
70264
-70768
-63072
-63962
68334
77132
68024
66976
72438
72176
70992
71868
77208
36886
-67282
-73252
-67712
-63148
-31176
-75976
-78044
-76762
-77928
-73176
-66790
-32530
64746
65340
77578
71198
69380
-66752
-66192
-71818
-77686
-75698
-76900
-79794
-76384
-52232
-74274
-57946
-70088
-74232
-79246
-76042
-74966
-61646
-69452
-76568
-72706
-68840
-73126
-71722
-71422
72760
70400
70906
75230
72846
72520
68772
59672
62528
64706
53208
-69152
-74254
-60176
74502
70318
72052
64494
69824
53294
58724
-71958
-58752
63112
-38520
75724
71358
68510
-69556
25136
-63142
28330
-25202
66568
54398
73746
75246
72958
69118
79350
68980
68132
69864
58976
-68752
-71544
-64286
-68890
-64380
66624
66822
70140
73362
68236
69988
72546
30424
-72386
-76920
-72948
-68472
-71506
-71802
-64830
60852
65062
56414
-66720
-57410
52940
45060
-60334
-60126
67032
55890
55966
19612
-71686
-60300
-68452
-71848
-74478
-72022
-56244
54486
-59176
39666
-68294
-57122
-61952
-37272
52792
67104
-52876
66884
-65698
-48106
-72554
-66892
-61668
-67622
-78208
-68424
-74502
-60926
73308
64084
49452
80762
71714
73252
77186
76380
79680
66030
64280
75110
74504
58750
-75640
-75738
-78620
-63266
-76450
-68760
-68604
-62838
-65594
-75860
-71798
-73878
-71312
-71108
64956
64630
68236
64714
-62328
-58184
64810
57470
71648
75790
72824
74442
59878
-70520
-69436
-64310
57824
-59516
61810
60434
-68536
-51434
61184
-58958
-69786
-67214
-70200
-70902
-65640
-76122
-78754
-65332
-65146
-71190
-73736
-72164
-75476
-74990
-78614
-73778
66996
-71018
-72900
-78530
-67224
-51406
59582
61718
69178
76772
54624
72520
68614
76222
70038
74906
71766
72984
57392
45880
-62444
-51882
47180
-62602
66652
69454
75804
60460
64742
65756
-28108
67022
70978
52296
46426
-68226
-72120
-70546
-72524
67636
77580
79956
71994
65792
58886
-68100
-59974
-70504
-69456
-61018
-70086
-71020
-61930
-71552
-73700
-66914
-67954
-66160
-70392
-56626
-71526
-77334
-69404
-69598
-69090
-72300
-70004
-69438
-56152
-61028
58990
-69166
-63910
-61688
-52094
-73056
-56370
-53446
38620
-70758
-70378
-78808
-63196
-76564
-76330
-75960
-75582
-74046
-62346
76068
74428
54584
71332
63550
-68226
46886
-58770
60644
73354
63888
47366
-63630
-63652
-73822
-80628
-76360
-76658
-74572
-67816
-10542
59276
-43276
67050
59316
67868
72968
73162
62222
-53450
-70150
73828
73722
58476
46058
73526
63216
66340
-68174
-65174
-74076
-63604
-70314
-79670
-70438
-76900
-75592
-77754
-77994
-74834
-77936
-81060
-73776
-68174
-71894
-73772
-68910
-67294
-69440
-77834
-63058
-68138
-51322
-56732
64032
72506
66716
74950
71226
55136
-68150
-60154
-67842
-65706
-65562
-67422
74242
65118
58184
68562
-55296
62324
65226
69380
67448
68136
62044
-62348
-61336
-65838
-64038
-45238
64684
46940
75250
54614
-58060
-63704
-64420
29086
-71166
-67224
-64724
-61396
23142
-74024
-69032
70674
79622
80302
75534
73908
70286
73986
-64764
-61626
-68424
-74246
-74670
-79504
-70888
-68920
-73044
-60656
67856
69280
60878
67924
76758
79430
72214
52602
74866
71684
74384
67708
69472
62936
-74598
-70710
-49858
56920
-55944
55622
-78960
-79174
-79398
-75370
-67348
-61276
-63812
-57048
-64740
-70360
-74062
-58098
-69652
-57370
-68922
-72724
-73276
-67212
-72474
-66574
73284
75038
77680
77024
74120
51768
66480
60990
-30374
59870
68066
65278
63998
-63160
66300
-41762
70124
63004
66152
67066
58582
-35538
70876
55286
-69582
-72118
-61684
62122
75790
75214
78030
68408
69720
70014
55642
-68628
-72198
-64830
-65604
-44438
4770
35492
-57136
60532
51388
70096
72566
75216
65130
66002
79270
65824
-62618
-72050
-75460
-77182
-72860
-76440
-79228
-71192
-60946
33898
-67398
63170
-30614
30484
-16082
-60532
-72350
70040
75950
73574
64210
55578
73626
57478
72160
66450
-67694
-57150
-75944
-75092
-69058
-64946
71380
67822
69144
68248
66538
-71438
-66508
-38284
-79074
-64960
-68716
-73112
-57768
73904
63292
62986
-54866
58466
78050
72508
77706
74580
73694
71116
73208
61896
71724
72902
74702
76282
64734
75536
69446
73818
56404
70836
75000
76042
73706
72758
63438
61130
60344
-70650
-69858
-61858
-74560
-71788
61186
75832
70346
61774
67806
76566
66746
74786
71378
78434
71950
68572
-58210
-68692
-55442
55040
46542
70930
59806
52672
70958
71530
64274
-53120
73356
-75222
-71744
-73998
-71530
-76374
-71872
-60518
-77436
-66048
-66912
-70342
-57154
-70472
69584
-40628
-68682
-66476
77604
68752
68648
71378
54800
70768
68730
72164
53694
72562
71800
60922
-70580
-71688
-75480
-69648
-70836
-68946
-51406
69716
69722
71410
39266
-43880
-63262
55448
67266
62324
66270
72040
49134
-60322
-72624
-66086
-68954
-61198
-69950
-66526
-72628
-61066
51430
77288
78080
73968
62888
78136
59226
72576
66184
72170
70078
57474
50226
-58914
67710
70976
74204
-63032
-71668
-68078
-74650
-71576
-73474
-76098
-71614
-74280
-76970
-68054
-63528
71410
-17484
55124
69960
65808
-28000
-68282
-75666
-79438
-66032
-60566
67206
55578
-58604
65872
72150
68166
76206
80516
80566
75110
69046
59786
54006
65734
50860
69722
67034
71832
61534
65286
55796
77006
77984
68292
75274
76720
70694
67260
68848
56548
-51640
65846
70354
57426
65514
70670
-51656
66490
73102
45338
71650
80954
75902
79020
78560
75918
63740
69672
46860
-58488
59848
68774
51134
76680
71540
62462
-70918
54952
78502
69372
57180
72494
60472
-57696
63670
60686
-59484
-71252
-72954
-73854
-62292
-71938
-76798
-10366
64658
-50448
8480
61664
-64476
-63290
-63948
-68470
-50616
74666
72906
77990
81730
74602
70776
67432
72420
66456
-68546
70966
60672
66798
73974
69118
62642
63962
71834
-47002
69510
66686
-14024
45904
-56644
-69768
-61660
-62718
-68388
-71816
-69472
-71688
-65482
-66834
43412
-70912
-73668
-76516
-71146
-49886
64182
69858
59544
-62748
70848
71126
66572
-59232
60704
-67554
-45286
43746
-72448
68816
57250
-60480
-57972
-66754
-60124
-57366
64550
-65968
-55780
-61006
46516
-69208
-72942
-79154
-73820
-59936
-38182
-70102
-62144
-72636
-67626
-65192
-63266
69794
68932
-13814
64076
57322
62416
64038
63008
72564
69016
67060
-69080
-63312
-75594
-65536
56256
61744
62326
-72190
-75996
-78948
-47948
-69086
-74148
-72780
-73758
-65758
-59352
72628
72842
73072
69506
73588
71652
72720
71306
72206
74850
69896
53154
-64140
-67166
-53112
-72278
-62482
-64974
-57276
-55402
-65304
-77142
-69768
38074
-69904
-64522
-67994
-72368
65146
80200
71262
57658
-63516
-55426
-57590
-68568
-72204
-68130
76066
68652
71966
65898
47580
68758
72912
66772
71060
65030
69136
61282
65294
71970
69522
-27580
61152
66736
71386
73996
73124
76408
51552
-60820
-58060
-75952
-72994
-77148
-77882
-61632
-63988
-69520
-66896
-64982
-69556
-71408
-63536
-65744
-57664
-77436
-56248
52704
-54538
65612
59892
-72678
-56604
76452
74884
75420
70358
57124
75026
72102
62364
65268
-68622
-72614
-78946
-63020
-65874
-73996
-71330
-70550
-71632
-50772
-70694
-76226
-70226
-64044
-64890
-57198
42762
-61042
-68748
-67474
-69784
-74530
-78878
-62622
-72424
-74370
-57336
-77130
-60924
-67174
-70370
-64870
-76090
-71550
-74924
-68220
72552
67862
64776
58830
-73110
75250
66072
76418
78818
76262
70376
72404
63856
62996
68660
71758
76408
78158
76416
69512
69866
62728
79288
38256
70576
73490
78412
66878
64612
68534
-68620
-68294
-73856
-66894
-71302
-69356
-74680
-59874
-66036
-76084
-70304
-71694
-78676
-81346
-77846
-70440
-73498
-71326
-74126
-71598
-54376
-47124
-62034
66368
75216
65596
72118
72736
69784
-69526
-68834
-68712
-70030
-68866
-63364
-62950
-58434
-60780
56606
-62086
-75444
-71668
-68352
-58958
59166
70884
72872
61650
66458
-51934
65384
65142
71452
70092
66712
69896
68482
-63260
60496
71112
58906
78382
74906
60640
78594
78408
70900
76612
75938
68964
-75706
-75336
-70408
-73400
-58120
-72280
-73774
-70486
-55176
65260
67916
-75104
-67222
-68778
-73152
-65572
-71054
-71506
-58680
63806
-74116
73212
76454
81468
70940
60658
-64532
-63240
55434
-26738
48076
-76778
-70248
-77316
-66686
-74508
-69628
38886
-62634
-70414
-68464
-74462
-77668
-76758
-66306
-75534
-74404
-60810
-67558
-59438
-69328
-67442
-64108
-67480
-55068
-70282
-74108
-74316
-75066
-45402
59930
-54264
69894
-57292
-70094
-56180
-62988
-75698
-56410
-72370
-69770
-31834
66170
62874
66054
74610
68342
68768
68972
76326
58676
76294
77438
74062
-59292
-62108
-74540
-64742
54224
-68306
-48154
52758
-52150
43792
-56928
-60160
46090
-67394
-52228
60484
68080
70654
82844
68906
67652
66592
44812
66878
58930
74322
76092
72198
69082
76218
68840
73254
74744
73122
75462
72200
64858
-49694
-66110
68632
-75172
-72618
-75818
-67950
-72328
-71880
-63912
-68080
-65024
60542
60432
-69096
-50624
-75082
-55152
-59684
61916
74054
71506
73192
70264
73550
71628
63082
73784
76170
74026
54614
60910
64020
-59362
63670
59218
11788
-63792
68696
61296
77496
74758
80548
75402
64706
72854
72584
73530
74858
74996
70644
59454
-58008
-50512
-66640
-75734
-60612
-61622
69916
58154
75386
59416
77494
72286
78074
74248
74600
78814
78574
73404
77722
70834
71786
67268
71484
73050
72594
74158
76176
59792
69914
-65744
-58236
74958
71794
78624
69150
71422
-55498
-60844
-54450
-71644
-68706
-68586
-59492
63830
65986
56990
66494
56720
71140
69914
77638
73382
75198
68504
59530
67550
72180
67296
66244
77198
76642
73420
71068
79260
54230
72712
67584
74702
71740
70712
73480
79196
73908
73608
74680
70318
67602
77212
79838
64602
71682
75208
74816
78082
79790
61108
83472
74784
74502
66654
71110
70324
68768
73354
54994
74182
64332
-61444
-65760
-63734
-67024
-65098
-74896
-65770
72122
74686
56868
71410
76216
75144
72958
82434
72480
66068
74894
76338
64550
73740
68686
71064
73752
76852
69368
68708
80398
70840
67454
60758
-62108
-63630
-58930
-66032
-53402
54594
-67376
-68028
-74800
-80304
-67220
-74824
-62340
-66810
-69466
-65750
-63272
-64604
-71718
-71286
-77122
-79884
-78698
-70660
-75430
-72124
-73646
-74858
-72590
55086
72488
79064
73306
74962
76480
74108
63364
76684
82948
77570
78970
67970
69046
71138
71950
74450
74362
78148
77076
77068
71652
75930
78714
76290
71480
73608
80628
68696
72416
60582
-72212
-61368
-68948
-71156
-69194
-66364
-77262
-80516
-76112
-76264
-47184
-63360
-77040
-69294
-77562
-73508
-75616
-77226
-82540
-74550
-72684
-71872
-53700
-70870
-62716
-60338
-71652
-63282
-71038
-67636
-68846
67332
79486
62790
49580
67224
78038
61480
47832
68314
27330
-62402
-72366
-62784
52328
-43294
-67084
-63904
-66494
-61526
58786
-52092
48726
-70302
-61524
-68254
-67628
-69232
-75056
-61294
-69166
-60110
67994
67406
71406
-62384
-75202
-64032
-73820
-60916
62218
-53770
-74472
-51428
58374
-63376
-66262
-71950
-76670
-62730
-64032
-75038
-57662
58654
-75074
-51144
-73238
-65356
-76736
-70090
-69860
-75802
-78254
-51370
71358
74020
71754
77984
76936
71558
78490
67918
-78256
-65254
-70982
-53474
-68226
-77260
-60586
-65054
-71180
-63310
-69596
-72986
-61314
67060
63784
61360
53602
78674
79516
58820
-57824
-70110
-59142
-65400
65152
71496
64912
70012
70628
64856
71074
77848
79458
66500
67134
79186
74470
79848
-46980
61022
74524
49234
-60750
69198
71870
65936
76320
71638
60328
63612
71534
74666
78930
78878
75930
77042
80588
67970
73404
74918
75072
69084
69562
74292
53642
68628
64934
56708
79128
75636
74266
-70738
59322
56814
-70682
-62988
-76326
-69532
-76210
-77038
-34660
78080
78330
65334
73330
35202
-70620
-72916
-72294
-67800
-74674
-76576
-75066
-76878
-79214
-65728
-66238
-80914
-69378
-77670
-57896
-81992
-74222
-74958
-71822
-69496
-69500
-60718
-70608
-77482
-67938
-68556
-74464
-68280
-67664
-68764
-57754
52150
-39670
47476
-65270
37150
-68000
-74006
-66790
-72426
-72196
-70638
-76656
55170
-67088
-65418
-75344
33180
-65370
30164
-62474
-60042
77432
66348
68754
66364
57334
60238
64158
70564
72652
68010
54176
70538
78466
51820
56542
71294
75260
74570
77234
76508
75988
72884
69740
71560
73456
74756
57430
69086
60056
73498
72030
43016
-70532
-66426
52802
-65632
-70772
-52092
-65030
-64174
-72878
-79984
-71632
-61950
-76326
-68570
72458
73310
69598
71370
52446
60148
-74714
-67892
-61726
-65772
-73860
-69604
-68380
-66620
-48156
61772
-53458
-68880
-66186
-35236
-65990
63532
73382
69028
69304
61750
76160
78828
71098
76356
78956
70320
64860
72254
77638
56374
-76470
-74814
-69594
-65440
-68084
-70212
-62048
-64512
-58936
67890
58110
-66688
-58926
62194
63196
-58162
45382
30042
48248
-58962
-71852
-68726
-69664
-68824
64394
-44606
56494
65528
65750
66142
73526
80556
80020
67184
-56238
-70974
-59404
-53786
-70630
-63156
-58926
-72510
-69058
-72230
-64428
-63930
-71610
-71640
-68894
-67894
-62918
67068
68060
52932
-53444
-67786
60004
-66928
-49902
69268
73020
75780
64372
61006
-45622
-67060
-66128
-68188
-80192
-75352
-79904
-69964
-79024
-65892
-60902
-62254
-67678
31964
-69106
-69294
-73844
-74870
-75070
-79818
-75756
-72574
28162
72296
70536
64398
-74498
-69816
-73896
-72526
-73554
-41200
60400
62688
65414
-69346
-69736
-66616
-62800
-68734
-57616
-73628
-69996
-70698
-78230
-76356
-76422
-43764
-67260
-73570
-79160
-73368
-76370
-58230
-70838
-70480
-68916
-65884
56682
-18900
67060
56824
-59426
64476
62830
68488
62932
62662
73740
73748
61274
60708
-62962
67470
59580
-59106
-50344
47658
56774
60330
-70712
-64236
-72726
-32952
60174
-71180
46520
-61202
60754
-59228
70398
63130
-57758
-59898
-68980
-63262
-72840
-77656
-65110
60486
73194
71800
71910
75468
69492
73588
79462
78462
73904
61944
63386
77498
55648
-62592
67486
74262
69022
51492
-72736
-66086
-77572
-62976
-70862
-73094
-64082
-81940
-79088
-71740
-74194
-68040
57446
-70888
-72264
-73512
-64114
74834
74796
76692
68846
76362
72160
75708
71732
78278
75344
71462
74034
66158
66784
52368
-53036
-62576
-71660
-48868
-72234
-71164
-62904
-74100
-65708
-71752
-67286
47286
-65832
-49772
-67416
-63492
-59472
-70510
-68832
-75336
-72606
-75016
-73102
-76340
-65120
-75846
-74766
-64968
-69668
-66204
58182
48586
-67100
-61680
65208
-66354
67020
76556
71308
65490
67350
56908
-55538
49982
-60734
45196
-42044
22632
71974
72050
-51874
-61680
67364
76594
60280
-68080
-75992
-69718
-66628
-56590
-69706
65800
-28788
70032
-74108
-69742
53518
63606
-39036
-75148
-66150
-61206
-56366
69096
67200
59884
68580
49686
-67218
-73154
-78320
-74626
-76388
-58104
67232
69042
51516
-73212
-69338
-66726
-58644
-59106
-61406
-65618
-68750
-52804
53878
-55226
42956
60838
62168
-54600
38058
-65460
-70318
-48782
-73924
-65310
-74842
-74842
-39656
54048
-53038
-73798
-61858
-58184
20602
-61972
53234
71296
57498
61438
71058
68378
69894
77538
54846
-58010
-39004
-58082
-59166
35268
-58506
62736
71324
76998
73616
54602
-73976
-80118
-76538
-76296
-72964
-72634
-72154
-74966
-74248
-73660
-60028
65418
69612
63044
-53558
42510
50480
70010
-63430
-66376
-70754
-72292
-74100
-80152
-70110
-77494
-76824
-74630
-64494
59014
-62674
55114
-64520
51644
56764
10364
-74678
-67838
68096
78220
70430
71432
78074
70850
58768
70038
-44824
59884
-28406
33044
-33530
-2950
-51344
-53948
70682
41352
62104
-63628
45820
64614
77652
47030
72996
70728
70032
78178
71456
74704
78044
68952
52034
-53122
48814
-77930
-69792
-73096
-63714
58934
62676
61550
-57414
51318
58388
76172
75258
68294
64762
65950
66696
73746
63818
-69080
-36632
28036
-67788
-74964
-60082
63754
59276
-71324
-77606
-78054
-79844
-63700
-64146
-73062
-63588
55722
-42848
73546
65166
73686
78808
78358
72652
67754
63986
67802
59144
69550
71648
62000
70446
69914
73802
66800
69450
50116
-48528
65658
70058
70716
60920
-68014
-66826
-63998
59684
-67524
64476
-68306
-57740
-53872
48528
62784
70256
68750
65346
73270
64368
67060
60488
-57620
-73514
-68022
-67628
-68800
-73398
-79392
-59168
-68492
-62496
63468
75810
64580
-55708
67884
58846
71340
73846
74340
69144
71248
61120
57730
65042
64468
-65192
-79330
-77404
-78100
-67734
-76822
-73846
-70276
-67186
-70624
-74288
-67046
-65154
-66032
-58624
-58492
-68000
-55372
73804
68174
64500
62876
56306
-56676
-79806
-73780
-66686
-58482
-63042
-73334
-69896
-72926
69394
65134
65720
78508
74594
-56972
-55162
-74854
-77114
-79242
-77416
-76672
-78548
-72826
-76996
-71976
-60698
78004
68552
73444
69440
75746
63428
63508
73982
72940
61558
78042
73908
68464
67914
64956
-75602
-71610
-62520
-74694
-76986
-74182
-74846
-77236
-73932
-77368
-68398
-76474
-74930
-77986
-71318
-66738
-69762
-73300
-73202
-72388
-54108
39616
-68318
-74790
-65062
-74834
-75008
-74714
-78300
-64476
70926
75236
71218
75826
71798
80328
74384
72782
71884
78828
77718
73002
69692
69018
70300
76008
70754
74284
62620
-60990
-73034
-70266
-55100
78170
74880
68374
65164
63324
72278
-73364
-75164
-66876
58306
67900
67098
-61714
55218
74876
62406
66938
70026
58852
68470
-62008
29526
-58216
-71800
-69460
-57914
-77892
-69530
-76250
-73984
-71204
-71424
-44918
14746
61638
-58348
61134
69144
71126
-57702
-44930
-71062
-49650
-71144
-56602
-63058
-71766
-75006
-60026
49662
-69240
-62128
-65512
-69528
-79296
-69690
-77572
-70562
-68422
-68274
-79672
-73106
-71476
-54316
-63984
-65870
-67990
-77922
-56080
-61104
-66076
-61072
-69582
-54348
69918
59944
66344
71454
78884
72832
80144
75838
66808
55740
-50018
49050
71074
71312
80218
71696
62526
62268
-59560
73290
53722
-44904
69266
70316
48708
-78334
-75080
-69790
-75842
-66966
-75156
-73246
-76244
-69420
-72684
-77502
-75572
-66976
-76092
-62638
-76544
-76632
-78582
-71760
-56104
-74220
-68638
-67226
-74230
-69194
56094
66194
70308
66768
64786
63678
-27622
68796
75284
72084
62010
67282
82030
82298
66656
78608
67656
72130
75888
76748
79612
73172
72858
65430
77184
62430
69756
51128
-47620
-78580
-80442
-77410
-74202
-74330
-72098
-75820
-64982
-71650
-58922
-74658
-49572
-74222
-71308
-70074
-73990
-75462
-75290
-73490
-57786
-73024
-72632
-61014
-67758
-73718
-73714
-77748
-71178
-71878
-65406
-65750
-72532
-71592
-79296
-61652
-54638
66354
-68912
-51180
66014
74552
75178
67418
64286
-67124
-65778
-76010
-63660
-63428
-70022
-67982
56024
-44452
67302
52670
63402
68170
59276
-52422
74580
68426
60114
-68288
-63160
-59786
-72324
-75228
-73570
-66784
-75968
-73310
-80314
-79002
-65420
-61646
-48426
69950
53596
-58726
-56476
-64270
-74830
-76710
-53728
-73970
-75198
67926
66514
62896
-52336
58696
58102
-60602
-69460
-62910
-71542
-58164
27494
-73358
-70498
-69064
-71906
67566
-61948
-69156
-68442
-66838
-75742
-69556
70912
68296
73032
72552
70250
70034
73178
65558
68250
71510
46700
-50048
-66010
-73622
-54830
-53574
-69140
-76532
-69080
-69666
-61368
-69638
-76098
-72296
-73166
-78396
-76864
-62826
-68504
49704
-48726
46292
-70300
-69086
-56996
-61620
-65886
-68122
-74964
-70316
-72000
-73370
62812
-38686
62766
69534
53062
67702
-70702
-59870
-73956
-77236
-71308
-71922
-72538
-73936
-82302
-73918
-64336
79624
70628
64864
73094
75678
45116
-64888
26028
35240
-38388
52282
-22310
-59700
-60990
49320
71864
-63660
-63834
-79020
-65878
-70470
-70190
-75964
-76682
-69404
-69352
-71962
-65888
-67136
-69800
-75284
-72616
-57466
-63692
-39036
-75306
-69642
-73020
-70484
-76106
-76334
-78120
-77092
-66350
-63222
31888
60308
70254
65842
65440
72940
71080
60082
49734
66838
73158
72118
74284
69210
79712
72848
75956
58392
66508
40452
-67142
63468
-79430
-76316
-70570
-69804
-74094
62216
66068
64642
67486
64136
75050
78376
77310
76162
66914
74746
65564
52266
-58674
28956
37692
-17476
-64888
42040
-65726
-68164
-73258
-66522
-60146
-47214
-41982
-56168
-66692
-69640
-53834
-70204
-54992
70542
57374
72666
64818
73168
71684
75856
72218
68550
74700
66864
73732
69744
65902
74934
77960
83102
76074
70568
76168
77046
43698
75578
65002
56620
-44492
65796
60182
60192
64782
74536
70798
62546
71050
74970
73518
64614
75142
66504
76836
54936
60362
67406
-72888
-77004
-76132
38480
-70484
-71288
-58916
52812
-66648
45242
-79930
-77204
-72966
-75218
-79836
-76408
-77882
-67320
-68826
-75282
-78166
-72352
-66062
-71486
-73108
-70250
-74352
-64724
-65582
-72118
-50970
-62048
70620
-70598
-67152
-58798
-60124
70364
68296
78668
76164
59322
63472
68128
73434
74584
58218
-59994
-61080
71090
-41864
-50072
36642
-61368
41986
62068
68946
74328
73880
76500
71230
67278
60446
64430
75060
-59992
-54936
-66022
-62602
-71520
-65550
-73780
-59520
-68192
-64724
-61532
-62654
-66796
-67412
-69660
69072
72866
74232
70608
66006
70152
-62784
-63836
-73864
-75210
-72224
-70862
-53072
-70682
-75058
-62354
-69950
-75924
-69974
-67686
-69072
-73586
-77478
-61382
-72156
-66120
-76058
-55920
-73168
-77578
-59242
-67212
-50488
63496
75044
69402
71092
55990
-60132
-70338
-62772
71888
73284
51536
-58410
-67714
-73586
-73570
-46882
-44158
58808
75750
74160
73084
-67532
-75386
-68298
-76310
-72608
-70716
-66302
-72732
-42406
38620
-64988
-72434
-72710
-45808
-74596
-62618
-79956
-72456
-73794
-79700
-66952
-77898
-36836
-61684
36346
-74220
-67710
-63798
-74684
-79066
-77592
-72612
-70836
-74502
-76032
-75920
-75850
-64522
-53426
-39946
62214
-41396
-60144
-66806
-71266
-55788
70706
69676
71018
-54172
71826
73752
73026
73548
70056
56714
-64354
67814
72150
56020
67404
68486
66140
62896
64554
52320
57724
50886
65372
-69190
-64848
-69206
-61074
66590
74780
67524
-56934
-51256
32454
64360
-68942
-81726
-69040
-71098
-69874
-77314
-72620
-69978
-73830
-76796
-70740
65838
74980
61484
61840
66754
-58518
-68456
-67520
-67212
64926
-63996
63602
-36404
56936
68108
69390
56370
-75214
-73734
-63888
-64462
-66924
36272
-49026
-44094
47532
-43912
60324
-63408
69356
-10310
55882
-49790
-20732
61542
58074
69684
-49994
45822
67086
68712
68164
73414
76830
65434
75916
60144
65724
-65050
-44268
58264
71522
-53498
-66066
-68274
-72306
-68150
-37548
34226
62536
66426
67896
68106
73526
72832
75906
60540
74884
62394
65136
78910
77652
81578
81742
67306
67020
63440
72864
72804
42570
67430
-68432
-69602
-75022
-78054
-76250
-66246
-50102
-71638
-64022
42632
-38552
-68086
-54096
-72648
-74370
-51976
67482
71556
-62566
59684
-73398
62242
-66026
50602
-72342
-72516
-61130
53646
-65448
-66560
-68102
-75048
-67476
-64882
-58604
-62916
-63060
57170
-16032
-65314
64160
-69130
-68976
-65286
-63352
-62552
-75170
-76746
-77096
-70056
-80498
-77866
-71088
-69756
61084
71100
70158
70488
78624
77266
60840
82152
79568
77388
71344
66444
-63072
69596
70302
74900
64940
69160
72218
35184
-54684
59858
66258
77878
75160
74550
69662
64186
62648
-68036
-53766
-32068
67548
56964
68122
68026
71802
61972
63716
52706
-42872
-73608
-68754
-57414
-70946
-59950
-70972
-68030
-70624
-77378
-70584
-70594
-54620
-55138
66220
64908
69008
-31144
71870
68196
71126
73188
63754
64914
64450
81258
79438
23844
-68712
-59800
-74318
-68830
-77452
-72996
-70280
-69612
-70258
-67140
-66488
-75622
-68416
-73606
-78964
-70010
-62138
-3544
-60910
-67396
72134
66260
74552
63222
-63584
46410
52598
72922
69420
77018
-72756
49776
64464
52632
-70686
-64304
68986
71672
65758
61832
58250
69932
74452
66176
70552
71426
74950
61844
71662
57514
66966
7332
-55346
65938
79466
65246
57904
68904
67794
52732
-50772
26778
-47352
62174
61622
69360
76894
78456
77554
75548
72864
77424
79260
65734
68660
75864
69720
40014
-67124
63618
62328
66036
62728
-68622
-77206
-69226
-76710
-74262
-73576
-70258
-68226
-59368
59338
67504
68354
72148
76944
74650
73650
67196
76602
70910
-58234
-71064
55810
59870
72044
73044
73520
-63876
-59336
-76412
-39148
-62196
-4158
71506
66550
-60606
-68216
-69894
-69642
-64150
-60988
-67794
-55574
64224
73520
66632
65946
65918
74010
69878
73274
69400
-73044
-55954
64464
77230
77062
64902
66194
76678
70612
61170
75748
64042
69212
63294
61312
73210
54796
-63138
54098
73060
67084
53400
-70704
-61700
-60538
-69760
-53644
-71856
-72396
-79532
-75864
-65184
-53728
70372
71222
-48202
75168
62554
-70712
-60728
-72506
-55620
-70590
-78018
-70224
-71006
-74906
-75066
-64788
-68666
-73022
-68750
-68838
-76332
-61786
-70906
-63826
-72084
-77198
-75030
-76404
-79328
-73196
-66522
-61508
-73106
-73326
-70644
-76588
-76728
-75668
-70090
-68852
-70820
-67128
-71916
-66896
63788
75762
70262
69696
76774
61752
-24724
67514
-54532
78382
61178
73690
78584
80746
78164
82384
78420
70246
69458
70424
69440
68680
68740
70456
74228
67752
59082
64136
66196
-57548
58958
72206
66870
62208
63842
57152
-71350
-63274
-71740
-71528
-69538
-68818
-44958
70658
62604
23510
-48030
57276
-62814
62618
71862
66108
68818
70636
73966
63702
61412
64326
67228
-67348
-73644
-74122
-49596
75624
69064
56996
64546
69698
70460
73652
63832
63216
71218
67338
70120
46324
-66772
-74188
-74456
-75358
12582
70978
70276
75850
72290
51856
73050
71272
70344
73716
67954
78184
72670
74412
75572
67630
74582
73002
64614
64958
-72194
-77064
-71058
-65526
-59896
68616
77614
78272
75096
59994
60614
69952
66536
71560
70446
73456
71512
73992
66708
68446
64228
64844
-48510
-74682
-64124
-76296
-64802
-62214
-78972
-82690
-78970
-76108
-74796
-73108
-67534
-72922
-60670
-81048
-70464
-65402
-60930
-69898
-64290
-72324
-75786
-73242
-74732
-61270
76046
68076
58644
-68564
57804
56462
-20902
69478
-71406
-78414
-65912
-64514
-69370
-64690
-71364
60152
-67964
-64264
63846
51786
37046
-63618
63978
70822
72782
66064
79080
77950
68800
77936
69704
72222
72900
35956
75558
71270
69742
63320
65400
63336
65788
72316
69646
64224
75064
60704
73374
-60754
-72684
-75832
-66832
-73066
-55976
-71846
-59596
46072
-56512
-66860
-68156
67742
76350
64362
61418
58780
-68510
-69180
-68518
-77484
-73088
-79094
-66826
-70892
-71496
-67536
-57866
-72794
-65652
-66598
-67880
-71504
-52722
47432
70258
75240
72166
73602
70192
66462
72428
69644
-78802
-74732
-71758
-70028
-67328
-65778
-72372
-68638
69348
70436
69378
76466
69348
72370
65416
-70536
-736
-51390
-74244
-73572
-71202
-72212
-71220
60672
55280
69074
66148
77636
67722
-69852
-68994
-75652
-65208
-62486
51360
56620
-46406
-66298
-77454
-73230
-75778
-79678
-71194
-65704
-76686
-71514
-74308
-75790
-68086
-66562
-68020
-65260
-71304
-58312
66704
70212
78062
76142
69936
50116
68442
76726
69386
61932
-69714
-72978
-73348
-63600
53276
-51608
-68688
-68110
-77776
-73594
-62016
-65628
-74328
-74722
-63486
-70638
-72652
-65708
-66506
-70004
-72720
-58038
74196
74046
81862
77404
78232
85512
73846
71818
69012
69102
-59650
-79090
-77018
-74352
-69898
-71740
-63952
63100
71688
76078
69144
-78602
-78206
-54118
-78754
-74410
-72362
-72722
-71682
-76416
-67256
-56232
-70802
-64812
18248
59560
-37024
67694
64014
69372
79500
76664
66728
69490
60752
-59378
-49528
-72684
-58042
-70612
-48328
-72598
-70058
-57588
59036
64958
65450
60398
-10652
-71472
-78928
-72644
-70014
-58220
57978
60304
-31204
70102
65794
70512
78402
76084
66974
20296
-43844
44952
-39630
47478
-55532
53330
69062
68966
71864
64758
57372
50102
-54942
-64424
-72126
-65862
-75008
-67682
-60344
-58206
49966
61648
68874
67684
66174
73790
69016
75210
73178
74536
73988
61752
46012
75796
70976
72398
67456
73310
62074
72792
70042
69394
68712
73784
72962
75096
55772
71430
65704
-71306
-64702
-67032
-64976
-79850
-78412
-67716
73748
69838
59588
74504
66140
71594
74644
78198
73614
75666
68942
69216
67082
79460
78426
78136
75140
58096
73250
70706
77148
59724
72332
76652
71340
68102
-71468
-70042
-57218
-67988
-70450
67732
64720
-72354
-60930
67342
68914
46880
-56930
67266
64166
64206
75090
-68418
-61782
-67028
-51648
-41152
66672
65890
71206
69452
64892
69120
77248
68824
67812
70220
77934
71900
65208
49088
61182
-55324
-50836
-74290
-78814
-75090
-75568
-64752
-76364
-67676
-61542
66678
70086
78860
78122
74648
70082
73438
69310
59436
75850
62588
74722
69602
75352
74540
67698
64132
72496
65426
74808
57960
71646
60242
-37072
59328
352
-57800
48974
59976
54610
-71390
-70330
-71976
-55954
-71836
-66012
52422
71088
-71996
-74864
-78106
-74210
-59464
-73134
-57494
-70190
-75992
-74268
-66060
-66114
-61076
-65110
-71950
-69688
-75174
-74000
-75878
-80658
-73628
-73186
-69660
-73020
-61756
52736
-64940
-67726
72626
73496
-61714
64932
63412
69674
54124
-56872
-74730
-70540
-59526
-70834
-62808
-61284
51366
74010
66782
72854
58918
78650
63152
71768
47864
64062
68496
69052
72260
67776
65436
69544
60912
-52068
62844
38480
75872
71770
71028
71646
70706
69270
66516
78468
73720
68914
60756
60076
76552
70096
67950
72222
64674
-64138
-70792
68668
71556
69848
57626
-62014
-73728
-69794
-79080
-69142
-69838
-47534
-76960
-70138
-74384
-73370
-58524
-66052
18498
72398
67058
77656
70094
80440
79598
78882
76796
79008
52988
58676
63002
67806
66020
73206
72854
73420
75392
77498
66488
-50606
68910
68238
78076
68026
78434
73446
77662
61958
60374
69680
69304
67568
58480
73558
71928
76940
65274
77848
74674
73758
68880
54786
72100
72834
62358
55326
65532
-63360
65112
-62902
-60628
72714
68404
60544
-65474
54410
61666
65024
75484
68846
-66540
-66540
-54696
-69238
-57954
-67570
-51412
-72930
-75336
-68378
-76890
-71788
-72938
-67562
-65722
-48800
-70772
-65378
-72326
-67676
-80224
-78532
-68380
-78724
-78248
-75678
-60598
61778
75992
74702
75270
60508
64838
59054
-62960
-68704
-67368
-60306
-69008
62858
67456
69620
74634
72896
62090
64394
-64316
-62052
34658
33484
-60510
-70646
-74044
-66572
41824
-66402
68004
70432
68728
70710
50272
-57764
67406
63440
56966
12546
73964
67438
67238
65308
-54758
-73170
-70608
-65292
-66190
-67104
-63852
-76492
-73336
-71704
-75384
-72490
-70168
-72276
-73216
-67850
-77574
-78068
-71076
-74918
-71748
-76844
-64410
69900
66586
78864
74476
70300
56522
69694
71422
61950
72294
75312
73092
67990
64478
-67602
-74676
-66600
-66352
-76758
-81206
-66224
-70086
-51878
66590
60696
72966
64414
71698
65150
-64556
-72656
-71128
-74320
-63760
-66970
-63400
-75050
-64704
-63316
61060
70254
76420
70700
71142
55556
-73776
-72864
-75124
-68602
-66074
68508
75040
68910
61784
75858
69238
58446
-65840
64792
-18018
-65664
54788
72228
65686
78022
64570
81818
76774
76510
63748
50934
-70332
66622
72128
63768
62012
-74520
-65558
-60082
-67838
-71036
-62464
-76468
-79082
-66866
-69068
-62734
-59612
61812
-45366
-60716
63808
56006
63152
-63480
49394
74682
71608
83774
77884
67998
72666
64958
68740
71444
57494
-73792
72728
73126
72560
66194
68658
67980
79186
68206
72758
77564
76348
72020
69998
-63926
-63172
-54814
71642
68564
74722
77340
73350
76176
66472
72876
69672
-63516
-73326
-66916
64552
-64866
-65978
72250
76822
62340
52058
67644
-73268
-69694
-62774
-74024
-73906
-73574
-36034
61900
-50832
67076
-58626
5666
-36332
-67236
-70600
-66942
-59082
-75456
-65536
-65548
-65196
63068
-75446
-69066
-60062
-70854
-78808
-80776
-84818
-75162
-75444
-79664
-74642
-66606
-70460
-74556
-72998
-76694
-74954
-70958
-56370
-75666
-68376
56274
-63820
-76472
-81290
-74956
-77812
-77084
-64978
-64202
-75806
-72624
-77908
-75438
-65794
58978
71678
76202
70976
71848
69838
60248
67844
72098
73392
76118
70100
48984
-58418
-72630
-78008
-77380
-75158
-73850
63002
65216
62172
73874
76770
78286
69422
74860
77498
66288
69866
71944
65204
-47646
32464
-66364
-71688
-71526
55210
55764
70564
71564
74550
76826
60842
60380
-47934
-58158
57244
13696
-63328
57292
-64092
49466
63124
53558
49142
-57648
11478
-57844
67342
68090
71042
72898
72066
72984
73732
54204
60316
-47822
62242
72212
65380
74566
75922
-69678
-65402
-70366
-65432
57216
65616
57388
-31936
-41446
25026
74376
69180
66208
81186
70856
72830
-75412
-45538
-69472
-78044
-77998
-76196
-72268
-77132
-76380
-72134
-78132
-69668
-54918
57932
69046
56688
68148
74234
63918
73958
70658
67010
63006
59466
-75146
-68440
61920
77112
76178
73438
67142
65910
59256
64772
73000
71512
73874
72476
49080
-57748
61272
-47188
58128
-36190
68968
-68068
-66844
-37730
-75148
-72976
-76848
-64554
-78076
-76420
-74896
-79326
-75100
-71674
-45174
-63714
-64820
38140
-39070
-68000
-69754
66944
-67488
-78270
-78958
-75928
-71504
-65550
-63748
-76366
-70464
-71018
-74256
-76502
-74438
-78046
-79162
-78364
-72492
70056
74996
74766
63224
67314
58134
75134
36022
71862
62460
67932
66340
-63940
-63920
-56832
41730
-51484
61896
-74190
-77848
-62388
-68424
-65980
-79108
-76528
-73984
-71042
-66016
-66938
-52850
40574
-59436
36584
-55256
-55494
69828
68168
73022
75354
55856
-68128
-65574
-65754
-72542
-75672
-64036
-59122
-71606
-64584
-71698
-61870
-64670
-18530
-25904
-69554
62890
75284
74598
73100
58452
71808
75916
73966
75664
50564
-57778
74716
75566
67078
67006
72516
54274
67632
72438
61890
-58222
-74832
-70050
-62882
-70874
-67498
-71600
-43770
60506
65116
-54012
-63718
65172
63342
62402
65310
-62780
-60320
-70042
-71318
-73786
-73794
-52424
-66702
-74794
-70244
-69902
-73378
-54998
-71364
-74154
-60858
-74440
-68458
-73884
-67538
-79466
-74744
-58730
-68146
-77090
-78496
-75876
-75058
-74430
-78990
-67094
56906
70530
67326
28416
-71602
-73838
-70040
-74366
-64452
-64754
-48672
52806
-58536
-70728
-77712
-79980
-76952
-79546
-66028
-64406
-52298
40314
-56956
-63948
-69486
-45418
38700
75686
-12902
77532
77220
76824
74328
72862
66268
70386
70814
73192
65222
67406
-67854
-67106
-64938
-52002
65464
72358
72524
52828
-58874
-71726
-70144
-70656
-67732
-71808
-66950
-67826
-68442
-66154
-67636
-75890
-78270
-74294
-70548
67980
66988
67282
77692
70376
70486
72342
67116
-56174
49912
70308
67506
56754
69840
69222
66766
63968
57252
73376
75884
77658
73220
71102
72864
76560
76034
70844
74890
65366
52486
-71330
-70186
-70198
-63372
-75986
-72936
-53932
-66856
-65682
-59094
12328
-70416
21910
52648
-73704
-67052
-70446
-60074
66248
41250
65248
61168
61394
67180
-64376
-64368
-63064
-69082
-53660
-64832
-74120
-58036
-60582
-69454
-57956
-17552
59344
60776
61738
-74936
-69564
-17822
22832
60454
-31824
58258
-73988
-67496
-81746
-70146
-70602
-81716
-78926
-77848
-70160
-70532
-71044
-65318
-67124
-63870
-72220
-66200
-58824
57640
-70484
-68830
-68922
-76884
-67518
-61658
-75886
-74504
-72588
-54670
10688
-57560
-71856
-71166
-65916
-69446
-61688
59908
-64502
-51892
-64492
-65784
-69220
-62818
53398
17902
66556
45594
-47046
50600
-47486
68486
56704
-74632
-71382
-67734
-64038
56298
75972
75902
72342
65546
57660
74636
80492
75142
68930
70288
63788
78202
74886
55480
-66230
74796
77418
71886
78276
71112
79210
72470
50938
-61818
60340
-55622
62920
-47362
52524
-59380
-68276
-63774
-72094
-68358
-65380
69676
69204
66550
65704
60900
58946
72574
74586
45566
46544
-55820
49484
74586
73842
68868
69232
72486
66528
51884
-36520
61550
-70014
-78658
-77976
-65698
-77836
-70878
-44876
64608
59438
67360
73566
71048
67162
74994
73108
66968
57302
-30014
65718
-72172
-72192
-75726
-73968
-69578
-15460
72056
46628
-62444
-71562
-65318
-63354
73394
66440
66396
74652
74466
75450
81344
70350
64034
68498
70942
74692
62966
71386
73696
68472
81812
73612
63594
77436
74146
77772
76536
78156
76154
75194
69172
76892
69916
-70500
-75120
-66278
-64468
52082
66648
-68220
-73066
-76550
-65142
-63592
59368
62426
1726
-64262
51990
55266
52400
-65492
-74816
-64732
-75252
-69234
-62142
-70764
-63448
57644
78890
67884
-69394
-61276
-73832
-74696
-73518
-59018
-66478
-67006
70406
-41698
-64842
-63408
-73006
-67868
-70396
-70048
-63970
-65102
-70124
-65550
-73612
-65866
-62442
-63882
-67236
-57088
-72428
71404
68978
77842
71920
71248
73976
47062
65616
71734
-32560
10582
69542
-60188
63390
70584
70096
72566
69526
70954
62944
71446
-65220
-71344
-75918
-80914
-71558
-71502
-73162
-71884
-80920
-77154
-74040
-75226
-70428
-69978
-58868
37458
35244
-37978
57482
-70012
58674
65720
75016
63896
78958
72070
67132
70630
78696
64994
54006
73242
77736
70416
-57102
-63150
-57334
63192
64142
74412
77350
73746
58870
77856
50888
74488
68634
75152
63228
63654
64312
42960
-67864
-73256
-71096
-71380
-70738
-74652
-73174
-79876
-73984
-75960
-64792
-73172
-65448
-62118
-54748
-61198
-73836
-57130
-73716
-62098
-43708
69494
72842
73534
74116
67066
65494
52890
-57658
61968
-62648
-50114
61168
73550
56482
74334
74586
71016
57266
71682
71044
76870
72260
72928
64206
72862
63714
67934
75190
60148
-66250
71474
65574
67658
67656
58182
72948
69354
58848
71354
51870
76912
45654
3794
-75128
-73842
-77052
-76346
-72058
-77588
-65962
-59484
-77032
-72968
-68440
-71074
-67790
-74436
-75604
-77974
-75302
-78672
-72022
-69328
-69840
-61634
-64532
-67810
-54502
-72826
-80602
-74680
-63274
49758
-26026
-11702
40990
-46444
54310
-53498
63588
62952
57348
73450
72056
74706
53688
74344
68212
59048
58018
74756
75710
80584
67184
75354
61106
79348
68512
58698
64310
62906
75128
61634
70640
62930
-77292
-57746
63650
65070
78518
78880
66794
-69306
-69598
38124
42728
-66688
-70816
-57080
-72342
-75618
-74516
-78334
-72914
-72390
-50022
-71130
-75354
-70662
-72522
-64066
-55222
-69566
-62824
69386
68260
67272
71774
72804
72988
61578
57378
61586
-61194
65562
73068
-48160
-65124
-55820
-71328
-56548
-65544
-63532
-61998
47234
-78644
-75108
-56796
-69994
-72014
-71282
-73500
-75944
-75830
-72846
-69732
-68502
-76432
-79582
-71268
-67514
-72394
-68866
-72002
-66008
-68048
-70784
-69960
-68978
-70722
-73876
-55700
-67354
-61690
-58530
-73588
-73224
-64480
-80350
-76800
-77032
-67886
41072
69052
55620
-74322
-69018
-62070
-69712
-75232
-73578
-56904
49402
70662
70080
59654
59214
76472
69922
57122
75040
62918
6036
-23434
-70902
-69326
-61622
-76300
-67008
-72346
-74520
-76506
-47742
-67512
-72088
-64016
-63674
-72290
-64578
-69936
-65396
-64798
-67474
-68114
-76378
-78126
-59766
-56848
-69884
-61358
-60876
-73930
-63646
-71608
61576
-68964
-68360
-25288
-59008
-68790
-64936
-65728
-75202
-69552
-67340
-69386
-73184
-67234
64898
4208
-51430
-61398
53364
-62454
-72734
-65806
-69646
-71448
-40484
-74210
-57772
64364
71532
75652
70610
70604
74792
55036
-73406
73782
41644
18632
-68722
-61996
45036
-60240
58262
-8168
56096
67642
74356
69522
73008
63710
63388
73248
68718
61220
61854
-62416
66500
78758
74616
79624
73998
62030
70418
76620
67284
78386
68476
78592
74782
68548
59878
78838
73264
69864
52290
52566
-58572
-64496
67952
68806
-57514
-38774
70416
74674
77966
67060
79722
78606
77996
60656
72874
76968
72326
70520
78004
68096
68332
66796
77416
78334
77242
74194
76534
77884
79180
62350
60124
62318
65336
71290
68946
70488
65682
66694
62792
-75436
-70192
-74130
-76404
-77806
-72510
-77450
-78638
-76246
-76454
-67770
-71430
-77294
-77986
-65508
-63876
-65582
-71004
-66588
-70784
-61100
48482
-56494
63174
72730
54830
-67754
23458
63504
64086
-65630
-62632
55292
75854
57838
61930
75396
78734
64024
66024
71024
58956
-65498
53900
59874
64322
79754
66804
59284
-43932
-69074
-65610
-68840
-64612
-66150
-65546
51704
67252
65072
74086
60482
-61478
-35552
-26926
-58736
66330
70718
65970
74234
75290
79776
83084
76002
54894
64140
-70828
-74466
-67528
-57332
66170
-55632
61108
71466
76026
65470
58324
-46338
69952
66546
-50368
68100
66990
67038
63920
70108
57130
65056
74492
76674
70166
75600
67906
76414
72984
76800
76896
68110
72904
62066
76236
75104
68016
-62070
-52684
61946
-67142
-73480
-72436
-73226
-57688
-30430
59852
62568
69918
-63034
-60222
-57914
53932
57890
-74754
-71156
-61236
-73502
-63428
-66246
-77630
-69668
-56100
65710
74324
76248
75782
55444
-52706
70970
72222
54274
51988
67430
75382
77460
70516
77606
73788
78592
76634
53266
69584
-61694
-69138
67236
66510
64708
67456
72632
78440
72796
71088
73134
75922
46680
78906
47850
-70596
69190
61064
68408
74366
62730
-63748
56718
60932
69408
73112
74066
78974
76308
67230
76458
78470
75534
71338
58684
69468
55936
62716
67094
67548
67838
64546
74260
61198
71946
75914
48360
55930
-39186
69294
-57138
-68524
-69832
66436
76044
67010
76166
75948
74282
78280
69562
69104
58450
69616
64704
-56644
-70176
-73754
-61210
-75770
-63142
-75560
-68852
-78098
-53188
68746
68450
72154
77810
82238
77256
73058
59564
76044
72150
61902
63132
-71436
-69198
-65530
-77780
-65462
69184
-56658
64366
68794
-66862
-71010
-68598
-72570
-61570
-67448
53430
62994
64566
50120
-41398
55752
-65788
39592
69342
61658
52088
66096
76282
76830
61168
70658
75690
73302
78234
63400
74058
74208
75340
71520
71360
73572
66984
59118
71340
72724
76692
80680
74834
64076
73312
78476
65972
70248
72776
66932
69662
-48644
66706
70894
73742
69788
64202
68948
66922
65150
53888
-70278
-58570
74618
74878
62112
70178
66420
73804
66318
71044
78142
64134
74214
63066
74378
64534
74294
63120
70308
70962
72158
65276
66616
65090
57416
70760
70870
59654
71172
57874
-69502
-68718
54314
59154
74024
73412
77624
65194
58326
63314
69038
65944
69198
-71524
-80006
-76740
-79332
-81500
-69418
-68270
-73638
-52302
-75482
-71870
-64780
-67106
-76986
-72010
-71152
-71638
45988
-63750
-69998
-75478
-51400
-43796
-74234
-72890
-59474
-68674
-69786
-71304
-66776
-54032
56408
-71696
-71114
-60698
-74098
-78220
-54450
-80034
-77754
-66686
65954
-55422
62016
-38166
60916
47750
-61432
59512
73222
70844
70732
80564
70424
75760
54376
-66282
63494
63032
63848
-77348
-71958
-75666
-70396
-73156
-67882
-79398
-75652
-71810
-77950
-71162
63534
-54266
-34858
-5200
-26032
-64022
63146
70290
64612
62294
71500
71642
72828
73578
76258
76774
66202
67898
51384
-31774
74816
67930
61082
68192
66620
48252
50930
-67704
-64716
-65480
-24426
44624
-66908
-56114
42788
70660
76110
49472
67078
77554
61848
66972
-60324
72284
73410
71212
68810
57042
71340
68010
63238
65334
-18370
52592
-54286
47614
47904
-37844
55616
-63930
-65254
-65104
-61392
-77128
-75182
-68544
-73868
-73832
-68312
-59104
66998
-71904
-70000
64316
59050
-46324
60586
67772
64522
73276
39850
-65906
66532
-60436
-70260
-59418
-70810
-76132
-69638
-68726
-72578
-75466
-82178
-76390
-81552
-81066
-64010
70246
74940
-25802
-69726
-58420
62662
65814
70086
73216
77240
71934
76986
68428
68378
55358
73448
70632
74334
74432
74604
74282
78182
50956
66684
77542
73106
69410
66316
64722
76770
62006
49768
63912
68174
54462
-63044
-63468
-67030
-72788
-75572
-78358
-46878
55088
72836
67636
64980
66150
58356
-60484
-67412
-77948
-72900
-74150
-72480
-76856
-78242
-72568
-60412
-74274
-72626
-66574
-66440
-77332
-68790
-70628
-71310
-66984
-79412
-77396
-74448
-74102
-77946
-66966
-79228
-70688
-78326
-75080
-73914
-69278
-59522
49254
65636
61496
-69940
-58304
-69124
-9902
60328
68292
76116
68998
72554
72854
76386
65334
78088
74832
75702
75750
78858
72666
69332
-4956
66242
59286
71098
74928
62840
-33888
70010
-52348
61558
73808
70880
77670
73192
72664
73020
65554
73214
73322
74148
60028
63138
73708
74696
78430
67502
77966
63378
76872
67134
50534
-62196
56794
-56078
-80184
-64362
73376
73656
78146
73762
72872
78222
66846
-72988
-46866
-68674
-69890
-65778
-77390
-72694
-62974
-53326
-64276
-74936
-66844
-71882
-66012
-76086
-71576
-76270
-77060
-78958
-72014
-56018
-69222
54970
63094
-71180
-78690
-78518
-73136
-66348
-77038
-81512
-74904
-72490
-74302
-69556
-70044
-68334
-68278
-74610
-77022
-64946
-61198
-61488
45166
-67278
-68190
-57976
-75918
-73608
63324
79162
-73722
-76940
-75748
-69482
-72614
-78318
-73022
-76284
-76700
-75112
-63804
-78730
-72632
-68120
-69740
-62366
60544
69286
67246
59350
71944
65434
59880
75524
73270
69530
73144
63678
68938
70458
71472
66544
78128
67978
69214
35300
-75416
-78460
-67648
-66854
-75676
-76642
-72932
-60370
-72012
-72450
-72988
-79542
-74878
-72182
-80236
-68082
-69188
-59580
30124
-61678
67698
71600
-48832
60318
70984
62614
-66762
-62046
71366
71752
72740
-41626
-54124
63558
-59258
65844
72968
65960
67754
54300
-69972
-66454
60048
63346
66482
56458
67986
64416
72696
63660
80068
79032
76250
66714
76010
83558
75516
63128
75496
70330
62382
-71386
-63900
-69740
-63956
-64236
-65532
63084
61728
70730
54254
-73490
53158
-60122
-77184
-74090
-69162
-77228
-76556
-66034
-72412
-53508
-68762
-67564
-72200
-65044
-76236
-74818
-77998
-68916
-69942
-76338
-75774
-77398
-79872
-62682
-73690
-67090
68718
-67630
-66610
-73558
-68714
-71742
-75192
-65122
61384
-47840
65154
57926
-11742
61948
53540
68026
65834
-41176
-67670
-63234
-59430
60818
-68774
-63924
61814
-71260
-61938
74964
50022
73792
70088
71742
-75866
-73988
-76392
-78800
-79364
-80792
-78530
-65602
-61048
-58346
53046
-31040
38182
-10604
54568
-61332
45214
-50992
-62958
58400
72496
67720
65580
70202
66322
-55326
-68810
-72438
-77294
-59762
-60670
-75052
-73744
-79064
-71126
-78052
-70080
-51774
-78152
-66714
-74980
-44438
-69350
-63232
-72924
-69200
-65360
-39572
-68036
-74152
-75316
-67440
-77420
-72108
-75858
-48118
60812
67190
-59270
71666
68612
68756
74610
76944
68532
66438
68978
60502
-996
58266
-70114
-52676
65170
51464
69534
68344
75658
71582
59510
65542
78276
79462
78952
56878
-65236
-60538
-63320
-67024
-51254
62884
64108
67646
-76730
-60618
46752
-64526
-69322
-73852
-52354
-76298
-71678
-79992
-67972
-69982
57786
56600
-70928
-64536
-63388
50920
-10728
-50878
60728
60754
70306
46570
-19680
47042
72730
67580
-76170
-65756
-66142
-67584
65602
68182
73218
74158
75792
68542
59440
56174
-51202
66950
67766
-61660
-38376
68568
77194
79100
77592
68492
77142
73298
68080
71864
68082
69154
63660
33740
-52908
58394
65178
53828
-54806
70424
73666
61104
65524
-57538
47300
-55564
-70718
-56182
-67854
-39640
64130
72854
68654
73554
67284
71614
68786
61718
46082
61950
70986
73552
59712
72806
69848
73616
77098
77230
72398
73802
50470
-64690
-76274
-70090
-68172
-75750
-72918
-68964
-58190
-75618
-59778
-71298
-72918
-75270
-59870
-62992
67124
56956
76988
68596
-53870
-61518
49310
-65754
-66274
-5560
59132
62056
-68372
-56942
-73676
-72468
-74008
-68566
-72448
-80526
-76594
-67116
-63140
-64210
-53630
-57136
69628
62132
-71846
-66796
-62912
-69356
-75866
-71616
-76194
-77776
-72538
-41758
-76522
-66670
67028
69302
75018
68952
71168
61550
70910
76252
79620
78194
73966
78100
69944
74280
64554
73470
59546
-68978
55754
72742
71482
73630
65260
-57458
-68176
34072
63476
-62842
13490
54436
-36794
61308
-67280
73014
61764
-72156
66154
61762
61304
-41358
-67716
-73464
-74464
-62944
-71586
-70864
-70064
65738
-53552
69496
72958
59318
-45630
48560
56084
56470
-72740
-80884
-77622
-67116
-27634
37222
-29568
69360
31506
-20336
40276
-58086
-58912
65762
-70910
-68864
-64832
-59386
-58418
55268
-52210
-47278
65812
65306
-63524
32044
-69248
-59412
-63542
-62162
-78110
-71294
-73658
-68702
-70008
-65570
-62946
-68706
-74548
-68878
-61352
-77878
-77258
-81404
-65266
-57544
68264
73302
65056
-64832
-71970
-50350
60770
79182
75240
77370
73866
77550
73452
70636
76408
75782
74816
57518
-64662
60310
73558
67536
-45936
66356
-16626
-65276
-70462
-74296
-72208
-68470
-60102
-72148
-65448
-71832
-81334
-75602
-72470
-77444
-63198
-71520
-74494
-45072
70154
-72984
-75560
-75386
-54710
-76340
-69032
-66136
-70618
55884
76000
76816
82418
76132
69390
76234
77552
76954
74826
72256
63376
-33014
-77666
-57166
-63868
-49362
-57768
-52534
-70166
-75550
-67104
62028
55312
62678
71390
74528
75206
79106
77336
75022
76520
73946
71556
-69778
-73370
-65276
-70576
71646
70402
81692
77548
66724
67714
63790
71234
69068
74570
72296
60478
-72808
-64994
-50652
72894
72462
67954
56992
63186
22120
-45422
62412
67162
70080
75004
72224
59774
63652
78674
73404
76814
75528
60320
-62448
-74798
-74242
-69022
-70480
-74060
-67326
-74852
-69248
-59682
74100
65906
-60380
-72994
-67262
-74790
-63670
-77974
-77820
-62970
62640
70516
80818
78618
72194
70892
71624
73170
70022
74484
68546
64874
-51718
57238
-65224
-70168
-77678
-66046
-70514
-73792
-57638
-10688
-62230
69430
56838
-41410
30336
-62758
-66160
-72280
-63770
-72052
-67306
-71624
-74476
-68280
-70284
-75702
-76964
-68132
-77404
-75862
-72726
-53852
-68648
50966
-70590
-66446
50722
-46280
-65712
-59328
73028
76746
66386
57916
69722
77290
77584
49508
69048
70504
-65896
-65484
-70538
70466
72448
54958
74948
72160
70982
61580
72954
69670
72714
71378
76986
77240
65322
56630
69928
70040
58484
64520
-51710
16100
59892
-53376
65728
57206
54314
-59124
-53252
-72772
73440
75404
56746
73618
71316
74732
64152
69314
60224
65096
62786
-48126
-68614
-66364
-67146
-23784
57196
-74940
-69418
-70584
-74894
-59786
66330
77740
61942
-58622
33410
-62688
-60126
-71804
-62378
-65274
-57584
-67570
-74118
-76006
-69806
29308
-58566
-56364
-70754
-66604
-72476
-75430
-67234
-71008
-73680
56736
68072
74620
58016
72184
81286
71562
66532
-71306
-72576
-74126
-71000
-74018
-68528
56676
-56136
39828
-74344
-68584
-74066
-66784
-69264
-74594
-73044
-75392
-71732
-73480
-71816
-58596
38660
-66638
-52768
67966
78256
76076
75348
74628
63246
-48398
-272
68254
59352
64894
-71786
65280
-18370
63182
65416
61290
-63210
62474
67850
67970
63068
60870
61206
65266
68256
73728
70722
77674
69252
75380
71662
74658
65046
80774
68558
66248
-74602
-66906
50224
-75346
-80834
-68902
-74378
-72606
-67340
-72828
-75388
70290
73250
69060
-72126
-75662
-77024
-71250
-80326
-38856
-73404
-72872
73402
73586
76198
65820
66592
68922
63406
70216
72652
71684
71952
70124
74136
73026
72738
64098
63264
72126
73926
76780
73844
60286
-57298
45324
-47180
-66300
-60718
66442
70412
69286
67118
78094
69588
70562
68112
62770
73484
69946
61236
60604
69220
76436
65056
73262
72816
74994
64344
71696
63410
-74234
-63036
-75836
-71976
-64978
-72458
-65968
-70248
-67516
-74430
-61498
-75630
-75998
-72786
-43070
-69928
21312
-61848
64978
70670
69298
69498
72788
73266
71382
40946
70346
73232
68066
76550
72150
42088
76284
67498
66064
71158
66974
63246
72452
69854
53822
68044
-73454
-53886
63018
68210
77914
69694
58310
64734
72878
72322
61350
69138
58118
-63598
-72558
-68604
-68654
-67854
-63048
-71944
-76164
-68416
-64288
58332
73160
65464
64464
75870
69510
72502
50494
-75698
-59104
-49918
-70012
-69616
-72648
-55696
71398
74898
71860
71008
75306
60572
64500
66750
78406
70272
77698
66068
-63414
-73522
-55784
46540
-57890
-55078
-59180
-67328
-60362
-49520
33846
-36422
29098
-69046
-67274
71574
75772
74490
71480
68178
69510
75278
75238
68108
33538
-55272
-67076
66744
61794
-55174
-68654
34936
57054
68436
-56918
-69644
-73480
55570
50220
-73166
-70536
70512
73098
69752
-69092
75300
68188
79592
72842
77038
60294
74188
72202
39788
73662
66542
73000
70180
75518
68146
73412
80354
75586
74206
59474
66714
78154
80330
77492
72666
-72484
-76784
-67280
70782
52112
-66572
-64654
53500
35688
57994
68744
63312
70968
67302
75150
73630
72586
-54196
-69710
45214
-34732
51450
71016
53774
-69342
-78398
-69604
-52538
56510
-40820
31714
-52106
-62494
52916
-64872
-49984
52036
-60498
52154
72186
47442
74052
66026
62024
74776
68254
72920
69830
73298
75234
79268
73958
61660
-60536
-63580
-68544
-73870
-63712
-78028
-74828
67752
73542
74894
75084
70358
72488
72894
74168
75330
64284
72968
73902
55330
71048
69066
63874
66990
66036
69590
62218
77798
68872
72964
70934
66236
-63256
36768
-65636
-72888
-50972
-72272
66536
64992
80066
62550
63876
69072
-66950
-71390
-52726
12984
-65546
-61850
-72138
-71628
-70392
-67916
58180
-46642
-64870
-59428
-59686
-72496
-43826
-73066
-64050
-72232
-73910
-72400
-72512
-77004
-71460
-64756
-76006
-73130
-66342
-55814
-63700
-75350
-76650
-68810
-67246
-73182
-66620
-65218
-70142
-73118
-67428
-65810
50112
-61056
-52318
62656
68406
73174
78102
73900
81932
79638
77682
75872
70494
74390
74362
77834
62344
-56398
-55080
-73590
-67138
-70552
-69700
-51624
-72278
-64840
-70292
-72818
-65798
58380
66318
51914
78878
62026
65672
-13744
-46586
59640
65474
-60702
52852
74266
67196
75112
68916
75362
71120
75030
-62862
53782
73928
69868
71654
72454
69450
69392
68464
65714
73840
68848
-59674
-61238
-73674
-63852
62320
-63798
-54354
47282
-45140
-76464
-65810
67972
60976
69414
68964
54044
60678
71934
68922
64676
68644
66858
49632
-49000
-65806
63678
-56626
-75612
-72452
-68474
-76274
-51878
-28918
67264
-31950
-75250
-65880
-71952
-69506
-77166
-62930
-71456
-69524
-74406
-76486
-71532
-69262
-72946
-67602
-76818
-68076
-61148
930
-65532
66254
56916
70608
59522
68554
75510
80224
81182
74604
81528
73760
74818
73406
73010
70232
76924
65920
66992
54990
-57408
-61670
-76496
-73562
-66938
-63958
-65058
-68476
-69746
-63942
-68144
-64432
-62930
-74388
53356
-45054
56748
72530
75466
69522
68846
69686
47896
-58720
-51952
-74930
-72398
-73148
-53634
-70480
-70128
56238
-68280
-73770
-60774
-74590
-74174
-65290
-72214
-71276
-63434
-76276
-77924
-77144
-77310
-68658
-72388
-65908
-50164
73864
61078
70990
73592
71712
76188
67890
74510
79892
76932
79218
71188
-65426
65972
59996
70760
69434
69412
74022
72918
70658
73456
70160
58856
64214
71690
77878
78682
78624
70774
59612
-64830
-55902
-75534
-66582
58192
-54220
67984
63014
70370
56622
-52582
65688
-61234
40786
-61702
70148
64154
71084
75398
69632
72596
77066
67060
68714
-69238
-64042
-54374
-51548
52090
-71100
-66866
-51420
67956
-71334
-63782
-59470
-68934
60370
61780
-69508
-56058
-69900
-69346
66314
-69254
-71920
-73120
-41102
75446
78134
76998
75588
68158
74008
74564
73878
-56128
62344
-58264
-54860
65310
4712
45806
-61992
-69276
-69364
-67980
-73610
-75364
-66234
-75792
-44610
49426
-65428
-65350
-73628
-54892
-73068
-49594
67000
74216
73654
70378
-61454
-63848
58498
-35790
69794
57708
65470
72086
71472
52976
79602
70344
68110
75070
72786
77558
72886
76964
70158
65936
-73982
56094
-62102
59612
-17004
-1634
-49240
51382
-70782
-77984
-73392
-73522
-68486
-42162
72690
69268
68716
49962
-63856
-76920
-72860
-79916
-75094
-47336
41812
-75592
-79548
-76716
-68460
-57988
-71258
-70092
-74450
-70336
58144
-34662
-58106
-64660
-62248
-55386
-25742
50026
-32452
63216
72176
-67632
-65400
-61764
-73384
-33358
77104
80030
69230
75758
63214
-37980
-52522
-67466
-70396
-63848
67092
64002
74310
75034
78932
77734
69356
78758
75992
68788
66832
73606
67264
-37464
-48316
63740
-67698
-62114
-74112
-64510
-66174
-71820
-63038
-65250
-70806
-62258
60184
-57296
-54086
61610
71698
77936
-61212
60288
-72874
-75030
-71494
70132
74712
78578
73778
76514
81572
57988
76242
77596
64922
52058
-68496
61906
66300
55312
-64778
67622
68734
65756
-34858
57452
-65310
-76664
-78038
-62642
-59010
-70408
-73996
-73528
-69044
-68636
-74612
-69168
-67800
-73286
45898
-60856
69712
74034
74176
64754
67770
64762
69734
72104
80654
75438
68642
72620
73910
71352
71728
68174
-57570
-61458
-57524
71156
-77690
-65680
-69114
-70612
37310
-68724
-78590
-74060
-70574
-73504
-76168
-70674
-65208
-71714
-74000
-68432
-67570
-71908
-80562
-72190
-71834
-58966
48052
-53928
59938
-66676
-75678
-66734
-66034
-77152
-79692
-68754
-75298
-74056
-68602
-66216
-56430
61854
64286
-64582
53606
-66316
-62992
66686
51420
-31458
-53774
65526
69616
70244
71320
63466
-75846
-68348
-61568
-62064
-63354
-70832
-79424
-77132
-70450
-75836
-70440
-71870
-66362
-57220
-69046
-40528
63218
68428
77426
76282
61610
68280
69398
52680
69798
73830
71338
70506
65608
56180
-55326
44570
-73736
-69524
65134
-51148
61854
77744
40572
-72072
-72962
-66448
57088
73358
76116
74322
51436
-71062
-61132
-57542
-69150
-67336
-69846
-64372
-66486
-75288
-75586
-71894
-73488
-71362
-71080
-68788
-62904
-62632
72946
57558
62350
67756
67734
71576
57502
72528
69064
-73416
-57668
-76790
-71132
-51878
71686
69556
76442
69652
63046
70114
74618
72434
53790
-45544
67702
69256
66614
69732
74032
65866
68080
69822
71194
61340
71016
75066
72168
-77390
-78820
-78098
-70634
-82326
-72126
-76584
-67384
-68450
-69658
-76944
-70854
-79152
-75554
-63906
-59538
70294
71340
68292
70414
72054
63680
77826
77630
79582
78534
76600
61532
76760
72746
59822
66584
65536
55768
62936
-48372
-64042
42946
71918
66062
60684
67584
70460
79522
78000
71542
59978
73240
75250
71428
71498
61148
58502
64036
64376
-59734
-64228
-70970
-60700
-70688
-60260
52738
-66234
-66616
-75862
-54656
-65082
-54378
-65624
-68518
-68900
-60806
-63524
-62420
-74092
-74194
-68552
-75404
-72958
-71278
-75012
-74048
-74648
-66938
-61660
69870
-76374
-72364
-70878
-71472
-68686
-76676
-68248
-68554
-64468
-77148
-66090
-73494
-73294
-55226
-75208
-72168
54676
74840
49808
71310
75244
74620
63354
-69736
-77468
-77572
-79006
-51268
-66932
-66244
-70494
-70252
-71272
-61136
69636
-64988
-58086
-55460
-64330
39178
-47400
-59642
66730
-54600
74024
75114
69168
-54884
-62134
24496
-51624
-67084
-68272
-58136
-74800
-79940
-79868
-80170
-63980
-69502
-58386
-72212
-78608
-69212
-76854
-69986
-72386
-65456
66226
71662
49900
-52782
63168
-23278
-54380
66428
-57892
-75044
62124
63724
-63046
75362
68738
-55570
56872
67836
72192
69140
66864
68080
66312
58604
64336
61328
66424
72606
60132
3814
58840
64002
70106
63256
65260
42272
61886
69678
76072
48166
-48952
-71120
-73062
-73428
-72170
-73926
-67478
-71664
-57948
59868
69150
73166
75250
58068
54328
-63514
-73890
-68120
-71444
-66418
-71686
-70684
-71704
-68168
-64190
-66842
-65674
-61954
63982
66728
75694
63034
73252
75664
76752
79936
71826
74504
53786
-65104
-55882
65816
65628
75732
81392
78072
69204
76150
77160
73572
69946
67538
68524
62458
-69106
-70682
-71846
-71940
-43650
72830
73820
76944
79634
78042
72244
69330
74830
66920
68550
66528
69532
60636
73308
79302
72722
75626
76612
75050
68718
78728
64164
65208
-63054
64320
-43790
78742
52264
55472
-73700
-48900
-74160
-46302
-65962
53704
-66042
-54966
-37306
60122
72378
72134
66018
63600
-41998
69222
75128
74264
75402
75288
61166
62860
-65090
-72692
-78000
-73232
-73770
-77162
-65002
-54946
-64034
-62494
-68872
-72362
-48568
-70622
-77262
-73108
-69472
-79790
-77960
-74008
-68844
-75050
-67526
72444
72778
74746
70752
61614
16788
-76072
-78212
-71882
-75230
-68466
-67270
-73526
-73930
-76256
-77068
-63830
69888
53060
-59874
-74484
62878
67100
52246
-45842
47976
59254
-34918
-71530
-71778
71154
61454
57060
-39858
50956
71028
72976
40968
68966
72582
55034
73266
65954
75060
74130
65728
77744
69046
-62246
-64724
-60556
-74438
-66178
-66608
63436
71442
76012
75094
62204
-64088
-69666
-75708
-73696
-75576
-68952
-60986
-76946
-75826
-66392
-71730
-67914
-66064
-68638
-67600
-72390
-74218
-29864
73642
65754
49654
-48512
55028
-62846
57274
71838
73448
66748
-53972
70106
72246
62812
64222
72896
74532
82900
80486
80662
75770
67632
74712
67864
56994
71642
69568
66496
78598
72250
76334
76672
72594
72652
53944
54220
24062
46306
-36168
46130
-64662
-62612
-67926
-69048
-73954
-79368
-74330
-70100
-76586
-68782
-69056
-73916
-72440
-71584
-52902
-66706
-80540
-76742
-43896
-68132
-73752
63292
71918
76498
61502
65018
-75094
-75742
-74434
-71560
56242
-64160
-61306
68682
30170
-60998
-61138
68930
72994
75794
74252
66798
61778
75504
74588
69776
41014
73804
47624
-57896
-76886
-70104
-58364
74680
70596
74164
72134
64066
75356
73914
-61500
-65038
-64344
-74732
-71270
-69976
-66390
-76652
-72278
-49300
75296
74562
44994
-77052
-75470
-68476
-64050
72266
60698
75476
29550
68210
66730
61036
74154
72112
74196
53386
-69210
-57516
-69464
-71740
-73590
-71068
-69762
61250
63650
-56078
-74908
-71608
-63090
-50658
-68690
-71274
-70112
63186
70002
71574
69984
73496
78966
74318
75748
68186
55044
-60346
-71132
-58038
21776
-68384
-53574
-69998
-79516
-70148
-69658
-63340
-71120
-62228
64976
-72838
-74926
-75786
-72250
-71506
-76898
-53544
-77734
-74908
-74294
-54678
-72306
-56434
-67406
-65476
-66266
-55290
-72604
64170
58602
60904
70362
57154
-54952
67768
64162
-49610
56628
77700
71422
70990
70262
75572
72742
58418
68354
-71414
-61016
-71574
-72954
-76262
-57592
-64092
-74384
-68140
-62516
-74536
-63538
70386
-59934
-69846
-74900
-69062
-61036
-72070
-67726
-56256
-64862
-64468
-60338
-63276
-73756
-73098
-72108
-66896
-55940
59500
54374
70588
61580
66994
59938
70672
78914
78392
81900
77254
77680
66484
57324
66794
66036
55150
-68400
64290
69794
73482
73714
58196
70462
78586
64876
75376
65824
77266
79602
71764
79392
74466
73608
78106
80408
69396
79488
81158
77520
76172
72812
78032
79502
67948
76086
57960
-31618
69620
-49162
38010
62804
57414
70722
66646
74922
66270
63668
66186
48136
67446
54910
70636
79860
76468
71040
69830
75202
63794
76822
73674
64804
-69420
-67878
-76918
-66178
-64014
-70740
-79856
-76810
-70136
-67122
-69894
-77556
-78546
-75632
-64514
-61210
71732
61106
-75178
-76924
-73566
-59064
-71914
-78308
-76396
-68730
-71714
-73952
-77134
-64048
-69060
-69904
-59370
45680
56436
-61062
-23844
80820
73406
66870
69294
61632
67578
72370
79804
69408
-66806
-67860
60618
66884
61396
-67994
-72086
-66938
-52004
-67572
-71158
-68896
-67802
-67540
-61726
-65152
-71256
-79604
-77808
-64788
51482
-75636
-74428
-69388
-69690
-61644
-69894
-63762
-68370
-46184
70998
74856
68566
57460
55424
-53864
39908
-58700
35926
-45048
-70764
-59060
-73496
-65698
-75768
-60900
74320
72090
55570
73966
73364
75848
72568
77248
71782
69902
71106
70352
72696
67152
-66076
-53696
68762
66006
63498
77086
77756
68018
-15208
-43072
53684
60222
-47900
69462
67962
72022
66230
70300
60220
71510
67952
-65050
-71426
-75426
-70912
-74514
-71280
-70710
61938
-43576
-73724
-72392
-61238
-69996
-69028
-74258
-72730
-63228
67928
64114
63866
66196
68270
75390
59408
74210
62394
72522
77050
82804
67102
70570
76080
74480
74030
70422
67996
-76346
-62152
71084
69998
-66004
-62920
-73392
-61706
-50128
-37424
69462
72650
62976
58468
65146
70116
64454
-66208
-65354
62116
57670
-63654
-48332
-48762
-28424
52848
10462
-62522
-66918
-65236
-61292
32742
-38862
-14172
28524
-30944
-71792
-74794
53598
-74252
-72402
-62372
-65338
-67328
-61978
45536
-60570
-69834
-17934
-58330
-65630
-70134
-62268
61798
57956
67814
76022
75780
75052
64516
69716
73114
73262
73006
79366
73646
72864
77316
71694
-60210
70844
73680
51870
62422
61970
74262
78130
72738
78496
59874
-33464
56660
63746
63852
66306
-58238
23406
-22930
67680
65840
67156
-66280
-71312
-72684
-41784
57954
-60434
76456
72636
68254
72354
51818
68202
73248
57692
-72466
-78424
-72412
-70498
-66332
-71862
-55650
32528
-50016
72808
76630
63824
69496
74974
67200
59740
77324
77514
73168
71620
72844
78408
73522
74036
78080
63364
76854
70742
49198
78312
66152
62014
74626
72798
74624
71148
75030
64696
62036