103558
101464
98036
101224
93826
99142
95438
98850
94286
95200
98396
100408
103496
92546
101184
105070
108794
105852
107884
92400
99936
99030
101278
102612
102554
99284
106128
98034
100204
105592
100078
105880
100240
99198
86742
103852
101404
104772
108200
105934
109912
104172
108606
104594
105640
100690
98604
96516
90556
93592
100236
103318
102918
101902
95564
109316
108458
102910
107288
104700
100168
106208
105412
107322
110110
103622
100052
98218
101474
94954
102266
105914
101692
106332
98850
101396
105298
100752
89916
98358
96466
95682
95578
96086
100376
103926
100386
95660
107376
96356
108792
102994
104836
108608
106036
109796
103988
108460
105116
99460
99974
108238
107400
102200
104898
102462
106470
102934
100270
104742
107894
107390
99194
101086
105334
99684
101550
105016
105408
108140
103092
100730
105760
82760
104650
103596
102376
99446
101164
100812
95888
105502
98466
101882
103338
100664
101534
98224
102646
91740
99994
99966
93326
91780
96480
103650
102468
108412
109048
103724
110654
110406
110634
111456
109548
104734
99006
109154
107780
109082
104904
99868
107276
103242
105780
103326
107020
107382
100316
110178
95810
81944
102284
99184
88206
93582
103194
99888
104570
105690
100292
108778
112106
105798
101646
106976
104820
105570
95294
97912
101762
103814
101996
99552
93194
93296
94958
108088
94040
82014
83370
98346
100936
104004
102034
97568
100368
106714
102950
98674
101292
91952
104882
102828
102690
107618
87448
104108
100428
102212
105688
85052
101862
103930
108438
102342
99596
104484
104428
101006
95522
81560
94164
102116
90596
101222
100320
101538
87466
88368
101874
100550
98110
99800
97254
101108
100320
98328
74458
96948
90570
87836
104530
100852
103474
93398
94460
108064
98666
100186
97698
106994
101678
104814
103092
102020
105242
103492
101310
106660
99130
108022
100448
102952
102028
100254
107426
105270
94958
100082
101150
103524
98886
62074
99184
108358
112678
105744
95118
101266
101740
107570
107802
108544
108666
103288
100304
104818
105004
99070
99494
103652
103680
106482
111218
109236
103144
106134
105722
102774
106812
92144
104840
105912
102260
107002
98766
107314
99446
95164
96956
99996
107480
101604
104974
102192
95676
108486
106692
100416
93040
85652
92480
92388
87682
53456
101612
82860
76430
93416
100106
100794
103088
101432
104496
103976
93394
101874
106804
99816
104812
104276
87112
97774
98626
92522
102316
96602
98792
91146
101516
99776
95550
95862
101258
80544
96430
96638
100078
100728
106002
97838
95744
100386
104882
102932
107500
102904
107434
109104
107414
94454
89982
104024
98738
93350
92930
105098
100354
102796
98942
104072
99742
100564
106240
102500
104682
105136
104814
108914
106038
109118
106352
86148
79560
98312
102146
106298
104392
110684
106712
106552
106732
101504
104488
109870
108516
108304
106356
106840
106572
104746
101886
105214
97220
101510
99046
103910
102092
106584
110080
102662
104272
106364
92422
104246
101792
95600
103190
106802
106046
100188
94890
102116
99612
103986
97174
106716
107474
102800
102568
95260
102212
98486
89328
105044
93790
105858
103858
103306
100628
99958
102358
106678
104188
100178
102732
106926
103830
92108
95388
100654
92710
105632
105236
102042
99264
104136
101598
102946
99354
102624
97104
100194
96960
100354
103432
98148
92702
101560
104640
102330
101384
99470
98996
108572
103656
99816
103602
96714
103862
99918
106646
95414
97786
107842
104216
97436
100210
104158
104494
103866
91814
98526
106606
106252
94750
98234
97828
100100
102358
103126
102474
104754
99580
108526
97054
100650
102656
93912
102048
98300
103594
107342
108102
109072
90394
100982
97136
106768
99790
107590
103034
110998
106726
104344
106996
107622
99172
106980
88172
104542
102294
89962
82180
96912
103300
107636
104594
102776
91566
100134
104544
104468
103488
106358
87980
103988
103140
108256
101980
102252
85346
100208
109808
104146
105812
102440
106958
102324
99722
102104
99016
105398
104536
106248
105548
100912
99230
105654
89850
84308
87518
99542
104036
101466
92828
105972
101876
97568
103224
104034
90892
99912
103534
107236
101110
98812
100358
87006
94748
100974
102304
98446
103698
107556
106254
105366
101350
105148
107538
109800
105472
101640
95588
97048
99046
93476
100050
104630
99876
99050
101058
97118
104014
96810
96922
89730
90594
94732
102460
100614
101292
96722
99088
99674
102276
99524
88640
85414
101650
106604
100204
101696
94410
106376
102810
107352
105090
102058
108702
104776
105856
105496
107422
106042
90560
100408
94608
100430
100468
97560
100188
101286
105856
106294
88996
99458
101046
101410
98578
103918
99068
100900
101676
100464
99612
97838
92120
102732
104284
104594
98910
101590
99038
93916
89988
94522
100858
99220
103468
103952
102498
85928
91008
97294
89898
99592
101246
107212
105918
105882
108938
106892
108058
107012
105810
99334
106304
103930
105138
92950
106254
105768
105708
99936
99648
88582
100278
105636
105194
97076
96006
95692
105328
101438
106046
101422
103942
106564
100884
104596
99004
105960
105092
107500
103548
98428
105800
106112
106076
97556
98490
91150
93534
111202
105546
109000
79818
102802
105028
110052
108764
102550
106302
98440
107206
104292
101998
101660
107046
104740
99712
93418
105140
101610
87164
102114
91492
96668
89172
103074
105988
99862
101718
86282
96426
93086
98802
107542
109404
112012
110598
104208
100970
107636
103574
98324
97360
100004
103648
99400
98804
102190
102796
107788
105162
91780
82606
95800
100694
94776
80806
103860
99290
94048
98568
93872
101698
104196
106390
96250
103524
107450
104396
95746
102256
94174
98394
95238
97646
96732
106346
97614
110400
105552
97710
103244
109904
110842
104426
104458
86260
100442
112606
98454
99130
104462
97504
65686
101846
99372
109742
106772
105992
99630
105542
100526
107324
84112
92330
94198
95654
99372
105230
100582
103028
99206
100826
105250
100884
106546
105100
100094
103156
101714
104822
102236
101216
106822
89372
108382
103994
105022
103872
78722
98580
101658
105150
90188
91770
103800
101878
102446
109582
108228
102106
100854
97612
96898
98928
101252
93572
99270
107822
102374
105804
105392
109904
109934
109770
108848
102924
104582
101246
102948
106668
104374
107332
95656
98818
93998
105082
104944
103960
106816
101034
102088
86214
92160
98716
96888
103254
103202
110098
110948
103464
105872
104720
97580
105458
106192
107908
103992
105460
97386
86282
96564
102382
104776
101262
104170
103248
104556
100372
108042
98258
102626
102578
110934
108238
100254
96286
95234
100360
103166
103316
102420
95528
91094
102556
93124
94946
90254
102422
102928
97248
104552
99178
98956
95586
94270
99094
107940
108548
110290
100896
103032
103584
105590
97218
100654
100798
96006
95730
103362
110644
106336
106816
103848
111018
97138
103642
97272
96716
103166
104356
95002
98958
104592
106418
108356
104336
89620
93610
105202
95384
107752
101988
93308
99016
99090
101656
104262
104054
92960
101716
90990
99976
100354
105750
93132
99180
106224
107094
104690
106214
91818
93678
104106
100048
108734
105844
77832
86686
98230
91736
91988
93624
105888
102310
102334
97790
104714
103726
90702
103594
97758
99946
106184
103426
108994
108324
110146
100478
100096
105002
106130
105004
105370
107378
102106
107098
97454
104194
95026
107126
105748
102044
97872
102660
95874
105560
99618
96770
106166
105074
104518
100282
92136
95776
102464
95124
106358
104982
104482
108210
107726
106404
104978
86262
96084
103182
101602
106734
98332
97574
98766
101056
100554
101404
98906
103256
106926
101082
108904
107892
107304
101050
91470
104312
106500
111154
109308
99962
104236
107084
111094
110516
100436
72260
103240
108574
99796
103268
102632
74958
104514
102292
99558
99990
99654
103572
101138
106854
102720
105176
103514
96744
106330
101782
92566
100356
96868
105316
103630
105574
98572
107506
106248
93092
104902
98968
94140
108362
103768
103496
103886
105612
104534
98464
109902
103784
107182
106668
105796
100554
102892
99152
106662
102228
100432
96546
101100
106812
101410
102742
105418
106430
97854
105966
104238
105170
108370
110054
102572
111988
103356
109308
110118
105592
106164
107934
97816
103148
110642
103916
99882
101316
105464
106590
102702
100348
90274
99056
105466
105518
104264
105636
105478
103174
106138
106878
101868
104462
104376
100928
97174
98032
91702
93454
95090
108278
104376
100216
106924
102304
94412
88570
90902
104876
106776
96136
97980
87378
94868
96598
102294
89038
99770
98942
89390
100262
100448
100072
98466
96534
107496
104228
107284
108746
106628
106946
106356
110812
106892
92824
94630
104170
104202
89824
87982
104036
108224
104646
98446
98936
110610
105368
103286
104294
98866
98908
104650
106320
100780
108922
104352
104576
105042
99256
102068
92152
102052
101602
110130
104920
109086
103500
101374
100518
104094
94584
105852
96142
108728
99360
105736
98974
95526
100324
103296
105042
103568
104860
104366
93652
103462
104680
110064
103942
108048
102702
95310
104618
98046
101548
106208
104710
105482
98654
89864
85150
90252
94162
99984
96296
107548
99874
102948
104978
110008
95758
101232
100576
102864
104082
102414
99408
105490
97160
104644
84192
105318
105674
105406
103144
96572
102130
107104
103174
105638
105210
99740
99470
108186
103984
101530
102778
103170
106026
106140
101794
103100
110062
111620
110100
104356
104192
103806
100210
104422
95212
80280
92380
98514
100752
106546
108552
107788
100058
106290
103488
106248
103982
104644
98274
104060
108814
104224
102886
100630
104800
101200
109078
103802
100850
103098
105704
106646
110438
105130
108796
94600
102564
107134
97518
94204
90720
87986
102624
86662
97138
88898
105038
96396
97802
105184
111024
93654
106176
101942
104828
104634
105182
108570
102906
107622
107446
105604
106566
103916
103944
99414
98110
100658
103242
102086
96102
101102
100248
97618
98092
102670
107686
100208
98836
99894
102914
99264
96448
97068
102504
96552
93730
105366
104346
110322
107826
106486
108064
101962
107700
109186
107056
90564
105592
100292
93668
81672
108212
110536
106354
105052
101466
106708
103050
109620
90448
103058
109600
106198
95520
102220
102262
99146
107496
97846
99620
103540
108138
100594
102314
97150
103398
102044
93910
93810
100054
104362
107604
104562
106514
93684
106220
90882
99420
86172
97768
105072
103706
100334
100084
103548
97398
99980
97090
101778
105812
104552
90760
94104
99322
98444
104508
85672
92698
101206
109100
109100
103854
95678
78212
106256
107296
99492
97282
96764
100972
101646
101072
94840
106714
108566
108094
101164
93976
95284
90824
89624
88556
80038
104506
103010
98890
99800
94116
106086
101844
96284
108880
101460
103836
104180
103326
102840
94166
104108
105088
104726
102338
102558
95500
96788
104516
103236
103272
103312
105156
106082
102280
101298
95858
99612
104040
98160
105308
112134
104576
106738
92130
96614
100090
88736
80118
96436
98900
100964
101624
103844
93448
101066
102310
93764
91626
93166
99654
84894
102314
106500
103332
97066
103224
111860
102260
97642
-101194
-101600
-107022
-104980
-104126
-100968
-94976
-108440
-106574
-101536
-93764
-101686
-98882
-104604
-107788
-105314
-103656
-105046
-107336
-102908
-104964
-101732
-96592
-90204
-94092
-93780
-94178
-97204
-106044
-102560
-108750
-106120
-104176
-101490
-104668
-110936
-98770
-105460
-105716
-111126
-106622
-91412
-104142
-98520
-87534
94166
84754
105230
100342
101844
86246
95002
94032
104346
100288
97262
93448
101000
100942
105738
104454
104646
102608
103724
101614
104520
99800
109200
104912
106468
97522
103754
109010
107388
109736
105434
100302
105108
103402
104922
102148
97030
102512
91574
105586
105896
102700
98592
100466
86558
94724
105914
105016
104216
98098
101492
93566
93682
104786
101016
99718
101440
108300
106122
101850
98818
102646
100270
102952
101698
101410
96362
93222
97406
102952
98350
103496
101248
91974
80878
93622
103380
100122
105572
109820
111582
112530
104482
106788
104264
102612
101868
93552
-97398
-106272
-100828
-107390
-96458
-95594
-96786
-97826
-107270
-102312
-105694
-104970
-99248
-97296
-100492
-100410
-105452
-105906
-102128
-92148
-100152
-97612
-98750
-103934
-103874
-99744
-106282
-103874
-100810
-99094
-90004
-99990
-102658
-105682
-101510
-102380
-105412
-105630
-107358
-104960
-101574
-105240
-105928
-98342
-102062
-104996
-104462
-94756
-102114
-101908
-98784
-99548
-93834
-94464
-98758
-102782
-104874
-106896
-109092
-99304
-99580
-95722
-92826
-90900
-94776
-105674
-102818
-101292
-98364
-105306
-108652
-101646
-106472
-105348
-106820
-101330
-95852
-104160
-106564
-110246
-103674
-106772
-104824
-102798
-106220
-103514
-106738
-109256
-99492
-106482
-110680
-108622
-108390
-105930
-103742
-107194
-104012
-91856
-102620
-92028
-99802
-93294
-94772
-51208
-98724
-106708
-100888
-99028
-97496
-104552
-109936
-102748
-101310
-97924
-91836
-100354
-106432
-107856
-105680
-110642
-102948
-110004
-96368
-103792
-98386
-102036
-107932
-108248
-102576
-105028
-102478
-109326
-109308
-92180
-103026
-79662
-82154
-92108
-76124
-99938
-109504
-108972
-110566
-104366
-102976
-101224
-105942
-98810
-88140
-88294
-85226
-98876
-104796
-102164
-104394
-104838
-108894
-105066
-105044
-107348
-95118
-105010
-102976
-105784
-105692
-101306
-102852
-104524
-106976
-103116
-100574
-100184
-100524
-107794
-104358
-100178
-103542
-102326
-94824
-98604
-100620
-95908
-100188
-101394
-104296
-108292
-107130
-104680
-96078
-94732
-89824
-91306
-98018
-101434
-102230
-103714
-102448
-95688
-99442
-86520
-64318
-95016
-76210
-104356
-104104
-93776
-97832
-101502
-97636
-106420
-97510
-96846
-107030
-106534
-85122
-108294
-102512
-107296
-100268
-101710
-104234
-103228
-105792
-103160
-101242
-85326
-102816
-108056
-99624
-95132
-104010
-107432
-97180
-96810
-96698
-100876
-109050
-106748
-107546
-107692
-106032
-105066
-106312
-107002
-111154
-104242
-103580
-100010
-97502
-99082
-101304
-96838
-108466
-101058
-98384
-99540
-105674
-104644
-104066
-92396
-95746
-98162
-97394
-88450
-104512
-94332
-100826
-100224
-104006
-103878
-98680
-106892
-106846
-108286
-101322
-111692
-109084
-105548
-99132
-109880
-105058
-106550
-111458
-110046
-102246
-102634
-96718
-96294
-101230
-100416
-102906
-105668
-107122
-98408
-100130
-103010
-106762
-92130
-105496
-98514
-87374
-103124
-96634
-105366
-107788
-100652
-102270
-108816
-103662
-105048
-101990
-102360
-104644
-102586
-96628
-92294
-104540
-100624
-97076
-85724
-102140
-100626
-102496
-96786
-94052
-89506
-104256
-106374
-100104
-101020
-96658
-91306
-103180
-101002
-108010
-109020
-107186
-108048
-105618
-102522
-100532
-100664
-104912
-104394
-103484
-92634
-102004
-98474
-104480
-103488
-101928
-100360
-106232
-108000
-103534
-101670
-90774
-103604
-97122
-100370
-104156
-104714
-102724
-92936
-106206
-104312
-105276
-91232
-104914
-99872
-101210
-108622
-104322
-103424
-106818
-104624
-98694
-99956
-97804
-93094
-88040
-99918
-101164
-102596
-101466
-105212
-108890
-108860
-105674
-97800
-90910
-105990
-104330
-101392
-103882
-106600
-96698
-107390
-98566
-104636
-95002
-108324
-102148
-90898
-103184
-111560
-99520
-90100
-95750
-96608
-101598
-83862
-97286
-99602
-94450
-101540
-104206
-105616
-104776
-108502
-104072
-99722
-105672
-108488
-105976
-94446
-99282
-104834
-90690
-92976
-94710
-97886
-98328
-96216
-93034
-106328
-107906
-103258
-106124
-96944
-101600
-104202
-105948
-98714
-95576
-105020
-103276
-104110
-90128
-103998
-107238
-103146
-99354
-104272
-109028
-101430
-110400
-105268
-106178
-105436
-101504
-100628
-92864
-97836
-106258
-109276
-108392
-108432
-104334
-99228
-100218
-101114
-105980
-105482
-93874
-90614
-100712
-107778
-90260
-99178
-103584
-95148
-91734
-99706
-96398
-96240
-98034
-105340
-96526
-111506
-102904
-107174
-105662
-106930
-110728
-102916
-107438
-89716
-102082
-96752
-103274
-110618
-106770
-100406
-103900
-105454
-104178
-101950
-104576
-108982
-107370
-97570
-100810
-91896
-103722
-106152
-101228
-95046
-93164
-102558
-106322
-103694
-95894
-103532
-102882
-102236
-106644
-107098
-110724
-99326
-103816
-101516
-101882
-101056
-101122
-107128
-105482
-103092
-80702
-103740
-91708
-91456
-109742
-108824
-110950
-104650
-106930
-109802
-97972
-107060
-101478
-108462
-99526
-101932
-102350
-93586
-98666
-100600
-108362
-105316
-101648
-96126
-94824
-95322
-107008
-103112
-101598
-109246
-103448
-101624
-103770
-103556
-101222
-92718
-90776
-106960
-103644
-94010
-107584
-99350
-109642
-103414
-108498
-101922
-111254
-109922
-105750
-109860
-103280
-99562
-102030
-98056
-104606
-104530
-100038
-96842
-100380
-100320
-100168
-92430
-103988
-102494
-102028
-106766
-100876
-103390
-101780
-106580
-108854
-107866
-102966
-106176
-108282
-94256
-105112
-102386
-98550
-93820
-105566
-90760
-104258
-99654
-103420
-92934
-103940
-101538
-106622
-101546
-102434
-101550
-101870
-105068
-100904
-107924
-105434
-100798
-106428
-98862
-103964
-91872
-94770
-103936
-103624
-104040
-103924
-110056
-109174
-110790
-109230
-101144
-102630
-104320
-103622
-108578
-99720
-102654
-101752
-99044
-96724
-97502
-104632
-99286
-97346
-100046
-91728
-102342
-105432
-102074
-100224
-94784
-98818
-99058
-103788
-91534
-94752
-97830
-101110
-101256
-94202
-99990
-106890
-102012
-98238
-95696
-96116
-77006
-97212
-97712
-106902
-95450
-107534
-108304
-108214
-103044
-101514
-101452
-107984
-101578
-104524
-99988
-102280
-106706
-99176
-95112
-89136
-90676
-96144
-90162
-94038
-98060
-95466
-103142
-100980
-103260
-92208
-88040
-97156
-97402
-102474
-100082
-106548
-107158
-102068
-93970
-101128
-98060
-105160
-104622
-98392
-109998
-102168
-97596
-100528
-94980
-103764
-104562
-105302
-105236
-106920
-85140
-103424
-104778
-103910
-106774
-103410
-102944
-100550
-97470
-100720
-107950
-105242
-101884
-101156
-100016
-98612
-102562
-94228
-96766
-103364
-100130
-87522
-105438
-106336
-97000
-108162
-105734
-106104
-100646
-104312
-92610
-89764
-80112
-96298
-86160
-96590
-95574
-81122
-106722
-99780
-101266
-92290
-93584
-102324
-100642
-106182
-108016
-100234
-100314
-106044
-97834
-97346
-99340
-108208
-104288
-105158
-102390
-103690
-105488
-99734
-98194
-101598
-98854
-100638
-106502
-102974
-105078
-104034
-103824
-97682
-98506
-86990
-102908
-99286
-88870
-100840
-102974
-99284
-102886
-106516
-107840
-103230
-104980
-110994
-103162
-101172
-99914
-103964
-103066
-102550
-106076
-109754
-102876
-107716
-97784
-100114
-108260
-105502
-106358
-106412
-102830
-97370
-99764
-93992
-111180
-109042
-112670
-107068
-107220
-111174
-107028
-105364
-98230
-103766
-105550
-108656
-112764
-107870
-106744
-104156
-103898
-108146
-92500
-101668
-105724
-110230
-107706
-107110
-104714
-102580
-79638
-101660
-101318
-102530
-96664
-95722
-100802
-107530
-95922
-105438
-106476
-102534
-101562
-105924
-101952
-93522
-104536
-102554
-105086
-100152
-94880
-97626
-104896
-97662
-102890
-96088
-102238
-103586
-105748
-100606
-103132
-102402
-96686
-100724
-104310
-76966
-102088
-104314
-102862
-90390
-102304
-102570
-99884
-101810
-101554
-98470
-99120
-106010
-104966
-102256
-104470
-102482
-96350
-97672
-98770
-99694
-102800
-106122
-108616
-102246
-102244
-100918
-87878
-100348
-108224
-96096
-108780
-103202
-89960
-84764
-98390
-100746
-98538
-98680
-100952
-94208
-98964
-104186
-100396
-109268
-104850
-100276
-106878
-105070
-102640
-107434
-105754
-106732
-108790
-102486
-108766
-108016
-110910
-109104
-105894
-106414
-100976
-106080
-102878
-105816
-108308
-107184
-103808
-108418
-108554
-105618
-104126
-103104
-104830
-108128
-102000
-104782
-101358
-83362
-88180
-100588
-99748
-104558
-104304
-96228
-103834
-107112
-107280
-99694
-101846
-105498
-100222
-96922
-107360
-110102
-103706
-103432
-102868
-106006
-102436
-103390
-103348
-98268
-105580
-96372
-102900
-105096
-101660
-107390
-101804
-102634
-106592
-103400
-100440
-103054
-103966
-102168
-102360
-105094
-108828
-108372
-104050
-104150
-98098
-92252
-96938
-88520
-91346
-93140
-95774
-105634
-105968
-103712
-105086
-107758
-107644
-109578
-104526
-101652
-101174
-105020
-95504
-99662
-83838
-90518
-104490
-106870
-105438
-101022
-103964
-98814
-107482
-110072
-108296
-103202
-101910
-105690
-97492
-91862
-99970
-101136
-102302
-100254
-103396
-97714
-106832
-104710
-99104
-100002
-99130
-97258
-101766
-97660
-103618
-104134
-99668
-104014
-102518
-103308
-95254
-104148
-98330
-96076
-103468
-113492
-88174
-101334
-105816
-88504
-107862
-96948
-99132
-92896
-90136
-101434
-94502
-92992
-104012
-96668
-101156
-103698
-101328
-104364
-100850
-94852
-103350
-105302
-104196
-97826
-106310
-99578
-108208
-101482
-93168
-99300
-90596
-86732
-98204
-103708
-104506
-111662
-110298
-109674
-82496
-99978
-107186
-100580
-98098
-93562
-91822
-95098
-90232
-106278
-100988
-105424
-101084
-104432
-102942
-106246
-102850
-107386
-107294
-112704
-106272
-106962
-101500
-106850
-107004
-105868
-105452
-104356
-101420
-96276
-97428
-101668
-99612
-107836
-107546
-110472
-109300
-101212
-101120
-107824
-107302
-102886
-97638
-80360
-93218
-92878
-100486
-89880
-98408
-109194
-101256
-104478
-103956
-102164
-106916
-101490
-107242
-106332
-86706
-82608
-100334
-91130
-98762
-99674
-97544
-96060
-98196
-100614
-108228
-105826
-107216
-100224
-104936
-99838
-106718
-105504
-108958
-101492
-85812
-97902
-103746
-108882
-103626
-107284
-108080
-103318
-104988
-103070
-100542
-104802
-100028
-104648
-102590
-103686
-103910
-107570
-108828
-101948
-98532
-102566
-100266
-104434
-96402
-97076
-99028
-104180
-99248
-101552
-92440
-96066
-105122
-106852
-104488
-91568
-87628
-95328
-103610
-106966
-108104
-108696
-108252
-108214
-105868
-104666
-105460
-102234
-94622
-95080
-102864
-102812
-103634
-85492
-98052
-83344
-99210
-104428
-98878
-93244
-99000
-98748
-104558
-98276
-99784
-105626
-105240
-107202
-104056
-97726
-94998
-102374
-103230
-100654
-98586
-97944
-107464
-107358
-111648
-108250
-103652
-104008
-110392
-107096
-97792
-89696
-106118
-104200
-102184
-104546
-104118
-106824
-110120
-99210
-106634
-102966
-98688
-102678
-96196
-95612
-104340
-94938
-102972
-93854
-101348
-88772
-105254
-102684
-108780
-99230
-107712
-102348
-106576
-92220
-96868
-102358
-102286
-108070
-101268
-95446
-101436
-97546
-105872
-105984
-103904
-103464
-109324
-100952
-100588
-104886
-105426
-107264
-107652
-92736
-105150
-99492
-100858
-108212
-106044
-106616
-100882
-100848
-102230
-108526
-107284
-100222
-106062
-103134
-92890
-95780
-101130
-100790
-108080
-108242
-108358
-105510
-108542
-101538
-91372
-104348
-97136
-104958
-108184
-102152
-105748
-101288
-76298
-95886
-96480
-99790
-105618
-101802
-107724
-104648
-98388
-103026
100560
90486
101260
90564
101252
93108
104350
104930
97762
107900
108982
109026
100736
96582
99410
102164
107322
104538
107530
98748
102746
99164
102852
98604
97526
84528
98174
104670
108328
99770
92400
97792
102564
102464
99262
100854
95582
96266
97720
100272
102314
104984
103956
99208
103104
99850
86338
98272
95836
103910
104184
100398
105144
105410
94774
101994
106702
103620
101600
102558
96440
95498
94322
103388
96428
102630
105674
98206
104028
100388
104184
97546
102962
87036
101242
99208
94550
99244
101332
93538
105048
86098
101064
97032
97386
95700
105256
102138
102424
96898
92444
100046
102900
103616
98810
97586
87126
99416
96190
102612
92648
102682
104062
95316
97570
95032
109072
109362
103408
103698
98806
99706
99156
102816
94912
101052
100278
98444
99152
108746
104170
107978
107826
108112
99688
104056
105642
103372
101782
90682
104706
94248
100096
98034
101306
103974
101052
86330
72330
94772
101228
107750
109668
104172
106630
105294
85988
102014
106200
99766
93726
88852
96846
102314
103428
95564
97656
95594
103184
83184
86814
88630
104114
100332
81816
91866
97216
104266
98236
97450
105392
104014
107482
103396
100968
99852
95608
101602
102712
98608
101690
100112
94532
88672
98562
80940
82594
79940
99424
102258
102136
100064
98290
101598
105752
97608
97654
105094
110086
108428
106292
94238
102716
99372
97616
104434
102652
100290
106724
108386
113356
109208
110032
105432
98496
96302
105984
103474
103920
107124
94674
98986
105310
104182
105534
97690
103344
99154
110776
106450
105726
100358
101494
96888
103102
101368
91388
102146
106598
98836
100212
97330
101372
102998
98856
101702
93278
98418
107310
106884
107868
105284
109512
104834
92408
101194
100698
95856
70518
94234
101340
103258
106774
101544
104914
98778
92118
106244
110484
106312
103222
110546
106124
93688
101594
99068
97196
104306
102046
104152
98202
94766
82522
97072
101922
103086
109710
102936
109168
102578
99102
98480
99306
97202
102342
83710
95182
99336
100176
106854
105926
103908
94874
103934
99002
93562
90810
-88198
-104396
-99244
-99972
-100542
-101896
-102172
-105094
-93752
-105960
-103526
-88660
-79032
-100276
-103074
-104250
-103860
-107592
-95616
-105052
-96020
-110156
-102818
-104848
-108844
-105620
-97266
-106834
-106698
-111138
-110378
-108398
-103024
-103366
-95846
-104020
-98310
-90108
-99294
-98904
-95042
-94514
-95958
-105708
-105108
-104510
-105380
-103314
-99568
-104378
-98756
-104372
-106606
-104782
-108724
-99996
-92450
-98542
-97932
-105460
-104416
-105110
-104546
-93630
-103786
-101962
-104774
-104950
-102466
-104578
-93098
-102604
-110014
-104930
-96918
-103912
-103682
-109438
-108000
-99490
-90624
-93072
-104446
-98568
-92604
-95492
-93852
-95728
-93530
-103556
-99886
-104272
-104516
-108120
-107546
-106288
-99882
-106950
-106728
-102688
-109072
-99482
-105488
-99016
-99488
-95772
-99340
-104848
-99986
-98582
-107296
-107832
-109592
-103490
-106328
-99446
-104838
-96044
-109990
-108206
-106604
-104916
-105262
-105010
-105096
-104082
-106512
-101612
-96126
-100118
-101022
-111734
-109212
-97644
-91898
-96008
-100212
-97074
-105782
-103204
-100728
-102570
-101754
-98422
-106108
-99590
-100520
-105802
-108776
-112248
-100428
-110294
-99554
-98080
-98644
-92132
-101368
-101284
-107188
-104898
-108800
-105524
-104022
-104386
-103190
-104578
-106926
-108264
-98984
-104702
-102638
-95840
-102872
-102464
-96798
-95600
-102418
-102132
-95644
-100674
-109184
-107952
-107044
-108118
-106594
-106946
-106644
-103230
-95410
-102588
-96908
-108414
-107358
-96070
-103772
-103596
-106642
-108728
-110232
-110734
-100532
-101596
-106694
-102956
-100226
-100522
-101118
-106410
-101174
-95624
-94866
-100546
-101842
-105522
-104734
-106394
-97258
-97776
-102396
-110948
-107440
-97450
-101464
-97392
-101692
-91776
-103622
-110038
-102936
-108936
-104582
-99046
-105588
-104326
-98526
-98124
-103788
-104136
-96858
-103746
-108342
-102538
-109550
-107900
-109838
-99794
-109524
-99234
-101862
-100598
-103102
-102104
-95828
-95846
-104428
-108228
-96848
-110534
-101998
-106252
-105782
-107676
-103164
-108168
-103140
-102908
-104290
-105334
-102572
-100814
-104638
-104606
-108886
-105608
-102652
-102630
-98458
-108024
-104644
-99068
-101022
-92942
-105770
-106198
-96808
-93818
-94088
-105480
-107674
-109206
-105304
-102732
-105816
-106820
-100690
-103256
-96362
-106386
-99838
-96898
-98262
-102188
-98810
-101852
-96032
-85816
-99304
-104038
-91068
-92286
-104522
-99170
-103374
-100570
-108922
-104416
-93942
-105472
-108566
-111082
-103864
-107508
-99992
-93226
-103464
-102414
-101630
-91750
-99516
-100038
-95428
-86674
-105502
-91950
-104248
-107374
-108732
-100250
-97940
-93906
-103738
-103666
-103472
-101564
-98162
-103666
-100564
-104154
-94348
-102022
-95776
-107416
-104328
-104398
-109022
-108122
-101928
-101556
-101922
-107938
-110302
-104048
-103484
-106674
-97666
-99338
-87302
-100924
-110132
-92636
-99454
-91786
-102802
-101072
-102862
-101216
-107666
-102636
-105354
-104920
-105414
-98526
-102100
-105988
-97966
-105916
-99556
-100122
-92428
-105312
-100014
-99776
-103222
-94662
-104180
-103534
-102732
-104730
-106852
-104372
-111810
-103088
-109504
-101496
-100560
-96632
-111628
-107790
-103730
-105832
-103170
-99354
-107734
-106262
-105016
-105490
-102908
-97640
-102404
-98478
-107478
-102318
-96814
-99496
-100756
-110094
-109268
-99186
-96116
-101616
-102710
-107846
-107250
-109876
-107886
-109756
-104742
-107598
-103402
-102276
-104096
-104220
-113224
-107550
-105312
-109668
-107352
-106102
-100454
-98472
-101214
-100390
-102984
-103716
-95628
-107202
-105382
-89684
-94038
-104558
-104214
-98704
-104580
-99772
-102620
-109160
-94450
-109672
-106830
-96446
-103796
-107842
-101954
-110120
-104510
-104180
-101532
-104600
-105312
-103988
-107788
-105556
-105782
-100864
-107398
-104110
-105578
-109504
-110762
-108918
-106390
-105516
-107956
-106570
-106242
-93466
-82526
-99032
-97120
-104958
-93448
-99508
-108458
-104288
-105928
-95796
-103412
-93752
-107836
-101410
-106838
-112232
-111584
-105574
-108216
-103402
-105508
-91998
-106060
-104138
-103888
-109770
-105476
-105084
-101016
-102394
-105106
-93688
-92006
-99742
-103288
-106276
-110100
-107844
-101314
-95762
-98238
-102100
-83616
-85664
-107078
-100246
-100122
-102048
-70106
-102510
-105842
-105922
-99316
-95766
-100480
-99830
-98812
-98542
-100258
-103084
-99012
-105884
-99046
-106286
-103742
-103204
-97522
-105982
-107602
-101924
-106628
-103098
-106274
-101304
-103782
-101174
-101928
-97250
-96542
-109430
-100872
-94808
-100294
-93796
-104310
-104162
-107590
-105560
-105628
-107154
-106178
-93044
-83088
-95986
-93852
-95000
-104310
-95610
-91892
-90454
-91264
-98828
-97756
-108536
-96310
-104646
-102464
-102678
-99238
-103676
-94214
-99110
-98632
-95958
-101546
-88860
-102318
-97296
-102086
-78190
-101826
-99058
-101110
-107018
-98418
-105780
-109678
-107118
-106116
-104044
-106902
-100080
-108144
-101422
-94124
-96048
-92380
-101062
-104314
-100446
-100406
-102216
-93716
-95342
-90002
-100408
-93852
-102666
-103634
-105078
-104140
-105646
-92374
-104810
-93628
-94176
-106756
-99020
-91920
-105868
-97244
-105288
-103144
-106700
-102136
-106688
-102498
-109242
-102292
-82266
-101798
-100730
-102324
-106282
-105934
-102124
-94594
-91200
-92954
-98622
-76540
-87066
-87998
-100676
-99962
-102962
-105046
-100506
-97392
-98824
-108988
-101436
-89432
-95364
-90468
-103404
-98362
-101766
-89598
-106176
-98154
-98322
-96972
-101680
-94834
-94666
-106348
-101626
-104174
-99522
-105822
-99566
-106502
-102506
-101600
-103350
-104996
-102672
-100412
-102434
-91894
-102124
-103590
-103436
-100528
-93806
-93442
-98540
-103686
-98904
-106248
-104836
-104620
-110084
-110298
-103190
-100900
-98032
-100896
-93368
-101376
-102858
-103458
-104410
-109014
-105068
-110314
-102808
-105162
-105768
-103278
-110680
-96764
-107122
-103764
-103626
-104688
-103810
-104180
-107480
-105604
-103354
-103320
-94736
-108844
-105064
-99108
-101808
-83350
-73690
-95992
-88272
-101986
-103394
-103096
-94272
-103712
-102620
-95288
-97318
-97614
-109660
-110720
-99336
-101538
-102482
-98336
-92406
-92380
-109042
-99614
-101814
-100442
-104684
-110802
-106820
-111466
-103230
-105014
-104026
-105658
-103484
-105326
-99422
-90848
-100462
-98670
-86764
-95848
-100918
-110282
-108294
-101340
-107174
-100638
-107826
-106974
-102048
-94434
-84726
-107504
-99936
-101250
-105586
-104062
-99192
-101000
-101680
-96374
-102986
-109426
-107092
-106900
-97956
-104670
-109836
-102254
-104954
-109936
-102816
-100944
-90376
-100688
-100950
-99804
-96672
-93470
-86298
-104798
-103176
-104602
-96784
-106296
-97418
-95990
-87152
-97250
-97568
-93356
-91286
-99128
-95220
-80944
-95050
-86336
-100940
-99468
-106438
-104176
-95958
-102392
-105922
-107232
-97382
-97886
-94460
-98934
-105422
-102274
-104764
-109846
-107548
-105508
-104736
-105906
-93718
-88920
-91730
-101496
-110432
-106088
-101576
-100758
-102616
-111154
-108558
-98726
-103734
-95382
-107074
-92974
-101870
-103130
-101524
-101632
-103072
-100518
-102964
-102442
-85230
-97412
-96734
-92288
-79800
-98484
-101034
-102398
-102296
-100748
-81620
-103282
-107046
-103626
-106006
-99204
-98804
-95280
-97716
-99630
-103242
-84736
-97008
-102440
-88732
-91782
-88580
-87680
-103948
-100308
-106010
-106750
-107778
-109506
-102054
-110262
-100898
-103678
-101208
-106026
-110560
-101168
-94618
-103872
-109944
-108298
-110752
-104704
-102438
-95502
78984
93706
101618
111464
111234
102696
106190
110760
105296
104134
97120
98592
101552
102686
101740
100602
96114
98936
105696
101790
87050
104952
97402
87580
98058
99238
102040
100054
94320
104144
105502
106048
100288
97856
103182
107770
105952
101984
101630
102794
105612
92926
104824
97852
101926
99404
97682
96460
96454
85532
100892
101790
107182
109560
108806
105044
101840
103850
106154
92260
87346
101586
104044
106358
105642
105228
100246
107524
98666
101444
98422
95954
96022
94882
98374
94584
105324
102600
97512
104128
104692
107770
94486
105554
105844
106514
105588
109954
104732
105320
104158
100894
99886
101494
104830
100130
104854
106484
96108
107666
103094
101386
96424
107180
90670
99130
97924
92232
104306
105680
96202
89010
87262
96820
103250
106430
105956
101896
87796
97546
108236
106840
84196
105518
109792
104546
110002
107668
107120
106406
107704
101556
107788
105128
104014
102264
109648
106596
106270
102316
103926
100642
100684
95578
102890
95484
88580
100778
100486
94646
105182
109484
95904
98824
103292
98636
89876
105540
100096
101842
102014
104612
104538
104118
100656
89258
67808
85982
96002
107118
94176
104188
104060
97726
91778
107466
98648
102970
99042
95904
99406
104504
96472
108528
110428
105030
98992
69678
97772
102714
109384
109670
100146
101530
95216
105556
93260
101268
100176
104480
93672
80080
95998
102126
99880
96180
101580
91762
100344
94312
105034
103806
101174
89864
101990
104492
95210
103366
98428
108162
109004
103516
96216
100868
102898
100670
97912
102688
103124
100826
96686
99892
102468
102088
104156
101936
96884
100952
96738
107036
104696
88238
102612
93818
99624
99404
100480
97174
94578
102342
99392
105228
99704
107368
95472
98578
95438
107202
106756
104270
83610
93458
107794
109362
98678
96820
97386
84016
99596
109026
103398
106234
107788
104720
106598
109740
110552
102790
105050
95670
98314
107756
103192
103884
99640
100164
97744
108838
107280
109668
101378
86420
103766
104364
98700
92952
94678
94400
92924
102332
108508
106364
104876
105206
97322
102406
103478
96720
110786
93788
90166
101744
101640
99080
101870
99662
109796
104816
97790
105070
102756
91412
98272
103000
106220
105450
101488
102136
101208
101240
97420
104002
101718
107080
106808
104578
108256
97764
106756
99110
102076
92724
101576
103614
100596
89340
91914
106314
105626
106708
104488
104042
104722
96938
101736
96886
96982
94716
105120
105322
101610
73920
100582
88644
97574
105854
96038
96714
99690
103308
107408
103684
98872
106830
100394
106976
102078
104604
102960
103540
106126
108102
99176
88656
103838
100242
102190
101316
103318
108620
97912
104554
103634
100684
105162
106646
89032
95300
101426
96806
94668
99366
102018
110658
102816
94944
98006
98106
102278
107772
110054
101974
105504
106422
106806
96750
102010
92180
92632
96432
89760
97642
-104126
-103592
-106484
-104608
-100970
-104142
-107656
-104500
-104688
-99022
-85312
-89074
-87754
-102070
-104656
-104306
-100976
-99988
-105242
-104808
-106946
-99404
-106072
-101556
-104862
-99364
-105778
-106794
-97362
-110160
-111908
-109474
-103732
-109498
-105718
-109298
-101768
-106984
-101370
-101854
-106642
-103154
-98900
-98018
-102532
-104638
-99824
-107262
-104278
-102606
-108206
-97148
-101730
-107978
-105522
-100230
-109058
-101332
-99764
-98878
-106922
-105398
-102454
-102574
-67360
-95466
-100158
-89594
-86948
-97078
-104506
-103806
-102180
-78442
-102852
-110666
-101824
-100380
-95792
-103920
-92912
-105520
-102816
-98494
-71066
-96012
-94590
-100176
-99012
-104490
-95960
-94556
-108426
-104846
-110670
-109804
-106446
-104360
-100082
-104600
-92578
-103596
-101544
-93440
-95956
-97628
-98398
-102228
-101298
-101910
-101476
-95334
-89102
-101986
-90380
-95244
-66708
-99870
-98962
-95168
-81900
-100262
-104394
-101030
-101640
-107128
-104784
-108508
-107790
-106824
-104592
-100058
-108066
-108590
-104056
-93134
-101824
-106220
-107452
-105732
-99764
-96678
-99784
-88518
-94584
-93658
-101412
-101712
-94726
-95238
-89778
-97574
-102216
-103384
-99932
-65828
-94950
-97508
-91200
-99922
-106140
-105736
-102834
-98822
-98602
-95790
-102730
-103784
-99330
-103948
-93642
-102096
-107906
-104240
-95710
-94940
-95810
-97786
-99840
-81202
-94184
-99698
-84722
-94046
-102608
-102444
-102906
-105068
-101700
-90212
-98348
-106974
-100642
-109622
-107272
-99980
-105504
-99112
-104832
-100792
-107428
-106152
-78630
-101994
-99266
-97680
-103476
-100374
-102144
-86424
-101910
-108998
-101478
-107014
-107214
-104806
-98036
-106568
-99304
-101274
-101848
-106702
-101510
-106192
-104726
-103554
-100810
-103396
-103508
-102384
-98226
-104060
-92170
-109774
-109418
-108536
-109614
-108700
-108430
-105860
-105410
-104548
-104692
-100822
-104972
-106758
-108686
-106700
-109394
-108114
-103936
-107886
-98850
-101140
-100788
-107666
-107758
-106190
-110142
-107084
-108808
-101272
-98734
-99412
-105120
-103834
-99232
-106092
-103054
-102018
-91658
-104890
-110556
-96270
-102052
-101298
-104334
-103820
-99500
-107706
-105584
-94956
-102250
-104258
-99498
-98944
-105572
-91720
-109304
-104956
-107354
-107524
-99078
-100090
-99566
-95594
-89018
-94378
-94004
-100052
-93064
-100196
-100420
-108056
-109736
-103218
-102878
-103566
-96288
-103416
-103534
-104326
-103670
-106242
-99850
-106650
-103734
-105962
-101114
-105848
-105478
-107938
-92110
-103626
-107526
-109636
-105900
-99294
-107508
-102918
-104500
-99708
-94772
-97752
-95486
-103492
-100828
-104498
-105276
-107878
-96984
-100742
-89004
-103248
-102144
-108762
-103374
-103690
-101574
-108154
-97932
-108790
-102370
-101308
-106844
-110684
-106304
-101056
-108962
-102996
-105276
-101224
-103686
-105156
-95302
-95924
-108188
-102690
-97326
-110690
-100918
-104048
-99580
-114642
-112550
-101784
-109118
-109674
-108554
-110102
-93212
-100708
-105410
-107286
-103996
-107886
-102558
-94434
-96412
-104954
-94240
-100584
-104732
-102178
-105316
-112542
-107120
-104712
-97380
-99366
-105688
-108238
-107420
-107714
-107072
-105036
-97748
-103022
-102928
-92628
-100794
-108364
-102880
-104164
-85266
-91394
-105356
-99376
-100822
-101344
-102302
-105560
-106582
-106498
-104494
-100816
-105448
-101662
-109316
-100970
-95308
-100928
-106264
-99866
-102734
-102110
-102010
-105916
-101296
-96852
-105410
-102458
-97854
-103384
-101706
-103530
-99266
-105102
-100946
-89992
-92750
-105436
-100452
-104822
-103154
-99736
-109626
-104444
-104640
-106052
-102570
-102398
-104458
-107446
-90350
-91196
-106216
-106750
-104240
-105504
-99392
-99408
-98526
-102806
-99016
-106138
-106984
-102960
-93356
-111232
-104150
-101538
-82494
-98210
-104294
-100526
-92244
-92494
-104102
-105642
-104088
-110402
-106198
-99058
-100130
-92790
-89922
-101962
-103486
-106314
-95686
-96532
-103716
-98238
-96100
-97276
-84224
-100554
-102832
-102602
-92456
-98210
-104508
-101386
-102652
-106236
-96680
-99768
-103416
-104094
-88102
-99746
-101350
-102876
-107278
-109342
-103220
-106152
-102170
-103130
-100340
-99174
-94400
-108802
-89268
-89438
-92276
-99256
-92654
-94336
-97674
-93320
-90200
-94100
-98132
-98174
-110086
-102096
-98416
-106082
-102098
-106144
-100390
-99098
-105782
-101790
-97814
-99410
-104136
-100896
-102018
-98636
-98346
-102346
-93512
-108610
-105048
-106612
-103998
-102064
-105984
-105480
-102866
-107208
-105472
-104792
-98376
-105118
-106736
-104606
-102612
-111150
-102020
-104618
-102622
-97264
-101408
-89796
-102378
-102238
-105448
-100180
-99388
-104838
-105046
-107896
-99482
-100506
-98648
-93836
-100282
-105078
-111776
-107256
-98758
-107998
-98104
-108986
-107304
-99204
-108820
-102774
-103468
-103888
-103590
-108608
-97968
-93418
-101214
-99126
-100882
-102026
-94730
-101534
-100282
-103110
-91594
-101380
-104040
-106218
-103432
-106136
-106384
-99884
-98944
-97720
-90234
-91438
-96074
-104162
-102108
-109176
-103478
-108870
-96724
-99224
-104102
-104584
-96022
-105926
-99810
-100718
-102588
-102112
-104470
-105054
-96182
-101846
-97890
-96626
-98924
-94606
-102286
-100918
-106106
-100284
-97854
-100288
-102122
-106094
-103146
-105242
-105856
-91512
-102676
-107466
-96714
-101410
-90098
-82580
-104754
-101350
-103284
-104176
-102670
-103494
-86356
-102960
-97962
-106554
-105686
-103958
-109340
-108502
-94666
-103464
-94568
-107710
-110186
-103960
-103992
-97510
-95480
-98824
-100882
-94892
-101644
-100798
-97826
-102128
-100970
-100916
-88648
-100108
-101872
-104112
-107220
-102166
-96722
-102934
-101578
-90578
-107006
-106910
-103264
-98718
-105748
-89988
-98638
-96872
-89344
-105986
-103236
-103216
-109182
-110614
-103474
-102410
-98380
-104098
-105686
-106226
-103498
-104794
-108616
-105424
-104456
-89600
-92064
-101358
-94714
-101376
-105318
-92816
-94862
-96330
-101318
-105830
-101642
-101868
-102890
-97416
-96490
-100170
-107870
-111308
-105954
-108310
-106832
-105210
-103986
-105346
-99512
-101696
-103712
-103904
-106080
-104934
-101892
-98482
-76238
-95828
103730
105796
102794
100544
107490
104282
104574
104948
102294
102542
104120
106858
102450
102420
105400
100848
106568
103278
105684
107554
109438
107460
87522
102678
105540
108036
98810
104108
102368
108908
97908
100414
103272
101438
111730
105324
101118
111562
106096
107590
105212
97044
104640
88526
98868
97240
100884
97480
94618
104922
104348
102734
93412
106832
102162
88706
94646
97510
84728
106870
103688
97908
102578
104358
101934
102822
94254
102412
100948
105770
100394
103542
100278
91388
101700
98552
104936
100848
96516
106180
105748
102946
106138
101576
106828
105642
104568
97038
73142
97442
90366
95880
100994
87930
103644
102256
105562
96016
64772
98196
95834
91966
99108
100692
110416
100004
103904
103032
105088
94554
105874
82730
99238
109232
102632
103908
102784
100364
108278
92160
103912
105992
102620
89064
106092
99656
96354
105414
105218
100386
101064
88040
95586
101032
105326
102416
93138
102870
108126
106010
105460
99944
104676
101460
100676
100170
93890
105058
101178
103276
105194
107542
103304
106340
101028
103606
88850
88006
-98726
-103764
-95246
-101978
-98490
-91218
-101886
-98498
-103898
-106612
-99154
-96420
-103488
-105270
-99190
-92094
-70012
-93834
-99204
-94248
-68702
-83318
-97784
-100094
-91828
-89538
-93462
-102612
-109354
-106876
-105680
-109180
-110680
-106550
-102360
-105734
-107510
-97734
-106250
-110742
-106904
-106716
-108400
-101010
-97898
-99720
-103468
-102202
-99372
-95730
-100148
-98862
-101442
-107894
-106628
-108038
-109782
-106528
-104450
-98104
-107244
-109678
-106410
-103496
-101958
-105336
-94948
-100156
-105764
-102686
-95512
-97010
-100644
-105206
-102632
-104910
-105498
-102748
-107976
-101314
-105688
-104352
-105818
-90392
-84448
-103142
-106634
-91102
-89362
-88404
-96394
-100580
-94784
-93154
-97314
-103340
-90258
-94592
-96188
-99276
-102628
-97642
-102230
-99618
-103132
-107422
-90136
-97754
-104914
-107896
-90952
-99836
-94566
-95340
-94510
-89190
-103624
-99254
-98846
-92970
-103128
-93458
-107052
-98810
-99860
-75228
-100226
-105186
-94264
-100664
-103238
-105346
-101328
-112776
-99360
-91880
-86474
-91148
-107770
-104080
-108792
-107098
-97010
-102264
-97750
-94286
-101898
-95178
-100674
-99490
-108198
-100998
-96880
-100938
-98782
-98592
-98758
-103360
-103380
-102450
-99102
-105398
-103620
-101942
-102308
-94906
-92672
-102906
-105334
-99184
-105184
-107194
-105298
-103794
-100264
-98870
-104260
-103630
-98438
-103432
-101400
-102410
-88504
-95602
-86322
-99860
-103780
-85232
-101458
-100526
-106444
-108014
-103884
-102202
-99732
-100720
-101648
-108902
-105604
-103980
-102640
-104688
-105806
-104228
-104524
-95318
-98516
-102660
-102780
-108166
-106522
-96844
-98506
-104810
-105638
-102234
-104718
-103336
-103250
-99366
-101122
-100344
-103104
-106294
-101116
-104510
-97442
-95736
-103532
-107120
-103098
-108518
-107036
-97208
-102522
-101788
-98290
-97590
-97034
-102482
-92242
-98754
-95510
-97470
-103412
-99286
-96578
-103012
-87356
-79712
86498
-88934
78712
-95480
-100494
-88630
-109138
-90710
-97796
-102634
-99700
-91416
-105838
-109350
-107940
-98876
-104268
-102216
-108488
-106300
-99770
-104698
-107906
-94392
-105040
-106024
-103764
-102590
-110456
-101982
-105324
-107530
-101730
-101098
-107718
-108626
-98306
-98794
-95480
-103278
-100130
-98902
-106202
-104660
-103336
-107596
-98044
-102112
-107696
-109754
-111068
-107434
-108276
-98550
-112916
-105392
-111328
-106768
-100226
-102764
-103670
-94224
-98248
-103902
-99356
-109342
-99092
-102444
-110196
-107628
-98926
-94430
-101990
-98112
-80358
-86366
-99098
-98456
-98954
94872
93236
97952
105922
104004
106940
101424
101226
109792
104732
102866
103610
98438
101704
101522
91068
101172
94814
97846
102140
103378
94968
101662
94720
102832
103482
101456
108960
106562
104434
93908
103600
99064
98142
109644
110520
103098
100502
95340
102422
104720
97594
105936
108802
104604
103652
106768
111928
104172
100552
108236
97184
107080
101584
107688
105018
108938
105724
108342
103620
100694
101956
99326
102906
98712
96280
98568
89788
99984
91106
99416
102210
102340
108560
101318
96706
100356
92986
97162
100768
98270
105870
102096
91296
106022
97570
94112
102874
93550
105628
92466
97750
102920
106218
102772
93864
80906
104390
100110
106724
104718
106562
105854
93678
103662
89054
105666
103192
105766
102722
102152
93614
101458
94356
93152
101244
105106
106574
106756
100590
103452
104656
104142
104708
89820
106228
107042
97240
88284
103274
99716
87204
98804
93624
100656
98782
104638
106476
102640
103710
107590
109942
101920
106074
105224
107684
93240
105206
104950
103138
106478
105948
103252
110800
108012
103046
102536
101162
106438
103650
99610
99786
106224
104246
95472
100148
98976
101074
106474
102264
96804
98674
97850
84128
99634
102388
100420
97016
97758
106842
108346
103408
105500
103784
105796
104822
101492
100120
99538
102912
97706
106996
103930
106458
102998
104472
85578
100256
92818
97614
102836
100388
96000
102178
111486
104134
101960
107064
105912
100864
102538
100766
103934
109062
110584
104612
107006
104038
103832
109038
103576
106514
105566
97528
100784
106678
102780
101534
93516
101936
102054
97114
95276
107254
104288
88466
101136
99278
102754
103040
104326
95212
90690
97546
99008
94074
104102
103608
97872
104782
110408
109270
105694
105452
106524
104944
104074
109278
109768
107018
109524
110874
107892
107794
109796
104602
103406
94244
103338
101880
100392
104658
97952
101988
106604
95114
96912
98728
101982
98542
90240
96558
97304
95750
101050
105320
104412
98924
98692
98984
95828
104544
98550
97312
105724
89736
96858
104016
110344
106024
108780
107962
106888
98010
101714
106376
98328
104740
107926
106784
103838
105640
108296
107962
104824
108158
99614
107178
93012
97752
94468
96852
92688
101434
105316
101874
101786
107638
106744
103894
100520
102408
107404
107768
106258
104486
110842
106720
100640
107056
102038
109988
103744
111318
107216
106710
110424
104110
99036
97394
95558
104490
100126
86420
95252
95894
99334
95128
102668
104380
103010
100668
100422
99568
101912
99074
101166
99178
101466
99364
104264
99080
99312
101506
85792
91554
98188
108330
105734
99480
107722
103648
106364
103506
104010
103184
99180
99754
105724
107782
98206
109360
103966
106760
101956
104362
103508
107338
97624
102070
100972
92460
100514
101516
98648
102812
92384
98192
104210
102692
99138
93632
103642
106474
97674
98818
95268
104264
102856
103050
108426
100472
99328
104644
105554
94114
101480
103434
103792
87852
99746
105946
103932
108136
106408
105466
103284
106818
106170
108528
109756
112766
107264
102250
101154
107730
106918
100320
97200
102616
100186
109654
107178
105666
104610
103334
108122
98676
101462
100022
95298
101276
85012
99736
95636
105546
99816
100964
92526
95406
100966
91066
104926
104322
110944
111688
105548
106952
103776
99208
104656
103316
98478
93322
101716
73046
92486
106092
107322
99000
102976
103042
98022
99230
98056
100236
108774
106504
97326
95826
100610
103334
100056
101632
94846
108938
101232
100652
97778
106262
103634
108248
92866
96734
91528
98760
95398
95446
91574
96088
103240
99526
106896
106872
106306
97970
100374
101788
92208
98528
100138
109976
111598
105012
98394
104628
100284
105318
106836
104774
97724
96414
97346
108128
106328
99202
95472
102294
101500
104200
94780
97656
79386
90038
104546
99692
86370
101534
101712
94934
106760
105080
109980
103996
107204
96610
104566
106360
105904
95492
108904
98188
102676
107054
91968
95540
107178
109954
97080
107246
100564
87692
81088
108024
101300
98872
97702
102188
103042
108998
102118
101678
100372
105524
98784
105858
102354
108794
106726
103568
105714
109828
100728
100372
101432
95704
98506
87614
98408
106904
100380
106650
111676
92056
100210
102096
104272
108178
104692
106368
100238
95606
105956
105682
102936
99772
101390
95636
97290
101482
104942
104398
101612
90432
100334
92050
99720
92914
95584
97514
107406
109028
108892
106830
106904
95680
104716
108944
107026
103070
104472
91684
94674
107360
100384
105414
99154
102762
99478
101332
100670
98348
97792
98958
107546
88808
96070
104818
95072
106632
100630
93296
97914
95610
98382
101836
98862
105430
107508
101968
109586
110496
110562
111394
95984
105316
104658
98910
105686
99618
102190
103024
104450
103632
108182
108838
106812
99566
100998
95138
101470
90976
98264
99498
107354
95566
92306
100708
105948
98988
97294
86382
99794
97168
101782
90516
108106
93738
104296
102680
98078
95732
96694
101624
97364
104628
108868
94216
101088
91640
103354
99434
103936
103492
104400
99532
107724
107380
107858
100432
103222
107278
106446
99472
101856
97448
102962
106336
100946
102920
102122
104942
107132
102140
101664
103868
100254
83966
96352
105822
104486
98616
102652
97304
103926
96120
96476
98702
102376
105844
110914
88654
89788
98006
102668
92476
98968
96204
107524
107494
113604
108866
102590
108228
98180
100614
104790
106560
111358
104194
101930
99538
98822
103770
105276
103586
98902
101760
103392
105466
104770
104420
81568
-90758
-99520
-107708
-99546
-107206
-85376
-100552
-106242
-104378
-95722
-98242
-105776
-103426
-108476
-98886
-101132
-99270
-101614
-89022
-96064
-96644
-102492
-107902
-109274
-99012
-98234
-77286
-98880
-96488
-98806
-61656
-91616
-99390
-100190
-95124
-91152
-99674
-103744
-100860
-101716
-104154
-97220
-97872
-101228
-98364
-96614
-100354
-101696
-102424
-92204
-98932
-99282
-93752
-103022
-101296
-106406
-100830
-104620
-103020
-99402
-103350
-101974
-99508
-102304
-100610
-103024
-101394
-98590
-98052
-101576
-107848
-103228
-88680
-102658
-97762
-96124
-103782
-90218
-103754
-104950
-106010
-101042
-94948
-106450
-100264
-104454
-103792
-106644
-103188
-105270
-105764
-106074
-103896
-99410
-109364
-106864
-101668
-105646
-107450
-103838
-102154
-105936
-103576
-89388
-96000
-107402
-107602
-108042
-104280
-104400
-100652
-92748
-100388
-102630
-101636
-98744
-106392
-107994
-99110
-99016
-105290
-103524
-105866
-102748
-91648
-98878
-103770
-99882
-97714
-104878
-104372
-98618
-108978
-106048
-106410
-104158
-106766
-104168
-107340
-106694
-97332
-97890
-104222
-99620
-105456
-103470
-101200
-105590
-105026
-105328
-101468
-102930
-105586
-103878
-108558
-101026
-97256
-99758
-93282
-93744
70202
98114
101186
102414
104442
99518
105212
93086
85738
105904
103332
111408
110012
106902
109202
102766
89806
99620
102404
101860
101412
99452
99572
96530
86822
98374
100734
105702
104946
96040
99894
111144
108258
101474
104174
88918
104208
105132
106486
88956
95684
100692
102278
106412
106790
107096
96780
99498
105180
104108
100082
98604
93598
108738
109062
103670
109190
96792
100156
93558
100150
100962
101488
104910
106314
105790
104156
105258
104028
98548
96228
98476
100752
95300
99338
100328
89916
97594
100090
103802
104980
106576
83656
101206
106130
107092
106630
98470
98644
103836
106502
100426
103558
102496
101202
101244
73702
103752
103970
107488
103352
103484
106894
108454
96556
104506
96824
94196
103554
101896
97250
98604
107592
104932
109394
88504
92116
99552
93990
106692
102686
99638
101502
104192
99280
102032
104710
103324
99748
106228
101552
97622
97568
95446
100018
106860
105866
101610
104524
100910
100298
104600
102216
106042
106442
106322
109240
104490
104866
101328
105656
104076
99632
107316
91754
104882
96242
100182
101410
107532
105480
91306
103586
107246
93410
107980
107216
105836
105270
98058
105160
108926
105962
100616
102360
85440
99806
102796
101194
99778
87914
101316
106242
103622
101122
90822
103842
106770
109388
104722
106458
104046
107316
90178
106332
101564
81022
102406
108066
102476
105456
99968
104654
106196
110360
109704
106666
106312
103724
107616
102988
97114
106044
103882
103450
111334
111374
106614
106290
103042
97954
106730
98404
106362
105280
105258
103532
108556
100302
107130
100268
104862
107550
107660
103558
106042
103956
104778
108476
110056
102534
100988
104476
104792
97096
96784
99232
99332
105442
82004
104800
101992
106632
109192
111964
104006
104292
101792
100066
93816
101420
99352
88390
72458
103406
106920
102282
96094
101128
100132
102774
108924
104586
100034
102286
102218
103460
99212
98452
105966
106400
105762
100566
101518
104180
103602
98058
90646
89096
101444
103316
102296
104770
101298
106166
108648
98570
97422
100860
100042
105362
101026
95116
102796
105302
95688
99916
90798
105372
110570
97990
106722
98398
90464
99734
106952
101864
100738
100830
107596
95244
93592
101710
97444
107214
106516
99270
108920
103196
102140
84032
100326
99900
107190
103388
102584
102640
103312
107832
106580
98290
98538
103118
102872
97088
104744
98418
96412
86824
93824
104098
100336
106588
99042
111298
103592
108378
100986
107936
109856
102106
105298
106316
92676
101216
100784
110384
104166
97140
104692
95902
93412
103378
104182
98836
104948
110288
107872
103772
105598
103250
102770
107162
106704
104414
103140
104078
102958
105598
92456
100400
97468
97970
102274
109502
101854
98332
106788
104086
102962
93006
103500
109274
106918
104872
102920
104278
103734
106520
104314
106910
108760
104760
109618
109266
104644
106450
101152
101390
107310
104760
110312
106648
106994
102468
103984
101028
108340
106628
107060
109884
99988
91118
93046
94766
108190
103820
96662
97994
92852
99624
98240
102648
97750
88496
98452
94126
99132
89538
98350
89232
103546
102052
101168
102984
101684
106270
105344
103568
102420
104046
98726
98038
103088
106788
107930
109300
103004
103774
100934
108366
103426
96206
106162
103728
101688
94810
103292
111068
101178
104064
103012
103122
101736
95642
98266
101608
92568
108418
101012
106188
107966
90278
102672
98964
110236
103722
94212
90120
104650
100678
97764
105610
106370
108394
99264
103176
105502
96970
103712
91044
98544
103814
93768
99248
104768
104258
104974
103132
90106
95932
96326
97654
105010
104118
106060
104398
101708
109580
106330
108856
99964
104898
107918
106082
102648
106452
105816
99164
109018
108426
100434
99338
106132
105772
100164
97534
104186
110568
99458
101522
99102
106408
103998
96604
110436
108398
108622
101828
95720
102872
82234
89816
96762
102268
94358
95834
107464
105598
107390
102976
102948
84208
97694
109400
102838
82636
107068
87586
100978
99830
95464
94408
101594
99790
105542
105964
92640
101682
99216
104112
108998
110528
110978
106004
89086
109078
100136
91234
100474
90118
99702
95840
105230
99952
102816
108286
103152
102346
104196
99700
101484
107584
103504
101616
103522
100278
94710
99904
103534
107752
104378
90126
87226
94844
94206
79972
96302
98616
95148
100608
104590
98366
78000
105146
102456
102660
101132
108712
108888
103808
101868
102780
109440
76208
100640
89878
99192
92550
97456
94908
88766
105876
105660
94372
105418
104048
100540
105222
105068
104072
106932
102536
106678
101180
104016
98946
95672
103646
105502
56284
104548
100660
103602
101048
101852
105764
100568
106000
109162
110430
102948
103556
100076
100244
101914
106222
99900
96152
97310
100120
90164
95348
96728
103088
108550
109194
106502
107910
95508
104196
103560
103270
100116
103814
102094
101768
105454
99686
103206
98720
104072
107372
104372
106034
93474
102194
95224
101502
102366
106454
102866
107816
108190
108338
92882
96890
103932
107116
104338
105610
95750
103884
103854
105710
101254
102336
101460
103438
108434
107554
98808
102870
102266
92196
54686
97404
101638
103842
96200
106322
102570
110050
108596
102882
103082
99496
84538
95572
106522
94720
101808
102992
106588
95192
103672
97348
99140
96484
106456
94990
95780
106714
103766
107424
94402
105114
103664
98590
100186
97926
91234
97692
91008
100506
98814
102336
74340
101394
109492
102432
97110
106932
104892
108880
104140
99202
105832
103468
111568
102356
105640
105202
100088
99328
105924
102040
109764
101508
104058
99792
102970
96612
103688
108544
103176
103714
103990
99226
105840
105244
97400
101480
104742
97328
100740
100330
106830
108492
103128
104644
75906
102472
105300
103220
107008
100196
104678
103034
107670
108772
104560
100806
104790
101152
107670
90040
102286
104634
92894
104422
105658
105216
100362
102982
106058
99856
102786
99908
103562
102200
94488
107648
101050
97868
106024
108438
104112
102270
102424
102910
103560
94842
99602
109914
104500
100508
103996
101092
107540
106668
105740
105228
104104
109972
105750
101666
103010
101390
102492
101206
102314
92888
103354
101410
104544
104400
102962
104762
100276
89168
101320
101896
107288
102602
107106
99278
99556
107368
100762
106612
89416
104312
98706
106684
102594
105542
101432
106648
98594
100088
101158
100574
108690
106546
95778
94274
96534
99770
104464
104070
93896
105002
105380
98884
95714
94446
106306
105730
106812
105520
106636
107398
111288
104198
109794
108760
100048
106742
108418
107716
97250
101186
98546
94410
102826
100436
106266
105464
107872
109872
91276
100736
94106
102396
107322
100818
92776
-100908
-106624
-107124
-112728
-107858
-112178
-105720
-107424
-104258
-105388
-104924
-106104
-106752
-103208
-108912
-98100
-100486
-93030
-86754
-101094
-103342
-90530
-95986
-98932
-99810
-100552
-106948
-107970
-106020
-104754
-98302
-102844
-103468
-101332
-104034
-103070
-88738
-104772
-95922
-100792
-101020
-105840
-104394
-96200
-97250
-98228
-106234
-98202
-98586
-90816
-84532
-100408
-99226
-104418
-84142
-103160
-93888
-102442
-107040
-104292
-107710
-105518
-103014
-101084
-106340
-103050
-105092
-106382
-110434
-103862
-99930
-80868
-92792
-102290
-103404
-102464
-95036
-99046
-100804
-96444
-101200
-101034
-87356
-100096
-98304
81074
94356
93340
96354
97156
90910
93436
95722
95902
103122
91508
105074
104054
79166
107370
102800
107552
105096
97706
95472
104760
105008
101314
107336
106018
106322
104288
104526
95752
107266
103002
101500
110860
107088
105322
101662
107318
104826
99706
101018
98172
102708
97316
100250
96892
97470
99082
102824
101556
94634
90850
106516
88918
97216
78620
104244
97440
105544
105622
101182
103940
100464
105706
105758
106934
106602
102384
102240
107362
104654
102608
94226
89498
101588
102826
108842
105512
103798
109466
103794
106936
101030
104248
90606
97434
101194
102948
90356
101764
91812
102754
102032
105404
108496
103586
105024
98874
99126
104080
102492
105988
104618
98350
102218
101466
57832
92002
80708
97904
104896
101940
103456
99374
107384
102340
104078
104236
102612
102238
98832
98824
95542
106412
103314
103900
97136
82744
70660
-102156
-100778
-101334
-101604
-101954
-102664
-105650
-106548
-99526
-80666
-98686
-101306
-91742
-102352
-101170
-95026
-97992
-100416
-108998
-105202
-98764
-96058
-104346
-92648
-104452
-109150
-75526
-80114
-105716
-102998
-100180
-102586
-102580
-106400
-105802
-97000
-101698
-101116
-95078
-98970
-106216
-103398
-106596
-107850
-96094
-102636
-98348
-92858
-100250
-103252
-103976
-106902
-101414
-99422
-106162
-105340
-92202
-98414
-105406
-104692
-97212
-104214
-101354
-107206
-104308
-95354
-91760
-82562
-96686
-98790
-98556
-83728
-88710
-107182
-106502
-98044
-92560
-85660
-98090
-94276
-87110
-103040
-102982
-94050
-103150
-105934
-107750
-102532
-107694
-99070
-102622
-83772
-99724
-108004
-105584
-98822
-94770
-89800
-107972
-101860
-102390
-101346
-104824
-101582
-102426
-103724
-103126
-86302
-105896
-107980
-108742
-102288
-105444
-104332
-99720
-106096
-107634
-93858
-104274
-103726
-93344
-94644
-93960
-100162
-95832
-104720
-106644
-96090
-103848
-103586
-98910
-105130
-94364
-101784
-100484
-98376
-104184
-100842
-87130
-87874
-95482
-89306
-86606
-99968
-103970
-100606
-103330
-93324
-96582
-99684
-98852
-100430
-100082
-105558
-101594
-105294
-102352
-97588
-103500
-105098
-107642
-107548
-102198
-103502
-103204
-101112
-96420
-100954
-106078
-97716
-98154
-107334
-98674
-98784
-107348
-102522
-108058
-107648
-99026
-82248
-97870
-96674
-103554
-104746
-104808
-99908
-103484
-95628
-100872
-96118
-103586
-100172
-106176
-100190
-97600
-104206
-102420
-99338
-101740
-96206
-101982
-106572
-96938
-93050
-95468
-105588
-100160
-107088
-102094
-104522
-108324
-104744
-91634
-99360
-82436
-105758
-98054
-99016
-98420
-100376
-92182
-91874
-95858
-106560
-102086
-104710
-100578
-103770
-105592
-106072
-94692
-97952
-108460
-101050
-101986
-105976
-106090
-107072
-96746
-105272
-96650
-85088
-103260
-97452
-103120
-103596
-101494
-107500
-108198
-99272
-103754
-106020
-107544
-107950
-107656
-104658
-106936
-104308
-99494
-108272
-100738
-108036
-102880
-92406
-105034
-107446
-102328
-107054
-107544
-105446
-105652
-103184
-100776
-99942
-101802
-108344
-102144
-106954
-106196
-100190
-99794
-85338
-97514
-103064
-103780
-104298
-101244
-103568
-91278
-105354
-102906
-109754
-105116
-107546
-108312
-103288
-98654
-97018
-101906
-99406
-103242
-100192
-87314
-103756
-95132
-74910
-104438
-106990
-103376
-103946
-96054
-106326
-100054
-102884
-101054
-105944
-103112
-103852
-106572
-94980
-84506
-107054
-107900
-108408
-111490
-110116
-110168
-109618
-102842
-101358
-106872
-106540
-107532
-103080
-98076
-91804
-95236
-105294
-103380
-104934
-102826
-103476
-82174
-99832
-98902
-104314
-93068
-108600
-103542
-106878
-106210
-106510
-106714
-107440
-103716
-103556
-104504
-106144
-104082
-100308
-97532
-102334
-101722
-107664
-102918
-97654
-101896
-101178
-100450
-103340
-106998
-104248
-103440
-94566
-93450
-102844
-106966
-104908
-92064
-100212
-101578
-100310
-101576
-106934
-102900
-102342
-106238
-104816
-100962
-98182
-95082
-102456
-103338
-103180
-104432
-106396
-104386
-99264
-109844
-105346
-102726
-104088
-98308
-99788
-100588
-101404
-101216
-101760
-103526
-101430
-105172
-111306
-104004
-97324
-108016
-105230
-103622
-104554
-104540
-106676
-98942
-98786
-95722
-110558
-105218
-94320
-101966
-110912
-110982
-100762
-103502
-106402
-103652
-96404
-98470
-101336
-106290
-103066
-100484
-91374
-85558
-99744
-103574
-104950
-109142
-101706
-107390
-108912
-95882
-98252
-100736
-107098
-108122
-99366
-101508
-103740
-106088
-102678
-95456
-101540
-96960
-92398
-107224
-97026
-95694
-101604
-102514
-104696
-108842
-106102
-97474
-82716
-80028
-105598
-103800
-102944
-105956
-97536
-101078
-106298
-102544
-100156
-93228
-102172
-100140
-103746
-105486
-104916
-100838
-99960
-96512
-102962
-101964
-102076
-101404
-103766
-100506
-96988
-86766
-107844
-90444
-103364
-105928
-106158
-99646
-92356
-93258
-106362
-104656
-88746
-101128
-104044
-97892
-94940
-106230
-105704
-95288
-98374
-91760
-102606
-96648
-108876
-102158
-104914
-107070
-103192
-104774
-94560
-83728
-96362
-98712
-96328
-99020
-102092
-97542
-106662
-97592
-102406
-92812
-99168
-95884
-99702
-105040
-99262
-107120
-94234
-100092
-101158
-105516
-95802
-83266
-97592
-104144
-98662
-110064
-110664
-105386
-102696
-111994
-110212
-108904
-101264
-102110
-105808
-100676
-104978
-98634
-91356
-96826
-101998
-96336
-101678
-99646
-97584
-95794
-101198
-98070
-97232
-86464
-92790
-101170
-100000
-107246
-95400
-103380
-98560
-103478
-97428
-93730
-91932
-103712
-93816
-105416
-103790
-101672
-105628
-107476
-105094
-100112
-92852
-93274
-102686
-87684
-101674
-96114
-95174
-100916
-102386
-103750
-101242
-107406
-108692
-110710
-104898
-107606
-106124
-108288
-104464
-97696
-99562
-102184
-91600
-96358
-102778
-108254
-112674
-98832
-87220
-102110
-105250
-109546
-98410
-100910
-96750
-101040
-105692
-105370
-110404
-99774
-100376
-99762
-106816
-103932
-106076
-97470
-88524
-101734
-101890
-109184
-104990
-97374
-103320
-108886
-103124
-103084
-89260
-100306
-91978
-102492
-97936
-109760
-101126
-105382
-102368
-101530
-106544
-106364
-105090
-103774
-102066
-98934
-100010
-92148
-103240
-104646
-108872
-103494
-97798
-102740
-107454
-109030
-108436
-102040
-94250
-101806
-97044
-101358
-90180
-92424
-94542
-96948
-100484
-103682
-104130
-102048
-94548
-96380
-97242
-99080
-105528
-111518
-107640
-108636
-106274
-98964
-106302
-101746
-90742
-91716
-98852
-97542
-105128
-78428
-105538
-104880
-106458
-97080
-96790
-104896
-87558
-106416
-102390
-102290
-103548
-105440
-106082
-107496
-98132
-103312
-106406
-97116
-96644
-101834
-98484
-97594
-109418
-106366
-97156
-102136
-101410
-110612
-108890
-107972
-99402
-103284
-100174
-98410
-94510
-105298
-102086
-91084
-81478
-91060
-101220
-102376
-103468
-97116
-100940
-88110
-101282
-92910
-82004
-95762
-95936
-106468
-101584
-97398
-102962
-99662
-80486
-106166
-104594
-102938
-109154
-100188
-97564
-81738
-97232
-101426
-102726
-103978
-106164
-93978
-100474
-106314
-105536
-102170
-107086
-104168
-104732
-84958
-103974
-100086
-98426
-96970
-108470
-106326
-91362
-101198
-93900
-97114
-103126
-102228
-102114
-104616
-98558
-103146
-110608
-105066
-97260
-95412
-101962
-98062
-101360
-100820
-101712
-97974
-107764
-99968
-101108
-103656
-103430
-97680
-103484
-105858
-102272
-101850
-98890
-103238
-97954
-94520
-97390
-99298
-106408
-101850
-102960
-106220
-108932
-104022
-97712
-107724
-106498
-97832
-102556
-101340
-102096
-105726
-96392
-86348
-99204
-99316
-105030
-106270
-102766
-101336
-89328
-96106
-98564
-104486
-101608
-89374
-105470
-105418
-108750
-105832
-104186
-106500
-102838
-101462
-107120
-100296
-96374
-97244
-100080
-104066
-105070
-110842
-102984
-109528
-103442
-103748
-89900
-91464
-77186
-94990
-98728
-107158
-105260
-100930
-96830
-95824
-103690
-94690
-103060
-97582
-108726
-101014
-108194
-107324
-107388
-100000
-96272
-107578
-102798
-103184
-105672
-97014
-102578
-103026
-100804
-97626
-98458
-107426
-106576
-104032
-98328
-95740
-101154
-93028
-104686
-97510
-104660
-103622
-99350
-90500
-97690
-102872
-104220
-106624
-106216
-106676
-99922
-100816
-99826
-103686
-94986
-94730
-92510
-97656
-91286
-95774
-100176
-97312
-104234
-97394
-104558
-105930
-101354
-104242
-97762
-103592
-100122
-104980
-103696
-108452
-106766
-78942
-101444
-88036
-99050
-107740
-103534
-104466
-111248
-104072
-92386
-100444
-89448
-98568
-110556
-103584
-85446
-99842
-101250
-103558
-93628
-110774
-108648
-105754
-97674
-99022
-95566
-103042
-110374
-104990
-104254
-103234
-99508
-105478
-103658
-99302
-101706
-106320
-102436
-102990
-104824
-87200
-93326
-101766
-100058
-101762
-110494
-105710
-104444
-102178
-101974
-97604
-96486
-93922
-96648
-100032
-104468
-101912
-105056
-104182
-110668
-107006
-101998
-108754
-102538
-107238
-103080
-104206
-102204
-106378
-105010
-106146
-101624
-102218
-109774
-108398
-103258
-112260
-105776
-112950
-106562
-111036
-107050
-101626
-107562
-104926
-89596
-97888
-92078
-106480
-101354
-106586
-101994
-103012
-94658
-98268
-88952
-98490
-100150
-102106
-103528
-105346
-108294
-107054
-106934
-105762
-105866
-106206
-99956
-103158
-106078
-102808
-109670
-107554
-101922
-112426
-108604
-105784
-106634
-103872
-99304
-99900
-106910
-102832
-102528
-101990
-99790
-99828
-105246
-105556
-110156
-102500
-97836
-107148
-100032
-99188
-99350
-105046
-100334
-82794
-105092
-106684
-98672
-104336
-107638
-110294
-105732
-103788
-102118
-101484
-88790
-103060
-101652
-96254
-90398
-106546
-97280
-105640
-102064
-102248
-108252
-104696
-104470
-105408
-100112
-109502
-111908
-109432
-107346
-105098
-105342
-106008
-82322
-106178
-104128
-104682
-98536
-103886
-108498
-103968
-110654
-105646
-103730
-96488
-103796
-102790
-109174
-107798
-109086
-108990
-108932
-99364
-95424
-103668
-80276
-91206
-99284
-98152
-83402
-99078
-108080
-105158
-105282
-104426
-106174
-109074
-108898
-105450
-95428
-105508
-102298
-99398
-99790
-89438
-89374
-103682
-103662
-103510
-106854
-109596
-102688
-106950
-104778
-109988
-107172
-99634
-104174
-94976
-94160
-105186
-102284
-106960
-94286
-101706
-103176
-104174
-104324
-102850
-100636
-101468
-104292
-103996
-107812
-109628
-106286
-99914
-99244
-98570
-98920
-91656
-103630
-111044
-104982
-107394
-103914
-105740
-96828
-90784
-107636
-108140
-104886
-107872
-107520
-101570
-108956
-101018
-104690
-108288
-107650
-108834
-98018
-102736
-101838
-105656
-108708
-100384
-95248
-99990
-102322
-108846
-105110
-98634
-81846
-78264
-96130
-82536
-91786
-97988
-101446
-95138
-102232
-87038
-90762
-104038
-107840
-103668
-97520
-100820
-104890
-102176
-91392
-95210
-101652
-89884
-91870
-90962
-98808
-99188
-95182
-106198
-102106
-97628
-102210
-110688
-87516
-98538
-104276
-98890
-94650
-97598
-102474
-107920
-106408
-94566
-94998
-103938
-97830
-105434
-103868
-95990
-100498
-98866
-101204
-97648
-92958
-99910
-102352
-107554
-103972
-103076
-107170
-105162
-108014
-103738
-96094
-102520
-101242
-86904
-97176
-99050
-91402
-108372
-106278
-104176
-90042
-87608
-94820
-100164
-96308
-91906
-100036
-105504
-103500
-105408
-95468
-109122
-105512
-97624
-106768
-103236
-103814
-92614
-103860
-102952
-106144
-95060
-106748
-105740
-105714
-104340
-95372
-97120
-93796
-85706
-93434
-101392
-100232
-102464
-102940
-107212
-109398
-109602
-110740
-111130
-105506
-102218
-101826
-96000
-95218
-84132
-101740
-109582
-105036
-107552
-102468
-90232
-94978
-100184
-98054
-104580
-100426
-105942
-102124
-111804
-105556
-104422
-102996
-99582
-87318
-94456
-86894
-97826
-87408
-103256
-96526
-103252
-99384
-102232
-104094
-103278
-93550
-101678
-98494
-96936
-94894
-102942
-100720
-95750
-88538
-98234
-101666
-101778
-102568
-105082
-94256
-99544
-89076
-100328
-94828
-80860
-96970
-102688
-88408
-101216
-99704
-102300
-101448
-88326
-90508
-101452
-97676
-82428
-89216
-92354
-95344
-98766
-99894
-106104
-108986
-107330
-104434
-102534
-100962
-102260
-103266
-106772
-104898
-99396
-106042
-103698
-104366
-97116
-101232
-94448
-104794
-102214
-88162
-104240
-101174
-87478
-104748
-104632
-102740
-100722
-105122
-101774
-106974
-93348
-96420
-110812
-106262
-105258
-103068
-101068
-96502
-97658
-85702
-101086
-107748
-99376
-98670
-102126
-103526
-101978
-106578
-102498
-97710
-95388
-92366
-100716
-106912
-96654
-109218
-104972
-103598
-102258
-106358
-95648
-102502
-100032
-98478
-105390
-102646
-103322
-106034
-96788
-99840
-97780
-102776
-100456
-103492
-96654
-95088
-83234
-98234
-101638
-100560
-105364
-107938
-105336
-109338
-107188
-106142
-110760
-105726
-107966
-106848
-111350
-105286
-98030
-99548
-101284
-92956
-107462
-100002
-96092
-100568
-97082
-95484
-108386
-107696
-111040
-98134
-109332
-107352
-103462
-88030
-90482
88606
105002
101922
101426
90938
101132
100834
90124
90274
96458
96626
98846
98208
107362
101332
93436
94268
105770
103488
98242
100002
108596
104438
102564
102690
101270
99088
95864
106176
106922
101656
104594
106972
103222
102880
93304
104524
101074
93870
93216
104332
102342
95798
91416
100870
102078
99458
95916
88984
91840
93172
90424
96370
102330
104192
101466
94762
102822
102952
98828
100934
104908
98006
105566
101750
100562
94696
103268
106890
105044
98180
100970
103444
102556
98258
105440
105822
101594
95926
95128
95372
92316
89336
78132
86326
99658
100640
95840
94670
96174
102448
99600
99634
105130
101582
103800
102848
101214
103454
98772
99078
106580
108522
100710
101176
102076
97028
92758
87828
99590
106670
103278
96002
105416
101564
100882
93284
91312
100358
100630
98562
93784
101324
103600
109244
101140
109702
109756
104842
111622
109878
100816
103202
107480
101502
100538
103038
102398
102820
112352
108266
104830
108176
105178
105050
108774
101884
105972
105330
101734
108366
106682
98610
95874
99006
99838
102786
96570
81960
84004
99900
99526
105536
106878
101812
101556
101866
106746
107688
98574
101660
98698
92266
94606
103022
95192
104306
109612
104096
107532
94586
95190
89490
103166
107968
102328
91766
100360
99476
100770
99192
106270
98036
107372
109072
103740
99876
99110
105844
98982
109210
105728
105190
103744
104252
94296
96588
88392
94270
106098
106836
102694
102610
101210
91552
100550
109850
103856
106352
102450
102414
97618
105716
99140
96916
93558
105950
110310
100690
93370
100104
101716
100968
95162
93880
96516
101490
98350
102384
95564
105492
102488
99382
106264
104746
104716
100362
105790
104248
106044
99820
109230
105120
104504
98770
103866
103770
103628
103228
95912
95548
103160
102228
107232
110800
106700
100934
105106
94572
105664
105202
97914
101146
99026
99038
101098
102280
100050
96548
91766
87800
97152
96542
102204
94958
104276
99176
104104
108484
105348
106138
107964
103564
101404
102450
102104
94798
94566
102004
107114
106814
104578
103448
99630
94584
100488
99322
107220
99926
103972
91300
99134
98608
102012
108704
98554
99376
99174
89974
94670
99864
103052
104506
94332
100964
105036
104644
107210
103830
99442
105886
106708
99614
105460
103064
89988
101726
103462
104292
95834
94366
94566
97848
98310
105334
103054
100996
107374
104062
105830
108756
105792
108034
99590
103782
103928
99326
103096
102038
104058
87800
98314
98406
104320
105312
107866
105462
93980
110222
101854
98538
109324
108534
107232
108700
95394
96338
99452
93860
104690
100706
99716
98768
98886
105060
103640
105912
103252
107202
103344
92696
103250
97204
101670
97504
98688
103870
109942
112726
103054
97334
96368
106454
103336
108082
106944
103084
101812
100000
94548
102472
103548
92726
87364
104326
104128
108904
105822
104628
104316
105108
105292
104912
101542
101370
100758
108896
108168
106290
106762
110822
104814
99682
104772
87136
97226
100754
100076
84276
92796
105980
99000
103194
100576
105904
107046
109010
100226
89688
98804
95504
96820
107720
108188
99242
108958
109138
99120
89000
93066
103634
98238
96618
104780
109996
102514
106978
104826
105286
103618
106058
106992
104258
105410
106622
105598
103776
102126
108644
100154
102510
97736
102304
106284
103586
108564
107792
103218
91924
104412
101982
103928
97188
96644
95628
102940
104902
105464
107414
104526
105884
103424
95556
81282
99068
104566
105900
105076
106784
106966
96414
97930
100594
105738
108414
107604
99688
103994
102056
101634
95984
99548
101200
104986
98476
92664
97002
103406
103978
107598
101830
108098
94850
101572
104014
103904
104080
100618
92154
97120
100246
106020
104642
105666
100608
96628
94302
102768
101984
103752
103000
99134
85888
106656
95400
89914
99962
88076
98508
106400
105638
100524
100558
95002
105614
104762
106108
102468
101936
103252
102858
100924
103530
100426
103506
90876
94050
97812
96270
97284
105552
86744
103034
106866
103176
97912
104104
105310
108072
103624
107388
108340
106664
103918
96152
101874
94220
102542
103240
107984
77954
96454
103466
92298
105790
104360
98840
84860
100124
97146
95150
103148
105870
106182
101034
102084
101974
103424
107754
108108
112140
106536
97796
97976
102104
98800
103592
105976
107310
109184
108780
105634
102624
109430
110094
105588
98614
106550
111282
102586
97612
107084
100666
91014
104470
88610
91272
101034
86410
105988
94070
101996
96742
100280
101430
99506
94236
96418
102560
104886
95106
-100914
-92468
-86942
97198
103544
105602
93828
100810
93916
105076
105470
101232
103032
97086
103336
104836
75884
106718
96922
83988
96322
104974
99582
95250
92106
97882
98454
107856
99576
104534
108436
107222
101092
105614
87596
100650
92154
85926
106778
93272
94116
97474
101806
106994
104348
110408
102646
105496
106256
101436
104442
107636
109090
107322
100916
108056
112356
109294
106824
102146
102966
106288
98728
105824
102104
101178
87424
90496
97040
102432
108290
111268
106918
106694
95642
95856
86254
87280
102310
104688
105916
107936
106482
98426
101874
104032
95680
102066
92464
102096
88608
95988
91256
92842
104528
110092
99552
104332
108380
103904
107056
93604
106960
100610
99586
105704
103132
105280
103040
92254
94478
86214
95636
86234
90816
89776
88244
100770
102786
103722
106668
98646
99042
101046
102048
100590
89962
86684
99674
90798
104940
88990
107258
111058
105956
107658
107132
101074
104906
100528
102868
97010
101002
100576
88844
97546
99698
95892
102016
104610
109320
101246
106538
107610
106844
102616
102466
101328
107934
104074
100442
107636
101210
102788
101444
98064
104826
99566
95486
105116
97038
94348
106488
107298
101884
99002
85604
96198
102160
106848
107194
104566
97460
102426
101016
88008
108992
100788
91622
104284
93846
95060
109148
106606
100762
91516
103648
101148
102220
103258
94518
96956
103802
99636
94476
101056
102814
103516
99042
104084
105150
107262
105196
110138
96222
104060
101962
103172
105550
94732
105856
100284
103916
101628
95062
102872
106712
99560
107732
106012
108266
104220
105438
99900
89642
96556
83940
105050
104886
104200
110436
105098
100520
105766
105394
103148
104234
93886
105112
106788
104302
106234
104134
99154
100930
90702
103950
112464
103586
100242
101458
104736
105308
90562
93570
97562
101780
102660
102902
98244
99728
101136
96308
88992
97724
97236
106490
107072
103384
98118
106722
99234
104558
94878
92822
95808
103620
109418
108232
99294
94868
90514
101416
100554
101790
100388
104346
93508
100016
98520
104612
104300
102392
105440
107120
106292
88486
92050
95348
101714
102034
105252
110124
105614
109670
107332
100080
113296
104514
106480
109382
111076
109848
100136
104820
85018
100324
76290
102208
105164
108578
101146
100850
105584
107146
97514
107156
100640
102786
103618
102534
99356
99194
97208
100284
99666
100812
104296
105374
102584
101626
105252
99270
107104
107570
99808
107656
107760
105566
101924
102826
107972
109470
108948
106186
103908
104746
104342
104950
104386
88646
98030
104472
108660
96490
95850
101942
105894
107920
100446
100398
108638
107700
108428
97322
100082
73740
83886
97064
94492
103478
107778
112044
99668
103276
104864
108112
106618
97928
97842
106244
104114
105588
98670
94200
97734
100252
91362
102926
89638
96172
105454
102592
102782
103874
104084
107430
98770
91428
101600
100028
96380
102794
101246
108756
102970
111240
107908
80926
98436
105902
99090
100752
91344
93124
102408
95438
96930
96350
109302
101854
103262
102972
106072
108392
103914
106696
101444
106750
101258
100340
106670
103370
103804
99212
101876
98928
98124
99660
105608
104574
100420
97494
101852
98932
99082
95600
104590
106092
85586
98348
99586
105820
105842
111042
106480
100994
89386
88342
105486
100548
102166
104166
102912
96626
95948
100028
107034
96408
105318
98256
88290
92266
86276
97334
102576
107972
104290
99610
91856
107788
105554
105494
106550
107094
106920
106250
103836
98552
106252
99206
97546
105148
99944
98498
100136
97504
96590
78616
90098
106996
103746
102424
92368
96512
106942
108252
102450
100984
99062
105098
84456
99666
101894
100772
98420
101032
99980
98570
101656
105722
98884
98026
91552
108500
108224
102686
100962
103274
92076
94738
101938
99176
98098
102926
104278
96174
107728
104092
104460
100718
104548
109822
108752
106100
105752
100102
104746
85372
104904
99114
102852
98186
103368
103324
104322
105342
104068
106690
104884
102374
105814
105556
99074
103288
106080
99206
97454
99316
102924
101888
91836
102260
101344
104698
99816
104214
103662
104214
104808
105582
104752
104774
105642
104666
100094
96130
102618
109030
104682
99468
105990
105700
103824
107862
112940
95624
107328
106590
86932
95246
95452
105364
99702
85332
93070
88030
102412
103768
107894
96972
100864
94742
103312
100806
99020
103728
106064
107660
104022
91598
101688
101534
104984
107252
79678
102228
91820
92224
86388
93586
93538
101438
80800
103726
85846
108322
108602
106508
102958
102952
106756
99862
104216
100432
108034
106232
101072
100828
101202
106862
103364
95218
105530
102136
101452
105492
106398
105884
93038
101476
100114
97896
96774
101484
98632
95752
101734
109180
107276
108100
104072
104878
107962
106434
104682
101764
97908
88836
107990
108692
96846
107142
88248
100732
72858
99526
99774
102100
93470
106560
107060
100584
98532
96558
92730
103102
105544
104910
102184
102242
101040
95370
103700
98824
101964
104464
104870
103602
102138
101872
107728
104270
100878
96390
96764
96498
95652
96040
100070
101138
105316
95080
86990
105104
93576
95694
99378
104822
106498
102772
104186
101508
93332
94278
98300
106412
99106
92514
106360
104164
107064
109018
106616
106812
104726
101936
97870
95554
90508
91566
99180
104688
104252
102062
102208
103210
104688
98598
104018
104866
98480
98948
105126
109324
105436
105424
99784
95376
89712
93872
99896
93930
103258
93244
101138
103176
103024
106260
93692
99356
101842
104610
106532
106256
107190
100208
92922
97792
97868
102496
96016
109192
104014
103578
93470
108668
104652
107420
100168
98106
90272
105696
106408
107068
105278
100726
109344
103554
97120
102630
101936
95962
87406
102958
84462
-89352
-94878
-100426
-101772
-105668
-106742
-104968
-102562
-105064
-103556
-97010
-80418
-94058
-91184
-98310
-105394
-105846
-102976
-110730
-103552
-101684
-107802
-101016
-109146
-108502
-106368
-100758
-101690
-96866
-102230
-100544
-93400
-98852
-106074
-93968
-107878
-101126
-97314
-98648
-105138
-107146
-102686
-106590
-99750
-106038
-102720
-101044
-96732
-90470
-104990
-98182
-102648
-91504
-100112
-98786
-101826
-103130
-94372
-107136
-102928
-96484
-100970
-103474
-100888
-104268
-86928
-95892
-103586
-99514
-103502
-111382
-104064
-101890
-105276
-95054
-98832
-105894
-109484
-92494
-105274
-106900
-108474
-106028
-103932
-110510
-110256
-109812
-104946
-109294
-102500
-94852
-74790
-95510
-94074
-101802
-109008
-96356
-96916
-106136
-94074
-103214
-107526
-97474
-75926
-95048
-102536
-101156
-94394
-91222
-101328
-100746
-94746
-97768
-98304
-100226
-100664
-101096
-100684
-99604
-104680
-89296
-103272
-95140
-97506
-108148
-96722
-100416
-103052
-99324
-85810
-89314
-96618
-99924
-109242
-99936
-102694
-104380
-104898
-103310
-104068
-102348
-99664
-108072
-107884
-100478
-102140
-95302
-101100
-99678
-105198
-104840
-104032
-94508
-98622
-99668
-98204
-105736
-106544
-105198
-110810
-108004
-111094
-108786
-94284
-105382
-103810
-100806
-98926
-95204
-102808
-102358
-105020
-107950
-104762
-102984
-95600
-95596
-80812
-99958
-102892
-89708
-98702
-97522
-95470
-100088
-101264
-108976
-109014
-107122
-111200
-100518
-90046
-93998
-102160
-107272
-96968
-105572
-106092
-107552
-103830
-100300
-99538
-108102
-104122
-101902
-105900
-106978
-107574
-106670
-101388
-108350
-87842
-99122
-98824
-103662
-103758
-96874
-104572
-91272
-94598
-106158
-101722
-98242
-100446
-103062
-105876
-102872
-104994
-97890
-86102
-102512
-100322
-102440
-103268
-103154
-87968
-103720
-97370
-95148
-104828
-105408
-102804
-102434
-105784
-99436
-104930
-108972
-101546
-99266
-99454
-102588
-101806
-105998
-103902
-102732
-105570
-108064
-100648
-102246
-94668
-105724
-108700
-100562
-90958
-81352
-100610
-109604
-101934
-96324
-105260
-102856
-106560
-91222
-105036
-108994
-100982
-97964
-107048
-104360
-95898
-97486
-97206
-100338
-104420
-105204
-106014
-108436
-101942
-103080
-100896
-102550
-103768
-97784
-97422
-102354
-98014
-98362
-102538
-105298
-106540
-103956
-106114
-99208
-103828
-103264
-104640
-107818
-108092
-108642
-102576
-105450
-106532
-103092
-90872
-91350
-104424
-97880
-104734
-101682
-107300
-106608
-96620
-99530
-107308
-108248
-103810
-98062
-91360
-103576
-108510
-107154
-103664
-92862
-100144
-96312
-93356
-97052
-104206
-96162
-96888
-100908
-105414
-100782
-101876
-91214
-89290
-108196
-99832
-98932
-107820
-106928
-113452
-106566
-99810
-103898
-108526
-105728
-96640
-107330
-98600
-107730
-102352
-111244
-102360
-106614
-102026
-92028
-94180
-101688
-106438
-95364
-92292
-109934
-106424
-96722
-100614
-103070
-91328
-97980
-101094
-98970
-102800
-88860
-103616
-104772
-106994
-95674
-92566
-100028
-99524
-102088
-101276
-103250
-104966
-101652
-98644
-92304
-93100
-93086
-87972
-100162
-104374
-103450
-104804
-94082
-100130
-106992
-106068
-102862
-92930
-96324
-62230
-91872
-96840
-101896
-109240
-93572
-109364
-106912
-105986
-99728
-101420
-104812
-107354
-107274
-100098
-107548
-106242
-104350
-101230
-98024
-98996
-103558
-102590
-86374
-92666
-109336
-95588
-106214
-104530
-97160
-111044
-105130
-109116
-102830
-107562
-101960
-103566
-105454
-107510
-100112
-100332
-106946
-106912
-107200
-103066
-104244
-104490
-110314
-104302
-102672
-109354
-110348
-101876
-101054
-103528
-107250
-106962
-99168
-95790
-94642
-105578
-106372
-99614
-105946
-102044
-107446
-97504
-103498
-80724
-93800
-98604
-102798
-99012
-104844
-105012
-96088
-104598
-88170
-103762
-92564
-109482
-107362
-106350
-104510
-98806
-96348
-103978
-103332
-106626
-107974
-91964
-103632
-98008
-99136
-96042
-103896
-105208
-107316
-97822
-97350
-92236
-91092
-99130
-102350
-99636
-97304
-102594
-104960
-101004
-92564
-98292
-100502
-105290
-107554
-88512
-101538
-94034
-103824
-101292
-106772
-108952
-104074
-104398
-109138
-112020
-100824
-99358
-90528
-98496
-100714
-108154
-110344
-106824
-104324
-104196
-77960
-98738
-89850
-91986
-102140
-95014
-99114
-102964
-105536
-102832
-99594
-99064
-97534
-95088
-80060
-103540
-103582
-105454
-95456
-97800
-98382
-101218
-86880
-100198
-105044
-94006
-104060
-81978
-106596
-111512
-100608
-66264
-101212
-103010
-104058
-103056
-104478
-100864
-101174
-91060
-96380
-99098
-100506
-99846
-105174
-103814
-97788
-102104
-99706
-97598
-96434
-99618
-100564
-104218
-106538
-111062
-106376
-96286
-101782
-104772
-106644
-110018
-106582
-108394
-105090
-102826
-102222
-104136
-96900
-107444
-105568
-100446
-104984
-99756
-99294
-97676
-97308
-62038
-100192
-91500
-97388
-100580
-106072
-107324
-106904
-105152
-98352
-101954
-102062
-97112
-86162
-94306
-104418
-96510
-103674
-100256
-101504
-96432
-92760
-96300
-108720
-109314
-108142
-108124
-102652
-110566
-103652
-111630
-108730
-99336
-99412
-103938
-101840
-102972
-105060
-101946
-106490
-106188
-105286
-101350
-98882
-98686
-109110
-105690
-103892
-99348
-101996
-103762
-101530
-97874
-100026
-105272
-103148
-100060
-105910
-105060
-106814
-97380
-100900
-101174
-104626
-105292
-105412
-101918
-102608
-101384
-98998
-104912
-108226
-109484
-105778
-99964
-95108
-97200
-103894
-107086
-107610
-108692
-110680
-105358
-107816
-106392
-98376
-97212
-105094
-106968
-105574
-106068
-104374
-99668
-104904
-101222
-97082
-103330
-93990
-93634
-100584
-100454
-98026
-100148
-92462
-105840
-104056
-98480
-102332
-100290
-97756
-87614
-100140
-98934
-94122
-102866
-110848
-107898
-106056
-101078
-104652
-107044
-105782
-100840
-112084
-108362
-109788
-107782
-94542
-89084
-92512
-102818
-98368
-105784
-102626
-99424
-105182
-92006
-76768
-108900
-108748
-105882
-108200
-108588
-103672
-108086
-108144
-103996
-106892
-103880
-101758
-109954
-104480
-103334
-95890
-101358
-105476
-94638
-105946
-105214
-98914
-104648
-98840
-93938
-103280
-98198
-92512
-102484
-102452
-91124
-94178
-89994
87250
102854
97738
97866
103168
102256
85876
97782
97918
103364
104938
103868
102604
102294
102580
108582
100428
106422
102300
110318
106960
105734
104968
100506
103530
99222
105582
99152
99434
108522
105866
105378
95234
91412
106674
99760
103448
99694
99196
108288
108368
107700
111250
107204
110100
109304
103294
97972
97688
104598
108158
108982
94602
99098
102072
99832
106366
109032
104884
100950
101078
98016
101918
101154
105390
91046
97068
92156
91726
99422
92922
101764
104296
101694
108808
106220
105292
103016
103886
104412
107232
100898
90034
100972
94782
87466
98884
103394
107468
105720
84102
102274
105174
106116
104486
93894
104236
106084
95784
88486
88820
101032
96128
98572
83018
105406
108832
105740
108200
98308
105212
89848
105542
104250
105292
98670
99360
100818
100622
96010
97706
82668
81344
-86448
-89500
-90706
-105360
-98996
-105144
-90944
-96180
-94030
-95716
-98178
-109108
-107924
-102376
-107028
-103942
-102302
-94068
-100376
-100728
-101628
-87652
-85138
-99482
-97304
-100632
-106426
-103972
-110354
-107962
-107692
-105624
-90942
-104304
-101232
-94356
-101926
-101928
-103406
-105178
-103828
-109388
-106190
-101710
-99596
-100452
-101516
-100796
-90950
-103090
-91314
-96116
-103518
-107074
-105574
-100342
-93400
-105984
-108750
-104672
-103104
-101510
-96652
-100080
-109866
-103292
-91444
-98326
-104476
-105338
-87104
-102674
-102032
-91210
-101598
-99730
-99514
-99172
-98746
-96016
-99608
-98260
-99950
-98854
-107520
-104302
-110244
-108612
-104878
-107122
-108148
-106044
-104812
-106384
-96700
-96770
-101120
-98896
-103834
-103386
-93132
-96838
-98324
-82620
-102978
-94046
-90510
-98674
-104046
-104078
-99172
-101034
-102396
-103292
-86868
-98080
-94130
-103130
-102088
-97718
-94474
-102980
-100566
-93728
-98722
-104772
-98212
-96776
-97946
-101924
-102386
-104190
-106292
-111898
-99468
-102368
-107226
-109762
-104104
-94348
-109022
-95306
-93532
-103146
-97610
-106702
-107668
-105338
-106910
-105916
-98744
-109498
-110368
-109168
-97714
-103856
-101964
-103138
-110212
-99158
-88478
-100886
-99390
-103844
-103532
-104736
-100094
-97214
-82466
-94164
-98626
-104128
-101764
-96676
-103978
-95946
-95506
-101484
-98228
-101652
-99258
-101464
-105026
-100896
-98986
-100174
-95626
-98448
-96464
-100716
-94058
-95140
-96266
-71284
-100866
-105926
-103576
-102322
-89890
-104786
-96988
-100236
-96156
-107170
-108580
-100848
-100900
-104528
-90652
-102058
-105678
-104344
-99000
-107248
-103104
-101308
-102448
-106994
-105536
-83270
-85500
-104930
-102988
-104514
-102214
-104426
-104082
-101794
-95896
-102966
-90366
-98262
-102184
-101792
-105914
-110202
-103880
-107958
-108366
-102296
-104690
-104132
-104686
-101018
-104332
-101092
-105228
-105406
-98736
-83770
-99704
-106622
-96954
-100568
-100328
-93764
-101794
-102998
-102662
-96432
-101614
-103328
-98866
-96762
-104136
-102678
-109286
-101596
-97938
-106600
-105498
-102524
-106352
-111698
-104802
-104348
-92582
-95478
-101496
-102008
-103214
-100444
-107990
-97230
-105906
-93380
-106180
-108216
-106322
-109414
-107634
-105462
-109892
-109694
-103216
-109802
-106978
-94218
-106524
-103096
-102600
-97016
-106622
-102524
-95868
-106416
-97860
-107274
-89868
-91192
-107008
-104672
-109592
-106342
-93530
-98498
-99940
-102202
-96448
-103304
-103666
-107428
-107406
-102028
-107496
-109526
-106242
-109206
-103792
-108966
-111204
-109258
-102790
-101952
-105480
-105220
-105736
-106500
-100290
-105782
-93990
-105186
-87952
-99404
-106462
-99026
-84408
-95874
-102846
-96012
-100286
-101124
-102364
-106614
-96474
-105142
-92096
-99234
-101480
-99780
-93322
-103314
-97962
-104108
-105748
-95772
-104530
-107466
-108516
-106952
-103114
-103300
-107904
-107958
-98620
-102920
-95506
-90388
-100856
-102946
-95452
-98860
-101226
-104294
-99938
-97370
-96476
-108910
-102282
-107892
-99460
-103594
-100278
-105764
-104734
-100024
-97448
-83966
90670
106030
92390
99508
106132
103680
99384
102732
105454
105148
98278
103116
93884
97946
99316
98868
97384
104204
100060
103388
102842
88308
102324
103940
103668
104874
101388
39018
100928
105532
103572
101488
94502
97558
107894
107512
106036
103822
100954
99408
106870
104660
103134
102896
100144
103634
102844
95110
96826
97692
104392
105450
98202
92470
94040
100344
102352
94998
89414
99856
101212
96198
109212
101718
99158
106174
100180
92080
97538
102250
106616
104250
110428
111620
99870
95846
104298
100526
85074
91442
99258
104788
103842
98162
104222
94894
105350
94820
101312
102256
106472
104102
106262
108740
107494
100274
96022
107868
106860
107094
107804
106576
100992
109340
106736
105522
100930
105478
103892
96370
98384
94924
104134
87668
100226
107634
93200
104840
103696
104944
104220
103816
105780
99468
100910
102126
105018
106232
98110
83582
100182
98394
102594
104262
108896
105470
102136
107464
105146
102134
98936
104480
105976
98408
107910
108292
106786
101620
104754
101012
106898
109680
106216
104130
100858
107356
101608
105560
93578
81882
103684
93844
104070
108262
99858
98152
103796
100902
96460
100084
103114
99388
96364
83412
101214
104640
104728
108766
101102
106050
106394
108276
107240
100728
103994
102250
91494
88456
99956
96766
105816
106374
97582
104126
96304
101422
100584
100444
96928
107244
99956
106514
104996
98246
103040
92704
91168
99170
102810
103666
109930
104054
99900
107288
109332
108424
110376
100450
87588
64040
100564
104614
103930
102356
106774
113490
109032
108110
107736
101304
107464
96778
98594
97986
104914
102366
106342
95594
102344
91618
99666
94504
99730
103330
104604
105522
108686
107872
103784
97560
103416
103974
101158
102742
100316
98240
98566
98794
82154
106658
105280
106616
97688
98952
96410
106302
89996
107640
111660
100360
99148
90600
93360
99648
99994
109876
97562
106926
98778
104650
101648
104852
97506
104800
97794
105988
101522
104234
92214
98542
107978
100552
107814
96782
94968
97674
106264
94046
108312
108674
105882
85654
99678
98016
101318
97966
94744
89656
102456
101812
71736
83932
90072
102700
110388
104136
95822
86302
105452
96726
105378
101900
103652
98648
100796
101236
102694
99426
102150
102190
107632
91836
93760
104902
105856
101412
100886
106972
105594
90696
105670
99734
99920
102386
97158
102426
98216
93394
106090
108980
103586
104638
106424
98806
104772
105708
102466
98270
97024
104878
104712
106070
109630
102034
106706
105702
99988
102250
106258
102840
103908
105056
89138
102976
103298
108636
107106
107964
103748
106292
101024
100372
105512
107090
111090
102654
98314
98226
96894
79626
102046
108128
100220
96870
100148
101370
103652
102098
102930
92528
97220
98986
106890
99630
94390
99342
95290
100500
109948
100490
107606
95458
85622
97922
107738
102976
108446
106396
96006
90802
88146
96004
103234
99274
98556
98186
90298
95978
103566
98202
100780
86540
99608
98448
107680
103796
102378
105456
105998
101794
104636
105540
102538
102636
102066
80546
105426
103964
104902
101704
101808
103320
94850
94180
101392
102844
104446
98088
104526
99010
101454
105486
94006
93562
93330
97548
97372
99916
100330
103416
105544
97600
102728
96488
101262
103484
100130
107494
101598
97204
103640
91694
106418
103716
99010
102550
105554
100058
96808
86250
99362
99954
103400
105512
108018
105920
103178
99916
96538
102790
100572
99792
100074
94942
97540
102640
102164
101032
100934
88408
96110
93468
89286
95638
98616
104882
105284
105628
107702
108648
105264
106348
105658
104838
101238
84288
96298
96152
94542
99232
105014
106214
107036
107456
105612
103266
105698
103564
97134
102138
100690
95336
97098
82300
94176
95486
99686
93394
104210
106510
91228
108164
97352
97700
102896
101520
99592
95948
91486
63260
-79070
-107098
-107400
-104438
-97946
-78096
-109186
-107234
-98880
-83644
-101110
-106120
-100290
-106222
-105624
-99744
-97350
-98890
-88498
-101352
-89866
-102802
-105402
-102414
-99424
-104554
-107518
-90084
-96220
-105388
-100348
-105042
-105966
-95510
-101136
-105314
-103530
-106856
-99526
-103098
-105764
-106758
-99630
-99608
-106064
-102106
-94114
-91632
-96952
-101022
-94936
-106828
-105356
-103620
-106554
-103890
-102522
-102932
-105288
-106320
-103950
-110456
-105790
-103142
-106450
-103946
-97360
-99848
-97484
-97908
-92964
-101282
-104646
-107146
-94364
-97778
-100634
-98936
-101772
-87362
-107842
-107082
-102960
-103408
-102490
-102698
-99670
-101110
-103988
-100242
-100668
-106034
-66184
-103416
-107380
-104558
-100172
-103698
-104356
-101950
-101882
-105184
-105300
-103356
-107034
-103662
-94252
-94288
-97488
-98250
-106136
-108978
-107162
-110238
-107316
-112498
-109256
-108674
-103054
-96498
-108182
-104462
-104914
-81902
-95926
-96902
-96920
-93480
-106042
-108462
-103664
-98006
-98338
-98244
-92716
-108662
-105872
-106806
-104510
-107718
-105674
-91896
-107722
-109786
-109270
-111122
-105294
-101638
-103392
-97536
-89476
-104706
-99334
-101596
-97000
-107366
-105666
-105340
-102062
-108120
-105140
-98316
-108412
-104116
-103630
-101352
-104784
-100746
-97408
-98920
-91384
-101382
-106892
-101082
-106336
-107564
-97738
-99710
-107880
-107068
-104882
-106894
-110796
-109098
-104686
-108174
-106390
-106736
-102686
-104244
-99942
-104680
-109044
-106298
-109810
-106042
-105986
-105216
-102242
-99790
-106830
-105524
-101198
-101364
-99160
-105100
-109312
-93846
-106198
-109184
-107726
-107900
-97578
-89542
-94636
-100560
-90196
-110184
-107490
-99920
-106802
-106094
-96140
-106082
-105952
-101232
-97858
-103152
-104236
-109552
-104864
-107704
-106842
-107198
-101546
-107196
-88582
-102954
-108980
-101660
-92108
-81510
-100830
-99270
-99572
-98290
-92426
-102242
-104640
-109800
-102220
-110986
-106698
-97690
-82060
-89552
-97564
-98518
-100608
-102402
-108470
-104934
-100776
-90310
-92112
-81904
-102972
-94164
-96250
-100464
-105518
-106050
-105284
-94878
-99312
-99452
-98008
-99570
-98076
-96900
-103446
-103494
-104636
-102436
-99912
-104044
-104072
-90490
-103278
-104306
-102022
-98336
-102990
-108276
-104364
-104240
-106326
-107494
-102320
-103144
-99652
-87518
-101976
-102184
-101488
-102908
-99360
-94982
-99980
-99498
-94768
-89630
-63518
-74240
-69870
-99240
-105098
-104172
-105844
-88528
-108164
-98604
-106444
-105664
-101802
-110694
-105092
-104090
-99894
-102812
-106414
-109016
-110486
-104946
-99922
-101164
-105162
-104130
-105912
-99770
-92760
-103288
-106146
-100080
-92690
-96114
-104020
-106484
-102238
-97340
-109266
-103874
-104814
-98664
-96962
-98106
-102200
-101160
-97542
-89450
-92108
-76180
-92222
-91350
-104934
-96346
-103296
-88966
-95260
-95796
-108344
-97880
-103984
-103592
-93110
-101066
-87598
-100262
-106200
-97956
-99328
-102322
-98726
-88738
-81458
-102388
-100912
-104832
-93434
-92410
-103352
-101782
-100576
-102828
-102034
-108174
-98314
-97694
-102312
-96566
-106360
-107344
-97620
-103084
-104172
-105240
-104092
-103484
-105176
-110112
-102226
-103526
-103178
-108746
-107352
-104868
-108992
-105162
-105278
-107650
-105678
-104514
-101614
-102668
-100758
-101770
-105570
-102312
-102398
-102246
-101484
-101220
-106480
-101608
-109340
-100022
-96786
-86602
-90594
-96250
-101264
-102506
-106490
-90022
-98034
-78294
-105844
-111050
-97080
-110262
-103514
-105836
-96050
-92738
-87922
-102204
-105270
-107300
-103578
-104766
-103094
-105390
-103922
-107604
-111308
-98428
-100512
-101438
-97712
-103408
-97176
-95932
-88268
-107944
-107250
-92324
-100642
-102648
-103242
-103476
-105986
-105154
-98196
-103116
-105022
-99648
-104760
-105194
-103686
-96550
-99754
-102536
-103306
-104592
-98732
-103578
-98504
-96662
-98356
-101332
-100118
-99558
-96448
85310
89500
105602
101264
103272
109410
109480
113102
107256
104988
105576
108052
100036
107620
102858
107086
105934
90558
93114
93620
104202
104242
104650
107270
106394
91956
105296
105770
104320
100108
101772
103440
90986
103316
89910
100228
100662
98006
101480
104768
105570
102394
94484
106238
105054
103334
101844
91654
104594
103482
104358
104464
98576
97248
99678
-99670
-101148
-100306
-108872
-95022
-87906
-86976
-93784
-86880
-100140
-98374
-108096
-108162