70890
-71502
-40726
-50688
-23898
-11950
-892
71262
-80206
-5194
970
30054
-37042
-1018
-75584
63306
81120
-724
55576
-67786
40022
59510
-27470
-38236
-52816
69358
4256
74776
-46276
11392
-54104
65228
72734
46560
-39376
50400
-27256
41676
-10224
-14778
-54430
6446
13832
4390
-53678
-28946
-27288
3362
59362
55564
29692
14524
-27438
1178
44208
-34888
21386
-39548
25542
-47262
-15220
-23966
-2696
-12988
-29050
22304
38736
12898
-55004
-59960
-44074
19944
70864
24106
-24236
-62458
6768
5760
55972
-45854
36092
69232
9242
38042
-17554
-17904
31020
69244
-43124
-26560
15176
32562
-70190
4340
-8666
-16016
-42194
15606
-61190
56044
-24342
14762
32670
-48296
-11648
-55062
-69344
59952
-3258
-42992
-15586
57532
48312
44704
32990
-4576
-37962
42078
59522
-25906
14828
-38504
-23508
-54200
-55242
-54792
64764
24934
70876
-56518
37614
31752
2946
17138
32310
41650
-11710
-13062
-122
8960
-30376
19984
24134
43922
-35384
58562
-72196
70764
22732
-44660
-57566
35018
5056
-34886
-15376
-22244
-5006
-41512
-7028
-1548
34750
-25668
-21976
-53922
-15146
-66754
-37748
-17854
34764
50256
32582
42220
-61328
-20742
-40130
6164
20880
64934
-17684
-64316
24410
-18632
44744
33398
51832
-52444
-17624
-9384
-7704
49388
9250
-4898
48526
34178
-38582
-14198
-30370
39860
1342
28186
5674
-36416
-3318
-14330
42612
-34306
854
6480
31336
-34256
-31940
38374
13962
32000
23086
69538
-60400
55302
13728
-74178
-4906
-38446
46942
-4788
5042
70522
2510
55288
2152
-40896
-26996
4932
34876
21400
60284
-9002
34880
-45606
-15790
-62364
-56058
-1318
30652
49484
-25374
-1284
19108
47632
9440
-25556
-4872
52948
-1606
-13512
178
-11114
-32960
-3694
-51478
68854
46916
49672
29960
-78692
10766
47370
53032
-31012
51496
-50586
73530
-29072
39214
660
-14658
-22056
-45278
14324
-33272
14802
28352
-56334
36410
-20960
-25080
-21546
24730
-20256
8342
-25020
21990
-36078
12970
34866
-18030
12114
30450
11440
6260
-67792
65094
31200
-3626
-17792
23846
46428
63308
7622
8140
-17396
19686
72400
-61942
68250
-71210
-12302
-3040
-45468
-34170
-12796
-29278
16272
9448
-33156
-35252
-53564
-17400
63232
31402
-55246
-2560
9214
-29118
-66732
26890
34418
21524
-31678
39230
12586
27174
1118
43084
35530
-16632
-32142
7376
61770
27538
-47766
-16972
3874
42122
-5770
-6664
30430
-25746
48394
-396
-59228
47880
-29976
33754
10204
55538
-33512
20548
-55778
-2078
-36270
-11556
-34054
19672
6140
61908
-71294
-26336
10544
35632
31840
14426
-31202
21342
13960
50222
-71336
-71726
-54122
3390
7262
50556
-5364
33462
-41668
62116
34000
-9460
-63786
36632
9894
-46062
30384
-9182
56862
-418
5170
47564
70582
44456
28484
-35698
19120
-26876
-16028
35704
62892
-54192
-36924
-35792
-37660
-27632
-30596
-53428
-8806
-25316
-20896
44452
144
31706
-22468
37520
-26904
81752
38646
17204
64586
36626
-29986
19322
-42324
46472
69110
-12618
-36480
-28812
50242
54168
61004
-32830
32196
-62912
40186
-22416
-13058
18298
-14300
36470
46642
28634
-13456
19558
-6754
24548
47448
9542
-56966
7936
68108
-46722
504
11154
-42486
-68766
-46340
27188
-21054
-22482
-37614
6768
-59476
-56206
-16834
48076
74670
620
50582
-67380
-36132
1702
48398
844
-12122
34512
-8168
31558
-46694
-29904
-41038
-21684
46544
-39778
66630
11050
30622
-28236
2056
-22736
-42914
53352
-19826
62036
-55290
64350
-63698
5678
3108
-28590
-46130
-70514
-38946
-5884
18812
-54854
-41176
-51600
45458
-53008
40040
-38786
-12642
40194
68140
546
-62422
41856
-38240
-28214
-12610
24790
33272
60910
-70916
-39872
57840
-50940
68494
-60632
37520
-2684
-10752
4870
-57920
12806
-3862
-50662
65270
-20252
37378
24008
17074
20030
-17192
37560
-23328
31470
-59760
11492
21524
5906
38382
-9816
58800
-51024
36404
35652
53512
-3282
21814
-46488
19260
68514
39508
-55214
-37756
-37546
9670
-38520
-73720
-48198
60868
-65054
44916
23358
-79378
60932
2364
39986
-1612
-1628
-13522
-4284
14752
29246
33470
-33280
-16334
51290
28672
42386
25898
19860
1754
19628
57488
-16950
-60614
26284
-54012
14606
-3424
45906
20620
-16928
15964
-33092
-34004
9160
-16606
-44956
43898
24854
31302
34812
-3078
-21680
25170
69536
-20156
-67646
73342
-57744
69604
69304
-77308
56796
37634
-65252
60694
49722
42242
-29188
-15528
63488
-36954
-17244
43350
42104
-5330
44644
73184
410
24070
-27768
-30222
41584
36616
-54984
-35292
47498
42578
56104
-69036
27588
-53882
-67534
50398
-40970
72594
-82094
68812
-42838
58106
-49486
17634
-60470
20040
-50972
57266
-40930
-12140
802
33914
19658
20008
12238
4844
37908
-65770
-47874
53290
-35724
47876
65566
-38458
61942
-35158
-4834
23486
23684
30280
61426
39690
32758
-52322
-47570
50578
-57914
-71272
42514
64536
-15986
14040
-53262
-72076
89336
72778
49756
49464
83664
77140
-77866
80510
67226
40986
12030
51822
-62032
-11122
-37818
66936
46554
-15784
-1620
35052
-22702
-14154
41542
-73988
42568
17578
3688
34102
-24020
-45058
42848
-26894
42102
54044
17508
13182
-1320
11016
23878
-58440
-7150
-40710
-41130
-19916
71496
-59530
65574
-52922
-48968
-27220
-10076
-54092
-40236
27372
49772
-48200
35108
-37020
68994
55722
-5332
-73788
25044
8566
12084
16884
-22900
-2298
38316
14836
39198
49730
31952
-64718
50028
-14684
66372
12140
23008
-5792
-20658
-62500
-43490
-16790
-31046
71230
21990
-32956
62024
49852
-7092
15412
22962
-38300
-5284
-37196
-13984
73814
-58766
19308
48842
-51090
-58888
24010
-36132
31710
-64800
25010
-534
50722
71532
31416
42094
51628
35074
-25508
-998
11342
43606
-9074
20964
47626
-31908
-52194
-53278
11072
62984
-50854
5076
-2710
-10870
22580
52658
12988
43992
-17306
26118
-54146
56090
77528
64916
-55580
-61886
-49422
-3544
39528
63744
6784
-18578
9222
10610
11570
-16500
-60066
-21202
-60742
-50884
50000
-11242
13314
59052
-41998
-66422
35410
-52444
61944
-26040
-58320
46734
-22486
38286
-41530
36526
-18998
-38472
59748
10078
-11360
36598
14606
41546
-6664
58234
45004
53064
-7024
-10652
7350
25116
45084
-74176
-17104
7780
8608
61126
32280
-8158
58572
-7492
-9568
-14632
9640
14142
43358
9262
65328
49676
47096
42040
-44486
-14730
21642
11082
47888
-27216
-14602
31148
32874
-28098
-38122
-47854
-8306
34086
24358
50354
-4482
30226
-67874
58784
44276
-67376
-38788
-20740
-17422
-11928
55880
22236
-7492
31296
-38044
-33480
-5900
48348
61786
73646
-66662
41802
-49366
6228
-15434
-46472
12488
51790
-45600
54326
68086
-46026
51056
28708
32110
-17264
27156
-4868
-60726
42720
13982
-18092
-18642
30250
-47984
-39004
67380
-61560
11666
-12626
57856
-16260
-14574
-18666
-35466
-62454
79806
-31108
-35268
38800
51832
16522
19728
-26242
-59688
-3206
44190
45890
26266
-56924
-19204
67420
22164
20654
-70196
44804
-36632
49340
-38660
-51192
58118
31114
43946
-67428
56680
-91188
61850
-53768
42988
49008
72418
-64040
-24912
-8902
13660
43182
-780
37692
25460
40350
-3560
-61034
-21504
27336
-18422
-46654
-80922
44642
80686
-48668
-11704
43994
-17936
-51134
65902
-65788
-45962
33236
75492
-53210
-33434
-44204
-69336
48924
-35226
-27454
68086
10412
392
-26150
59878
-29442
-49106
-17024
14440
-34546
7538
67952
25756
9870
-29808
-17942
42654
33004
41122
-62044
-34168
-31186
24802
-42688
25980
-15274
8574
17374
21642
41692
16560
7674
-27314
-49752
35688
-2730
10744
-57332
-24022
35984
35648
-34338
50030
-71928
-30338
-37732
56508
22542
-27504
-65774
-10010
50838
2778
-28080
40998
34968
-69000
-5386
-42378
-35006
22574
52488
62382
-22464
50624
1856
-1606
60108
-47990
32526
-76112
56678
46918
-28376
-42418
24876
-1446
59544
-37842
-26590
-12924
41528
-43506
49814
11178
-33956
1884
-10570
30216
62962
-51232
-30136
36246
33954
-5956
-2722
18052
-28220
11220
5964
37740
-55924
-46098
37992
29142
-4486
26624
46112
11242
18328
-46360
-19068
-40496
-3550
-55904
79204
-31048
54534
13302
-10002
-9782
-39262
47060
33924
-59738
67350
3014
-26826
-26100
-20982
20624
29510
-26662
-62646
-12106
-30898
-28206
41560
-69956
-10616
-2872
34090
40628
18254
-41702
21598
67506
-51440
-29566
-24224
-59204
-53240
44924
-37526
8232
-55336
65814
43268
-4080
30142
-44126
-47494
-55356
42184
42054
44264
-10030
77542
-20778
-57692
45544
-45758
83786
40562
-64570
-14238
21170
-41752
30638
70182
-49184
11910
70108
-60842
64786
-34204
-2436
41928
-18370
9002
63022
-8100
3832
-642
36658
45212
14576
22106
44562
42646
-35152
71122
-6276
17192
44790
70304
-10782
79108
-62592
80032
31864
-7524
51624
42854
-50358
-29570
-22488
-58296
-47460
19508
-43896
40652
3932
35598
-34652
49868
30828
-42828
73620
12984
-53854
-45382
41838
47258
-4062
11662
-16350
-21834
5192
1974
-64862
-42008
13192
-5948
-20604
-6990
54950
37346
-40346
37976
-5288
-19268
22886
57480
49084
-72484
30420
22876
-28432
-26054
-30810
-28230
8558
-10072
-16598
-57100
-47440
-2026
-14966
39664
26148
-14304
-28142
31498
32428
4686
24524
16186
44676
11554
-19976
-42690
-57618
59614
42958
32096
50684
49970
28964
-23546
-33874
38358
33264
59366
30964
-56906
-49440
4574
34382
40412
-866
65724
-43108
45550
17540
49282
29592
64248
-56748
20008
61734
24616
-46784
33772
34218
46334
55636
46536
-5304
-41454
-45996
33690
8154
-53610
-13242
-70314
41258
-78492
-47288
42474
-53330
-55670
33366
-2854
-22824
5002
-26982
59352
21092
-52550
-9904
-6968
-10900
7138
46618
-64100
-2292
492
-15090
-35456
-616
27114
34130
40716
74706
-69450
-40740
71860
80892
-71952
25736
53882
53738
-26396
-29738
55146
4114
10750
47048
58754
-32044
21362
-30442
-21228
-38174
-39774
51478
14116
-134
8112
-6424
-4444
9002
-32458
11112
-14274
-28382
4932
-482
-45640
16354
-10992
43798
31806
-25482
-5884
-28000
-6630
42154
43664
63326
-60166
-39916
-10452
23898
25638
-30088
2154
-98
28714
-4086
42476
-62610
51664
29788
-42476
29686
-35598
47882
59108
-30234
-50750
77076
-67136
76312
-40772
69628
65314
81180
76172
50392
34800
66224
13638
-43370
19800
10600
-7384
37496
-42748
43202
-74218
39276
-76132
13048
-75992
56808
-58006
12658
32362
40882
25884
-12138
-48356
-14078
-36010
6148
-45038
3612
-2270
-57158
64770
25748
52106
19128
27240
19316
12784
-38908
45826
-38838
57982
19432
-60422
-21538
-72966
-19344
16754
-17466
53092
73364
-33934
-47956
42902
48890
59620
7544
49228
14642
29888
-37340
52074
-4152
-19974
61638
40700
48464
12716
6648
17428
-11956
60916
60804
-22300
-78650
-24336
43248
-39218
20896
-23752
60496
48432
-4552
-51736
79392
1736
-61606
37502
-73236
-53992
79374
68052
11776
-32026
15442
11568
-58360
4168
-56294
-41540
-18920
-62480
52098
-26422
1658
-21632
-54234
9534
21584
51708
-51574
67012
22896
-10102
25132
17742
-43354
44464
-79430
37244
-13324
-64724
-6114
-5072
46934
-50406
82716
54852
34942
8578
19120
-14420
-57132
86740
-37508
83542
-81450
70920
84880
-84790
78440
-59554
-67654
31842
35908
11866
41896
-50772
-4130
-11542
-30282
-36670
-46384
-1172
12634
-49482
39066
-59774
54
56044
33250
-20070
27034
-8728
-7316
-33622
54228
-14798
2710
-7504
46614
49698
-45306
-15012
22982
-21004
40198
3072
1616
56258
-54620
-36016
-51324
39380
-46954
60740
-24686
17840
-43662
-15520
21764
-33606
70898
57718
-9282
-57578
-41424
32154
-27606
-33302
-23540
-822
-9034
-37494
17474
68552
46476
-6514
38286
65252
-21712
40616
75320
54028
-2050
-24516
56410
-69990
-46976
-40540
8146
70468
-11016
-3054
29564
57148
41540
-72048
-34440
66958
63316
98258
-67420
-80648
27778
73944
38516
43534
-40668
-43328
3092
-11496
8622
50142
40272
-5426
-37644
-2626
-37232
-52090
46720
-57738
56598
-16428
-15070
-38670
46206
70326
-66568
64760
1282
-55100
74986
-59670
-1410
56534
65580
-33740
-62626
-34258
8866
-1194
-28584
-56670
2600
44724
26132
-5916
-34992
-68722
49436
-51068
56676
2362
-61130
-37774
4472
-73056
56604
11792
-54330
-30602
14400
13638
-50954
40396
1728
13124
10146
-40918
9244
-69522
-6854
67606
48288
5790
-2898
10534
-32558
48736
-18992
-44622
-10368
874
56332
-57618
-72654
-25688
56552
18876
52036
-84
-48476
54042
-33138
-60166
21340
62010
17458
18104
44252
-25142
49578
-8556
-10166
-72382
34466
20942
-9174
-16216
-23640
40310
-45040
10716
9904
5372
7512
5202
-644
-28534
-694
16414
48554
10816
21480
16548
-13874
-21448
29594
-25466
41310
-22660
-7196
24574
45032
-51716
-74146
-32264
53140
-65290
-15864
-17484
18732
-16554
74520
-53426
38512
56346
-15796
-43252
-26048
-53876
16080
41732
26616
-63382
-56628
-26338
42536
-70042
38640
32806
51990
-59360
36460
49546
-68374
60502
36288
-53890
-39500
-62246
-40778
16650
5372
64604
58340
-10436
25374
36250
-16492
32956
16254
-14754
-78538
42062
39410
23308
26226
27158
-27728
-9488
-28070
-48284
-36414
-38822
-24440
28714
-15124
12182
-13612
-56218
18602
-38824
43622
3808
-25968
28722
-16594
-14226
67658
-33810
-21478
25430
-3788
-34596
7122
41236
-31326
20994
-15368
-15966
-40640
37230
-51862
5770
-15690
-166
-50310
-17356
68374
-10926
-60292
-21198
-14412
-1944
35102
-76150
49936
-56470
-44798
-64932
-7386
-41998
-33634
-19962
-3946
29976
58264
21334
5614
36208
36380
-21414
-35968
-1240
25212
-6962
-18134
-43674
53064
-44218
-72656
67686
-63362
-71602
-48862
65902
78270
26372
46882
-59686
-75786
66030
25494
-60632
-25426
-78876
63794
-51774
-70902
70630
-34884
52914
65350
-23258
-49804
-11682
38922
27046
-30580
41050
-46254
39928
45352
34364
-7458
49180
-14578
28578
3096
-19244
22356
12276
28856
3672
-5028
-49510
-41554
-49746
-53452
52646
-29594
64018
-40514
-1506
-40760
-854
66016
-59184
56206
-53636
54502
-42414
-14418
-49694
-44634
73196
-13406
44234
-42616
11312
-24214
24470
-43168
-37758
-14544
22390
44594
12800
-38872
8942
42542
14418
-32624
-40546
41278
58172
-20578
7014
-43214
-54612
40708
-16038
5092
13868
10810
5220
41946
-70346
-67722
36792
46204
21842
37394
36754
43046
-9846
866
54752
27684
32304
52620
36164
-8906
-37882
-64848
45426
40554
-57316
-58046
75900
-79124
73764
61476
18368
67598
75180
-67698
-94
7496
-52934
-1670
-37510
-60138
33926
35326
4102
-1878
66908
13962
21576
10982
-6830
-52070
-47740
-56428
58344
-65054
-60408
990
60378
69366
30722
-56154
53046
-12234
8712
-23656
-61204
63640
14244
21192
48244
72768
35168
-51698
-59176
-60830
-36962
-65986
20412
4718
-57572
9842
-5290
-35476
-34090
-41028
-42176
69336
49496
-76866
-48738
41618
-48740
-23786
6160
39322
-59494
-10602
45432
-71922
-14484
58106
-25954
44478
-49212
-37220
58004
-71112
-41466
-16226
-10332
-18612
34876
-59916
-56858
-23292
-33516
-32916
-54714
11016
12494
53860
-25814
-30430
59640
-52032
-31680
6990
-26802
3586
-2182
3674
43400
-26678
-68518
49508
34510
-49220
-26918
-24696
-14424
-40482
31994
25002
-20066
-24094
856
12414
-33882
-31656
-51410
46226
31006
22302
-7588
-15696
-67114
54732
31712
56458
-86754
-71210
-6562
-6906
33534
49260
-29654
11842
-37584
-21832
-32204
-24454
48392
-70252
32762
-59304
69398
-36242
30204
-42760
63212
-16908
-53748
58562
-51642
-72840
-58166
-66436
17318
67692
3014
40238
-26580
-31206
24718
12720
40632
-41342
-54282
4140
35714
13206
15224
62158
-48934
-2364
29114
18178
-31346
-6582
68490
22938
-5086
-30178
-23304
-6492
7768
-18344
-34670
36724
-32944
63448
-31368
-3088
15876
48202
36140
48130
-50028
-59928
-41658
18178
-61648
-33954
26112
-3436
-15640
-45492
40098
-2550
-23026
35906
-54736
25610
59488
-46474
-12930
-21452
3204
-25574
-20146
3474
-29530
33404
48138
-58666
39606
66524
-54250
52316
-59110
-28998
-21116
57664
50236
24776
-40112
-48068
3262
-34
-6418
-2322
14220
43196
71404
69916
22714
-60112
37882
31862
-58020
75302
72614
-42506
-11218
-5360
69976
-65886
2510
54068
-53400
22988
61644
5990
29466
-35560
10676
9762
-43824
46646
30998
-37746
6912
31696
29656
31860
6722
14662
-16734
-31394
16712
10962
-34048
15844
-34182
63332
-35124
-54956
33322
-54066
-31480
56380
-5378
-31246
68682
-25198
-33304
61068
-28838
-55334
-26902
3668
7830
-42000
16508
2782
-63260
17948
30190
51850
58634
6506
-15316
-48314
-25772
59400
-30446
19880
52886
-74896
-1340
34684
4270
56776
28936
6856
34134
27336
41208
-42630
-4922
-36742
-63528
27512
-21570
-64952
15824
-69342
24258
57426
17678
-25492
-48944
23018
-30580
-58124
-45838
-26602
18514
60990
33086
19240
-23040
-25678
-31408
30540
-4312
-126
42590
31344
-51826
40216
25770
-24624
2722
54540
-27268
2372
-68960
-38988
-44952
-1634
-3278
37216
-22222
-22162
-33006
-29570
-52646
-39466
61430
54916
12722
-52034
11144
67510
67138
41748
21826
48342
-21474
25178
69870
-16012
-12588
2174
-42778
47580
2178
-14030
30518
44020
-25744
37412
12478
-32436
30104
68786
-49740
3164
-20340
-22658
-29850
-34362
-40274
43120
8426
-3878
-35008
61166
2930
47212
56318
-53708
7782
-57644
52670
-18228
-39470
-7036
-16660
-21924
59638
4854
-51080
35436
64174
58934
32132
14352
19340
-69740
22180
14008
14950
66996
36474
11168
54856
14218
-56910
-36084
-2614
31416
50896
-24172
36976
9058
14828
-7246
-56994
-1344
27132
-57788
-24282
-63750
38244
-1032
-62130
-43406
-58386
38238
-11760
64450
27662
-40372
-68454
-16012
-66664
-25458
65424
9898
41120
-54092
-49340
69704
-55308
462
15500
44706
-32370
57334
-62996
-60868
42994
16186
6658
6418
-45214
-78510
46410
36144
-54424
-23278
25246
38660
10036
51436
-28046
-21586
19710
-18056
-29528
-7108
31312
-7254
35986
29446
40858
-43300
-7858
61500
44200
-57934
43016
-2950
-25152
37074
-38006
-13382
4174
18446
6580
-28494
18676
19878
-3274
6920
6568
46418
72052
26990
-73344
-58662
-3820
-56082
7538
59062
30734
32772
69266
-77902
-78662
27970
-38650
-54766
-4844
1752
38872
-8256
55646
-68968
16532
-6238
20838
48360
51602
-22922
-68742
21496
45250
48744
-27792
21880
-1886
-34224
21558
-13092
-10188
-29928
5046
17064
20670
-52118
28228
3000
-55814
48128
-2602
-47654
78614
-54888
-1562
53752
-49850
-49592
79558
-71412
62942
-26972
36788
-13208
-878
-3124
-2338
30232
14662
-46926
-23090
36850
37596
-28228
-53174
-30418
70068
-76596
48782
-6258
6544
41684
-55288
-64970
61870
46052
60642
46066
24064
15986
13368
63296
-44840
-25612
56892
-54970
25934
20570
-12578
35978
-27750
9124
39404
31146
35008
39336
58408
72340
79686
53494
-32038
22344
-35354
2212
-4634
-12660
37590
46828
-11902
-15062
-18594
-45614
-3398
-15370
34020
-70076
60576
-58508
3456
-17596
25958
24358
40280
-48438
66200
70630
67242
-960
-10568
-22446
25566
-61044
-62098
-43958
21472
63372
71502
38288
40870
24854
-39690
32626
-63886
6492
32344
11380
44806
43320
59126
64864
55910
58006
-65818
49010
47316
-20572
-28140
-30216
-58932
-33914
-24192
-36376
-11708
-13652
27270
-20894
32704
51366
22994
51806
15542
40320
3994
70844
48698
37324
-20808
33904
4020
24640
-62970
48224
-45908
65790
56820
-68644
9304
2916
16404
-28786
-8562
-34932
-21524
22914
-56880
-35132
79954
-54290
-69198
-45124
15386
-58222
-40154
48832
23794
26362
-4216
-61578
50810
62614
40372
-65010
-850
16200
-4364
-36748
41274
70262
13224
-54376
-65642
17092
56692
-7786
-12764
49564
27246
25814
33120
-14278
-15718
44380
-48416
54032
-1390
44914
13626
-46404
1756
29196
55878
-51564
-18346
29960
80840
-22310
-8558
15872
-18524
-28756
-65452
44282
65812
47190
68734
49590
-43710
-52160
-50544
46102
-51972
-38808
-5226
-78624
27480
-28976
55898
-73914
-88886
66660
-19482
-28916
28858
16406
-84302
-38216
62824
-37280
-46604
43130
-26120
-70954
39844
-10224
-57410
10210
34830
-27602
-55792
68364
25060
49480
-730
59642
36564
45210
20992
-4958
3980
2602
28444
-2740
16090
23666
7862
-46608
79918
67940
-34750
35962
-65520
7040
55128
8474
-42326
14850
45480
54892
-70474
4222
26524
-11890
26684
-31350
33174
73552
36408
-62534
34262
42682
32480
20088
46630
-65220
50668
12268
39032
49616
-22224
-38398
-61976
-69254
-60596
11896
32460
-55410
-30702
-14758
44908
-80528
-36084
-27008
-70328
-41590
51028
68644
6452
-9540
20970
-35032
45790
9504
2146
-28296
41772
-42428
-47596
-59436
-6032
30564
7966
66254
-5348
30230
-11082
-31366
62942
-2120
-9062
43708
-43270
20526
-39888
30730
10008
45496
20796
-28886
7292
26372
16258
-10230
11144
-20920
19492
68214
57400
-45132
-32834
-68790
-30604
11070
-18544
-23434
-26952
36316
27668
-10150
40088
-19456
-47688
-52006
-7428
21458
-29480
-21076
-39226
-2642
-73830
65446
-56516
8074
-58978
-42032
-16636
-59380
-11142
1606
-51700
57602
-57996
-15976
-36000
28446
-20190
7824
49094
45378
-38786
-106
34112
55330
-69438
-29774
41922
-32662
30680
27266
-8842
880
24354
33158
-51136
4608
43392
-46224
-35178
35576
-67966
272
-15706
-4022
5352
67362
-77916
-16904
19724
-27876
-70836
70792
62442
-6086
19190
26558
-2828
-11524
38446
-56370
23074
-46716
-10606
-31188
-6322
29346
54880
16076
-40132
-51548
-3226
-19102
-16406
36782
-69736
-22686
-3106
-52466
19132
55454
54728
-54082
-46450
-23236
-65312
81118
-53512
29156
45376
-55622
-28494
-45036
46220
-75082
68484
-58484
51354
-36032
-49270
-39992
-41612
20564
23176
11070
-57474
45462
65696
-35618
28900
-50466
-22336
-30058
-49372
48444
-36818
53992
-62032
81030
3848
-39002
-27942
37162
26154
-6160
41828
53524
32660
39632
-9800
-57994
57780
-28068
14144
32432
29952
-60928
40552
-58692
6414
26182
42690
26690
-47458
-37026
38486
63842
-12724
19352
53376
-40816
18750
70814
-3760
51834
62042
58004
-13358
68476
-29046
20942
20440
46202
40666
26532
19336
-30466
38908
15856
-43934
-10380
17944
40138
-43426
18676
32568
29304
12886
-42566
65738
-15176
-61788
-11464
-51514
60200
60038
23068
20488
-61058
51926
40066
37950
-68036
69384
-32330
87466
33906
-41458
-56258
-7420
37438
-39562
53118
3230
-39656
15546
31260
47670
4918
40022
50982
-11764
2832
-7418
14124
-31674
42568
-20260
-38054
19758
-40232
-56344
-8624
-26328
-3462
-6990
5422
-42316
43924
10070
-30556
-10850
-43668
20902
57898
-64248
64346
-39142
-52206
24258
22270
-49722
62448
-13736
81140
-39264
24370
-33710
78876
-51054
70918
-19268
-27118
-43606
-33330
48462
-9946
-26012
31324
30614
-23926
52140
25032
-65068
-14396
-81530
-35288
-64680
14774
4136
-77170
9796
-3256
-44236
17444
-62834
54882
-27828
10104
-19210
-13678
49882
81664
-67342
-27166
22988
-62998
16330
10954
-24098
-70184
38538
5264
22410
41596
-77304
72270
21842
44998
12372
-2634
37022
-28546
-67238
62034
32504
-71728
31024
-46794
58300
12286
2264
34142
-51724
-1078
-31972
11448
82712
3456
27094
23356
-35716
40746
-35804
48470
-32246
-19174
58392
-24572
-51074
-59788
24550
11332
55802
-42776
33386
23564
-7508
-3784
-6286
-15902
28250
-68758
2236
-46400
16448
-52092
65364
21622
-67198
60986
-7330
-44566
27566
-19182
11728
61100
-76122
-19300
20282
-55274
44354
-21552
49374
24836
35480
7198
-45022
-19544
-25484
-2294
73522
-79352
20700
-80832
61494
-38058
9798
43678
-58200
21294
49148
46686
-42798
-38344
-22682
11778
-20232
57918
20856
-55006
-4798
61144
-58932
39180
-37490
61704
-5806
19108
-11086
-53806
-61134
-65742
18428
-52116
61904
33528
-45542
15246
-22748
53370
46632
-35014
-70516
51138
79394
-58072
1266
17010
62938
-62418
-13922
19740
26674
60390
-1038
13560
3006
-58430
21638
32766
37732
-47014
-4404
33416
29192
-55220
25566
59350
-45782
-39784
14760
59718
-49872
49842
62380
6938
-55154
51038
-20318
-3316
38334
44724
48262
-47190
40802
10376
64392
-56762
12094
77408
3404
-29300
73714
-7680
-56778
48940
-17810
-63700
-29414
-61702
58662
4158
-3632
-5602
-64242
-63016
49556
-43654
36554
16882
40442
-40558
31754
22728
-38122
71118
-44504
-4956
-13382
7038
42260
61450
-57038
19844
11736
52500
25798
63126
-13424
37964
47616
-69300
-55044
-1998
-14498
53380
34124
2764
-53150
27756
-63578
-63020
64452
70410
55546
-69020
47008
23294
-18746
51818
-61056
61932
-64784
-41736
52836
-35384
22850
-29816
19898
-4268
-6740
-42872
40636
60078
-2902
-8026
-52826
13854
-3556
69316
59382
28078
-3468
-51002
-7820
-6024
1800
45862
11218
22206
8198
-18030
-938
-39948
17242
-46646
41796
50936
28766
-21104
-11876
-11934
34930
-66640
-51734
-30714
-32536
-42794
7982
50098
-44526
11162
60226
27372
-852
-38522
-43584
-47874
-33512
50748
41292
-46336
-1082
24618
64492
17180
-50288
-31930
-38826
-31896
2312
39036
-6164
28688
1412
5838
36414
34342
67498
3694
-20390
-37672
-61234
52622
638
-16952
58288
-23536
-66374
44284
31112
40176
54584
-11930
-24672
-50538
-32794
39842
72516
-56920
-8052
14576
-5712
26306
52076
-20602
-54130
64842
42676
-72788
18648
-25598
47872
40690
1426
-64370
78870
-68166
56354
24498
7624
-14148
-44706
-51502
-45804
-28112
59860
2358
-56114
-50870
-39478
11350
42530
-53526
45038
-25250
26192
66738
-11974
28708
-42570
73882
-13226
-71736
-6596
1934
52274
79018
12464
47612
17486
45060
-64124
-25048
47116
29292
36634
-37368
54360
63420
6358
-75818
24854
69678
25532
-56684
-57178
-15562
-10524
31612
-34376
18004
-64864
-60508
39024
8088
-13778
-35700
-29634
63468
39912
26624
18938
46170
1464
61206
-50670
-67700
-46700
-75428
5116
60258
-23454
4098
-41868
29470
-64554
43806
-31510
-10632
-60082
4412
7430
5466
-13076
-19302
-57010
-8966
6522
-52422
68570
-22914
-44560
-53006
-38470
-14250
21690
29572
23350
25018
-41378
64484
-52858
8472
14800
-41216
-362
-59494
-42682
-56710
12086
-22410
-29576
-20328
53590
-45516
68462
58618
-45862
10218
-4766
-20300
-56646
53768
-45768
68998
68656
26822
42148
-53550
-49004
23996
-64482
-54272
-63538
-21916
26984
45178
28586
-74284
59128
47260
-2928
74772
72268
-72230
67972
52492
25590
10850
-13816
-58902
-23362
70380
22860
-50812
-52916
-42212
-38668
36524
-23528
-42684
-26930
8606
31454
42818
71276
-57658
-79304
-39690
50344
-25560
2278
16198
56640
36624
-1122
1376
66876
-10070
-59180
10972
19050
53014
-9556
29558
-31790
-34458
-84832
50386
53346
-15894
-12988
-33464
15568
-20444
43070
31714
-55014
39970
-5096
-9110
-28804
-10908
66630
-2110
8656
-27428
-23740
1514
51672
-53698
61806
43316
-38962
-59720
75710
-15566
34758
-66670
28370
58422
-8774
52656
-34718
8580
-5580
35484
-56808
38682
-47958
16522
21616
24774
-58046
5148
-64532
-17566
60848
-49136
-27626
-8490
13010
37288
-10584
25038
-18260
-2656
-54980
-16024
-25686
124
51740
-9958
-41306
41046
-34760
30524
-51290
52150
-35074
-34342
-45146
-61380
-9226
43894
5732
1936
-40408
-35386
51256
-9436
-33484
6342
-5440
-4422
-60968
-47542
47796
42216
31570
-49188
43652
6028
32780
16822
-12180
-6688
33762
-59604
32950
9028
12782
-21628
4540
5080
20338
43082
12248
35650
-26600
36172
-75568
36590
-63178
-57626
12244
-33442
62324
10900
55148
6710
34940
16034
-30436
14514
352
-47776
7682
24436
19972
77922
7702
-92144
-86130
21756
-45288
31842
18136
-28022
21020
16768
8162
55132
75136
336
10898
42834
-11296
79736
-63692
23194
-60850
-63996
42488
-20684
-53388
-11442
-1774
-1338
57956
-62928
-70906
-6768
-58612
58880
-24782
-39158
-37730
-52090
43020
5444
-50690
-54336
26360
-44764
71632
-59694
51490
-11152
77074
-80846
16472
-24266
24110
-40900
59910
-19586
-30724
30342
39288
21980
13872
-37088
40426
-10120
-56276
-60882
-35328
-9382
47510
-57840
43830
13930
42526
47942
-74942
4670
-16814
41368
28238
11476
47556
46626
-16498
10298
-14858
9744
3890
9376
41714
58648
39302
5040
3342
-56160
-24808
27640
-4322
36790
30476
15096
47884
-39528
-18660
1198
46996
-21476
60188
-51886
54156
64476
-68132
40208
-33740
-43834
28914
-81206
-84116
70478
-27260
76860
16866
-44050
20292
20606
6974
-10166
-30918
36088
-66694
24496
-3522
-4534
19860
6428
10840
7690
9298
15820
-32890
16020
-17494
-17064
16132
-38692
-44546
50248
39452
-32860
44906
34514
-47256
30934
29004
-34300
8746
-41286
-69798
60356
-38188
-72294
-18480
31054
-70582
58612
-5700
54850
67312
-44034
-11948
-35514
12814
-38942
-64530
50706
46078
10268
-52978
34614
-69796
13528
23648
-85784
52776
-68662
-50336
-52608
-52698
17420
32902
20932
36086
33912
43564
19156
-17284
1006
19512
19032
18758
-8574
-62082
-51056
69196
-38810
-72448
60552
-28198
-59028
-1436
22796
-30514
-22492
60834
836
33190
-22184
34140
16216
-72352
72076
4782
46568
-4464
64330
-59212
-45640
39610
-12744
-1898
-39576
-28274
-2850
61408
52152
71570
22006
18800
-25234
-14304
9280
31024
-26604
29264
41142
54082
53304
-49606
39254
7248
-39322
-34470
1954
-19658
53146
-2224
39626
22612
-17852
-23912
-51434
16478
25150
-41902
53410
-15438
-33622
41018
-60582
24892
-58974
-57078
48108
62948
-62044
-25786
37878
-4216
-7150
-7944
-7918
-10004
42924
54900
-18382
-24376
30794
-69122
21922
-7018
-1072
62724
-20966
74426
-10434
-4540
-11374
-9946
49108
16692
-68598
48240
36234
55786
-5722
-65180
38244
-15480
55416
71478
44920
-63106
-65194
-28738
-54492
-28514
-36722
-55430
-70812
-50648
41472
-80994
-80918
-53010
-44066
-2160
-23124
-16154
54356
45120
-43798
55798
37456
-19654
38010
-28514
31282
-31176
21144
922
22016
35738
61642
10578
81452
-58150
76750
-56910
-40638
860
30120
-43006
-28692
-36316
-27668
-37600
52142
4596
56580
27572
70892
37868
-55448
4588
-56170
12240
21258
44430
-75122
46352
9184
-50466
-16866
-10758
-45752
14734
-44334
-52312
-46686
49934
-40648
-25770
15076
14044
-8496
42640
20236
29834
-474
37576
-9982
18070
-41682
-3844
-28490
-46144
-22772
18712
-36598
-56188
-62092
-27540
16534
16094
-47470
-53142
30128
60612
17026
-37036
-43368
-168
-14922
32904
-11530
-46710
-20078
29762
26186
29286
48394
-34650
48344
-72886
-41242
39538
34424
59312
6694
-15066
-11170
5126
22182
326
-15352
38746
46830
40642
39444
-12042
25712
-50266
11728
-21134
24332
-18088
-54262
61992
-27566
56208
-49922
38510
30204
57754
3962
3436
-7738
50712
-27760
60544
-57764
-29224
-61160
65744
-68512
-35296
4112
-5196
63288
-29798
29138
-22406
-45184
55418
-17070
532
58732
54680
69374
-5656
40288
-63718
11226
-51464
53220
28798
-76448
40850
-50610
8058
-69768
-41754
-61294
19582
65154
35640
50492
-30036
-42576
-35242
37310
20466
-23050
3096
-4744
-10812
44904
-58074
31968
-38756
-58868
56444
-68858
60960
22152
34674
26776
-42916
49244
-24284
-52518
25748
68904
-29696
61244
36644
40470
-52006
51716
-67418
-39958
-12388
-27858
24414
-28410
-67926
72636
56766
-76748
-64200
-5344
57976
48610
29698
29762
-58216
47846
3196
67430
-65458
-47592
-40830
-16446
-32598
30492
31086
-48848
64546
25260
-63836
-14014
-11982
-59680
79830
26798
-8198
45688
7086
-53564
46604
37916
-17978
62538
-54320
-60206
-59478
3822
15476
-68278
63690
-59422
-65954
20072
27268
50500
19592
37322
34090
-30878
33192
48832
-40346
-56376
-63210
31534
-22034
-52702
56474
-27856
31588
28110
-13184
-30704
-62610
-40744
60438
-24916
-7968
-10900
55940
56322
28890
20050
38054
-27186
-33938
9706
-18848
-17394
40742
5330
-26102
43330
20890
34886
-52330
75316
-38680
8000
18992
14696
-17916
-13306
48788
47534
-11646
39800
25130
81338
-67978
49826
39136
21620
14944
-1716
-57636
-50208
-16316
76086
-31138
50068
50450
38564
6922
-26858
21570
-25378
16958
-55038
26648
-9496
-58862
-9628
-15558
-42506
28372
-52188
2038
21342
-23974
26028
47412
46710
-58808
60918
11812
10404
-70670
-11690
-18714
64976
30470
9560
34624
-1048
52022
-44228
19202
-49896
-35580
-33836
50430
17056
-19852
6346
-31130
-55766
-21554
-23148
-10408
-10198
-59790
63194
48386
-33362
14064
-44462
-35494
15766
-19756
-7458
-33092
22362
26628
34828
12664
-26490
59496
-46978
33966
45906
-76904
50776
-76358
67930
-42862
-75638
-39490
45052
46636
20432
-55070
-7778
-48676
70864
15046
-9462
2502
37850
-55734
27736
-75666
-36632
-39102
25802
-33078
-37596
-49116
-18624
-12744
-29970
-8794
15038
31560
-38580
-55638
51756
23048
-63826
52426
-30954
-55310
52040
8598
-26500
-73124
54636
-21982
75480
67338
23766
9432
-38298
43820
10014
36292
42968
-25744
-62340
-76566
17602
-30648
13030
-68616
36418
-26354
804
10322
35286
4578
30266
-56196
-14072
11024
-7266
-35624
35162
-65618
-23178
34858
-19626
54524
28208
-26472
-46720
-16602
15524
-5720
28278
16748
-55400
-37334
18442
-37030
49886
26458
4668
7568
50802
-62850
25968
-50536
-43978
-42750
-43956
-20052
46952
49636
38064
-24530
34812
-38872
48668
57966
53008
-8166
-33412
68320
18260
15440
-52428
-31616
-49062
7514
51218
-31288
-4126
-46290
-44746
33278
7808
-10536
11402
-44224
-628
-77694
36880
20384
-2804
-68870
22494
-56852
44676
-24922
44782
42796
36906
-48086
56370
-40712
39874
43474
31606
-7568
21822
59326
-60170
30368
64884
-17406
-56734
58420
-35468
-21320
-55306
-476
47566
10448
37786
79890
-50660
-88854
63924
-54866
-82106
60956
-65862
1656
-33246
21558
50386
51476
23784
-23130
39500
17416
26138
41082
-72
-1578
-66204
22990
46482
50742
8542
7668
21140
61786
-20276
10272
35034
-20920
9150
26116
-70310
-48880
46918
9944
-28182
-3174
38976
-16342
-42770
53874
-37080
-57200
59484
48058
10446
29710
40414
13788
36074
15260
9542
-71484
24472
77070
61892
-20662
-30136
-61400
86840
43528
17982
-5862
-45676
62260
21424
2798
-27324
46262
-38602
70426
-41654
-23264
16144
-38988
-18898
-25788
34098
-54192
69862
22132
-52412
23172
33564
-64450
42204
-62372
21852
61734
12888
-30330
-29346
27500
-76834
37822
-3986
52648
-30074
-58436
32518
17654
-63736
50486
28212
19992
49786
-23002
-46894
42492
-55204
61440
49898
-2450
13834
45786
-50036
-3136
-22466
53282
41340
-30710
-2892
-14734
-27376
-57404
-17934
12872
42790
-51966
-6798
-4128
31562
-91534
-86190
-25540
-32864
46134
862
-41226
49372
-21840
-21488
-12566
43236
8782
13116
35194
-8088
-43184
-490
-52020
72106
-65728
-4040
1328
54510
-20548
19930
-35436
-34098
33846
50248
-18270
11942
48516
-25952
-31540
14426
-13024
41596
15270
7250
-8750
51176
36168
-22730
51942
-20064
77954
55360
56324
46074
-63000
43362
-53456
-31654
-1116
55356
-4230
-29306
-18308
42724
-14424
58640
-52460
-65244
14802
-52142
-26856
-70366
29864
53174
7260
-72540
62168
-17966
-54312
-64260
8772
76934
2470
66760
50150
-19342
40252
-4236
-27786
-27300
42610
46690
-13740
-21874
12196
1560
6056
53712
26730
27542
39980
-55496
-31382
44822
45280
2400
-23636
3076
-22418
46870
-36362
-14382
50764
-35450
-46212
-30164
-47638
22798
19706
30316
-46818
-28572
10554
14242
-26634
18484
72556
-36112
-37246
5804
-53560
64808
-36076
-57608
-59264
-29856
-61906
52758
6492
-10262
32490
-14680
-64734
-36790
-55532
1270
-56052
-1772
744
15988
-39506
-38754
75282
-62998
-5138
51430
-9248
4974
5652
-26352
-41270
-29974
-56636
-38874
52880
-68670
13284
56420
72224
24130
-15808
-52448
16876
14566
34240
23816
1300
35262
-17148
-50756
-1156
-516
-8238
-39570
67646
-13074
45644
-7296
55286
-17066
48282
-6900
-11994
-27426
32736
-3498
-19896
48500
-29704
67534
-36084
-17610
450
-14856
-48510
46742
-48584
-29050
-29448
46526
-52942
4190
-3520
-39924
12170
-36116
57804
6760
31362
34152
6690
30574
10636
14816
29618
27288
-35722
-38246
39000
-53668
-28856
71220
54420
18700
-57292
-20882
-32206
-706
2606
-12036
-16672
28082
-5504
18566
-43880
8646
32948
-13696
45122
22372
39194
6652
4982
-2258
-12160
33024
21918
-9168
-27942
15696
56600
10998
-35618
-40928
-9490
-15690
-56478
51690
-22838
29780
47584
7356
-7458
-7878
36636
60624
14754
-73970
-50786
-23658
-15976
7368
-20522
21094
-6436
24598
37712
-41716
-41390
-6360
5350
-18964
71862
47284
24856
40272
24372
-36224
-77554
1676
20086
60038
7120
-56748
38776
-43640
-49014
26916
29292
-18150
50706
-4280
28070
-50958
51802
13794
63874
-61172
40846
-41418
-21814
-11742
21024
62930
-35084
-39794
2552
-50614
19352
-69026
-44902
12480
-1472
-3526
18238
-10668
-18440
-55538
-14754
-55540
-5422
-13664
-28932
-10736
26616
46532
49346
-36546
47248
59890
-11496
-72722
-11930
3908
73480
25394
22238
54300
-48560
-24264
-50142
73410
-7858
55792
-45544
-70186
63342
-33442
-13902
-77910
11552
11498
18136
-33442
-38406
-8598
-5898
-30998
-47820
-39132
64330
39118
-35092
-75534
22606
3974
-8342
-3244
76926
-62064
23384
35758
48684
39460
39212
-48108
52678
2082
60606
22614
-12602
-32558
-4204
23920
65904
424
-46812
65568
40486
47868
32086
21132
65450
35966
19468
-38840
-15772
2042
-33034
-16532
-15236
39650
25868
15506
-52638
27574
-64318
-37848
-25434
-48820
21486
-16736
-12542
34786
-65098
-6204
-50638
7230
-9110
-15848
-21084
32128
-51120
51206
-70394
65088
50034
58512
-46660
8126
73280
48680
-56662
17552
-6408
-17178
24218
-47934
-43386
-5010
17236
5396
-39078
-22068
5638
37722
-11778
-54590
62402
61924
-43992
-39518
62270
-52534
1142
-53778
-1936
69578
-55480
14090
62222
2582
-25046
48152
29602
4726
-35052
23202
7630
-38614
-36954
62462
-37608
43304
-9956
-816
51292
70582
-36836
65434
86908
75144
-79956
-71018
61610
-45414
22064
14272
34748
-26824
23528
65450
-21544
51464
6546
35958
75540
-52480
45210
-35576
3670
51444
-1702
-59626
-43378
62646
20592
-16168
80176
28792
-71840
-65518
-49570
-34842
25338
-33602
65110
-67024
-8774
-49732
-62352
61374
-39260
-41794
46108
37188
20262
30772
16662
-54624
-26498
10218
33762
22038
67642
-31432
-55148
5302
18876
-10622
2818
5202
-29366
49024
8746
19130
51926
-45212
7886
-58930
58822
37792
31228
-8284
58566
61342
-54318
-62852
-65270
74038
-54816
-25772
58848
48312
41562
19894
-42120
12876
40938
42994
-70792
25342
-30764
3196
53478
32110
-24384
36890
-37772
-58774
31572
-49270
-15732
-27966
-53402
18234
-35966
-58924
26764
28320
36564
4748
41010
53124
79298
80320
-39492
27656
24924
-36980
31992
31374
68600
51692
8288
42392
-68238
-62386
-11022
-18828
-37470
-52102
9666
27926
19788
43940
44220
11760
-3702
-15148
8802
33852
2136
43340
-55368
66242
-1936
-67012
37790
71882
-8174
-3486
45606
-36646
3952
-17798
81340
25964
-4374
-63722
-35050
70836
-9506
-76810
59390
16286
-69972
61996
-7612
31658
-78602
51880
-18942
-45686
17406
-25924
-50950
32694
50020
-10336
-66700
-22042
15958
68200
30674
55904
37328
-6058
23324
-44096
7854
-49388
58466
-59162
-62752
19510
-33080
46042
-14130
-39902
-19572
37848
28476
31106
46164
14614
-5722
-59492
-17868
-55188
-10688
-28094
-47870
-1530
-33090
3558
8396
-55574
-2374
11292
-75542
-49790
54804
-7942
174
-72982
73102
-55238
32622
-10760
-65698
-62946
47540
-7518
11450
-5340
-4290
46218
-37794
47528
48600
-27184
-25650
-31122
54016
43156
35606
-29662
41394
-48072
30864
-62086
65578
5012
4756
30810
-43542
52282
46332
38132
-73934
-57578
36796
1614
-64562
44312
33254
-24632
59352
-52634
88618
-59906
67890
21658
55570
22812
5386
20634
-8928
-24320
-76550
-48338
-20822
-8764
-24026
-6034
34902
19804
25084
45080
-39626
-26208
32986
-11204
37252
67100
-37992
14922
40118
11174
-1720
58362
36930
-29638
56752
-1916
-37156
-6866
-452
76470
-12538
54268
9832
-42490
11182
26996
-25410
-3532
-9124
46466
-39422
1620
9284
21188
23598
-50880
-56730
-13240
60572
-45994
-62770
-44702
-43696
12466
-17890
-8282
29956
-26934
52672
43440
33630
-14646
15988
-53654
-53220
-54032
-4070
54666
-47852
28760
11014
59800
24400
-938
44700
58390
-12866
11172
4248
-37288
-28424
60216
-50154
66940
43242
61382
54384
-29662
64506
-23118
12656
-47414
13086
-30002
-19498
36738
70166
-63066
7068
20788
-5822
-21682
-28750
-45756
21196
-43246
52432
-22612
64644
-26672
54826
58220
-77606
87690
-76742
-5342
-48606
-32722
-48652
65400
17962
46090
-60324
-53900
35012
-66256
5510
-55778
-476
29402
5778
44770
26486
-10192
42380
47750
-57890
28078
-52366
40188
52122
-18536
-61938
5634
48266
-71224
-16436
18950
11068
27966
13552
-48776
39954
8718
-2038
-57494
44232
12358
26964
-65120
-51342
22300
5022
-20066
41014
22518
-15240
52322
48192
27530
-9734
35232
-35360
55434
-3684
19176
-45424
-34072
60836
-10188
-53318
61878
56442
11554
-31602
6154
33074
-63008
-44668
59450
-18434
-12048
19190
-80722
-90162
-86288
68530
-36670
10660
-20894
34644
3716
-354
-58412
30496
11824
-37300
18476
-23902
30714
-46442
10736
-28512
-35746
-61030
41388
-3300
72402
-29778
48286
33148
-41660
25332
33922
14400
4030
-29086
-24948
69800
65008
-31754
-41290
-23506
-57942
-23842
-51190
-32854
38962
-5748
-2554
-18574
17212
-7152
33718
-27812
-42136
72192
-30314
64620
20978
-28204
-32500
28072
-28920
53340
-2158
8678
-59020
56832
21536
-34954
-42354
-1014
-52300
18770
50368
-34376
79452
48078
-45960
-47024
-55092
16356
16364
87174
-62858
78014
18702
18876
35548
-55796
-6594
-29616
-40496
35656
-34204
45034
48060
-14494
-42158
-57700
-43442
25152
19500
53264
-81828
46284
-76384
-19202
-10816
13276
-30220
-6946
60082
-5726
46540
-4104
42490
-36606
42396
39082
56904
42320
47456
-45234
-64184
49376
-44834
-71182
38388
70750
59258
47530
-31954
70394
67330
51620
60466
-68592
-62702
15330
-44472
-55790
62802
-52786
-35652
-76614
60646
-47998
-64906
-4188
-48566
-29370
-50474
8308
37830
28240
-54570
-68420
60004
58600
-61248
8776
25196
19512
7084
71598
-2846
67124
84308
-35004
56990
-6828
12830
41072
35670
43992
-68628
49926
59838
-22966
37352
45336
22046
43154
27914
44740
30080
67416
33120
-64672
-28102
-63854
-16300
-30416
-8222
35014
48032
-54922
22830
-28738
39036
-38648
-33474
-27516
40390
-10594
23582
14430
31792
-10820
-19022
-18322
18940
-14618
-45974
-35490
-51306
-28514
16898
23504
-48084
-52046
2486
36306
21334
69108
41142
-234
47088
51188
-54552
-47454
-73630
54896
-11838
25842
-27594
36418
39502
51198
-30612
-23958
50408
6578
3480
-17074
-64486
-24372
43514
26402
-89898
73156
-73040
29044
-10414
24374
79104
-69182
62252
8278
-4960
-26560
43338
51210
-22478
-34066
-40704
-31092
-14504
6000
-30118
20900
51310
-15002
-46324
-2148
42298
17076
-30354
46814
-59908
57796
6408
-20152
-64444
-43316
64848
-63060
-40002
-40926
-56462
60062
-57248
49880
-8760
8796
-24670
524
6446
37962
73808
7914
21530
-5600
-17328
-59786
57030
-18276
-33558
15430
-71838
-18608
23892
-28714
-18536
54710
53418
-69010
-69210
55312
-21596
57910
-42724
52024
-56502
-39816
31478
28406
-51190
60642
-28992
27074
36134
-70982
54840
49354
-49080
-39074
-39116
20740
-7926
15936
26662
39136
30396
38776
-63326
40980
32524
12500
-9304
-48640
-12012
-50682
23244
7560
-24658
-50516
-31608
62924
68426
-15486
-64996
-23310
10490
17694
12030
-59820
-55744
-50988
55916
-15686
22640
-51192
-62310
70386
-58568
29496
68378
50204
-55724
-30310
-6454
26540
51664
-56878
-28534
16438
-39656
-26024
43744
25278
-48032
-31156
75400
-57314
-6610
51936
-24472
-34686
-38776
-49994
71078
-67940
-3640
-33854
-22370
-24098
-7638
-2938
-30024
33072
-15134
47620
-26800
31546
28568
2244
-30292
37156
68274
-14020
16410
-46452
-56612
11994
-25154
3498
14072
-7478
7664
35978                                                                                                                                                                                                                                                                                                                                                                                                                                                                                                                                                                                                                                                                                                                                                                                                                                                                                                                                                                                                                                                                                                                                                                                                                                                                                                                                                                                                                                                                                                                                                                                                                                                                                                                                                                                                                                                                                                                                                                                                                                                                                                                                                                                                                                                                                                                                                                                                                                                                                                                                                                                                                                                                                                                                                                                                                                                                                                                                                                                                                                                                                                                                                                                                                                                                                                                                                                                                                                                                                                                                                                                                                                                                                                                                                                                                                                                                                                                                                                                                                                                                                                                                                                                                                                                                                                                                                                                                                                                                                                                                                                                                                                                                                                                                                                                                                                                                                                                                                                                                                                                                                                                                                                                                                                                                                                                                                                                                                                                                                                                                                                                                                                                                                                                                                                                                                                                                                                                                                                                                                                                                                                                                                                                                                                                                                                                                                                                                                                                                                                                                                                                                                                                                                                                                                                                                                                                                                                                                                                                                                                                                                                                                                                                                                                                                                                                                                                                                                                                                                                                                                                                                                                                                                                                                                                                                                                                                                                                                                                                                                                                                                                                                                                                                                                                                                                                                                                                                                                                                                                                                    
3588
37172
-22294
-22090
-19896
3082
33276
30972
-37510
-44428
-37624
-16980
-3420
35364
-4472
-36930
45634
-13232
24514
-60290
71026
-64242
-61342
-67356
55288
10962
-28312
44858
-40564
60328
-40706
11766
-81822
42582
-21994
-63720
-41324
-7572
-25424
-12926
64132
-12372
-56058
-58802
51310
30896
-8494
22020
3774
-29090
-19058
-17624
-25362
-47470
-29722
25784
29154
66694
-70690
42952
-38430
33308
-18312
-52124
-12950
20650
-9816
30212
-57460
41016
39334
34674
7088
-29202
-48888
-60002
41912
-10456
4764
64770
-57484
41456
43776
52280
-12364
-38286
46860
7690
-35538
31016
-31652
37592
-57260
-47202
-12534
12190
-75754
-50352
-13144
4906
-42894
-9068
-20458
33778
-60880
70302
70410
-47888
-55788
39788
42990
19314
-35880
67662
-52598
67084
-38288
52400
-3982
53652
62458
-42422
-26616
-35404
-33504
63708
43258
-54994
-37544
-68910
-39470
67666
-85700
21562
44816
-77984
36404
52786
13706
13330
25410
-34570
-40428
9848
-12932
48682
-64352
-55550
53224
66514
-16306
-47348
-52948
10940
-26602
-64064
-45042
65552
-39418
29092
-23934
-5070
-15594
21770
-29460
-53654
-48036
-28714
2584
43062
-60876
-64976
59698
-50194
-35176
-61530
-14428
-55190
61038
-60442
22552
30472
-47498
63028
694
69998
71840
45892
26528
36954
36812
57836
-27076
-22552
-36650
33262
-53434
74738
-42272
-86042
-60354
-14040
17208
27772
5416
60214
62492
-43778
-52956
59980
-39750
-16454
-8892
-39890
-19370
-54794
-2260
-1734
21488
2842
10302
25022
-36702
4666
59258
21708
24556
-41100
-52468
-43522
-37774
-776
-11652
43236
35974
-40302
52394
23496
50320
2410
-520
24898
-55162
-21418
50810
47416
30084
56504
-44416
-66528
-43410
-8978
-34166
-77878
67148
-11846
-23852
-32832
-44402
-15214
11038
-17892
12774
9040
-54684
34404
-1854
42716
19222
46066
19750
19446
-4920
9064
32502
-20764
-54120
-14764
15472
-41866
-39062
56464
-78106
66870
-52508
34444
49574
23202
32862
56842
-66228
67030
37062
-6404
-27448
42618
-46872
-25350
-61198
-75324
70592
32120
50512
-44328
-17610
-21048
48166
12448
-43896
-6268
46860
-39238
36028
-54792
-37166
-19308
-43696
-39282
41918
25490
-29960
-1300
-75568
-29134
82842
-36858
-18158
59842
-25760
35688
28356
-53736
-60476
16646
-32236
4328
-31452
-29584
51840
28858
-22842
-11984
55422
-20950
26488
-51620
45686
-40248
68944
68278
-56866
54926
-67526
30322
63334
13548
-6624
-46794
-80554
33344
52182
45376
11910
19908
-61654
13408
73600
38622
48920
-6938
-54644
-33842
-28498
9084
-41022
45282
36414
13982
16818
-27278
40082
7332
-43642
-45882
9832
53690
19382
-45476
-7846
-16084
-39924
-26334
-40918
-21126
-11698
-20736
-11346
-40560
34908
-16862
-10756
8162
-54702
51424
-26126
2718
-67498
-30944
-43878
2484
53004
-67290
18478
-54534
48820
-48430
-41884
-26162
-49236
36622
-18968
-44950
5282
17564
-21230
38032
55482
-40958
-69256
-41828
-26052
11560
76108
-58462
-18714
68874
-57906
-71622
-63694
35066
-24796
-45140
-1726
8816
32728
-20316
43602
9426
33568
-334
40960
-37872
-35010
17818
35996
-75060
65974
-31262
-12454
-52018
7422
-23734
18994
13850
-4858
57112
9158
-37450
-26934
-76802
58330
-73686
-50812
-71832
-44188
-42828
43194
18858
-25492
15526
-62072
-36098
52792
-18858
1804
40612
29424
-57282
-64658
48352
24570
-69838
-65870
-42120
31468
-32680
54144
55126
14102
-2762
-43394
25134
-66508
28888
-60846
-35770
7698
-33254
76826
-30708
-11722
-28822
-61740
65260
-70716
-17004
-39466
87316
-26616
-42726
34628
44998
-54316
-2902
-51568
17202
15080
-36080
11404
-39010
-12346
49034
10146
44768
64262
-54436
54978
66312
-69990
-25566
-49472
33996
27680
18886
-16722
-44508
47290
32008
-70666
-62622
-50762
-53568
-23738
6702
27940
60884
-29668
-56234
-32506
-42236
43010
-37816
78262
-72128
46414
-54870
63642
65830
-56254
-52122
43664
-53070
-24414
-71818
-24900
68446
81200
85684
-54234
-72168
42760
28434
-49534
-36002
-83454
27918
65076
-1408
1370
-44114
28266
-3458
-64906
-32710
5908
-38634
-56896
-33272
71020
15052
50540
-26166
-26516
1030
-73162
52168
-62408
42144
-1848
-80984
-23300
-35990
-9138
-15862
-23844
-39606
-1084
46192
4486
-2030
15020
-17306
30352
41792
-1244
40586
-30814
13692
-496
-6060
-40952
41582
-15672
46602
-41408
-41628
-77844
12804
51416
-14576
-28050
63622
-26952
16342
41492
7090
-20756
-58408
5566
-66318
24552
9176
33710
-10706
-21144
42414
-79456
-74994
-71346
18570
-27276
-11908
-25862
1606
57336
-35432
52346
16586
11300
-43976
35842
2084
-58644
-50638
-48256
-30514
-40042
-50148
3728
41566
-13124
38766
-72102
53092
-45242
29548
-25776
-36242
5868
25614
20874
-34084
25962
-48850
-53064
6804
-15156
-61040
23778
40880
-35514
-68480
17820
19410
29920
-52572
-24592
10766
-36426
-51212
-29040
-56628
-13438
41926
-19990
-55712
47494
-29768
77004
15020
5534
-4956
45878
30278
53490
-57020
-58988
-39610
-38104
22548
-45578
-40776
39150
38626
-28816
-32608
-37128
-40350
63030
9092
-33620
-59494
61540
-75846
-53272
-8044
-16400
-57714
41860
-55374
86304
-43660
62274
26494
-3806
29996
-9038
66834
-39482
-12502
-14640
4370
23700
-8684
-25100
-17164
73810
-30572
54178
3310
-64616
62344
-56562
8574
-35078
24606
-40056
-46574
-76610
9098
15974
4404
47986
-28602
38892
16720
-1740
18582
-84834
-63994
-51238
-6972
-35756
9374
47660
6838
-3892
-10476
8434
8336
-22994
18236
49468
-21534
-1616
16994
-22218
39656
43256
-22946
64640
-64298
40292
-53100
-57952
85898
-15530
27608
-34218
58388
-19922
-23654
-45320
33320
7426
-4548
14926
-54210
47606
-8490
-19818
-3514
1584
32892
18876
68114
-42182
-49042
42786
59706
-29128
51344
-67444
-31868
-73210
-398
-22256
-790
67238
-59160
-41698
-73390
57818
19500
10812
3924
70812
-9896
-68022
52676
21492
-67240
64394
48616
-62254
19818
-29968
-17674
-73908
48118
-56956
-63778
59628
29116
-42216
-27346
-47022
-37648
3628
-43910
-39974
33290
45502
-14980
36466
-17824
-22578
28766
47174
53058
-58340
-4668
-47420
-164
-7918
-8084
-17824
22262
-44626
-62060
4574
28782
-53296
70254
-26842
5824
58026
-20218
-31978
684
55592
-51264
82718
-10118
55654
-12716
48776
-59240
1672
30030
19794
52736
32768
46404
-44790
76044
-48504
-10552
45030
-61678
55284
-53350
-68316
-756
-64314
44402
-506
-59758
-68762
2334
-33474
-7960
-24974
-60236
-31092
-9610
16608
49014
-6920
-17808
62200
-25830
-52986
-27076
28864
866
-58102
-57852
37168
-15546
-13982
25094
-25428
-19220
67712
54732
-35924
45956
41148
45980
14610
29538
34934
6698
8032
50132
36066
-12318
-21868
41156
50502
-40870
45500
-25314
-55824
-4782
15516
16180
-33730
18286
17524
-24492
-39858
10154
67118
-40636
4472
-9356
29434
-36736
48946
39948
-59664
-26654
69928
-18896
24002
50774
51990
-16056
-72916
-33100
-63386
54976
-21626
52472
-35302
22072
-47124
63016
-31692
-12788
51676
-46150
47790
-14582
64770
-41612
19416
74678
41726
33814
-34874
-32634
-52778
-49836
9874
32940
57186
-13956
-46432
13490
-19570
-16088
23132
564
-2088
-5382
-15950
20034
23670
-23970
-56524
24976
16730
-27396
-52390
-9722
60832
13510
69920
63126
5856
-73100
34868
25628
-36336
-34162
-48724
59938
-20882
-24040
-10934
-20558
39508
-36878
-23892
6076
44884
-77826
39210
53612
55162
-3016
864
-65704
-35394
-48390
26412
-11602
-35462
29460
-28658
852
16918
-37924
-3160
-69696
-56570
12424
-61962
-59618
36632
45950
39100
25950
50476
48556
9122
-970
-14646
43994
27082
32528
-69202
36318
-54372
61334
74460
-59552
46092
-45820
39710
-13554
4680
-43740
65284
-31546
51430
-52382
-31232
55246
708
-56958
45250
-44280
-43570
-26692
-22950
11798
-61070
-56912
4868
-16884
39148
63382
61842
-4012
-50416
27996
25716
64218
362
8748
45344
-4740
-39060
63792
79422
54274
-48140
40542
-8464
73944
49336
-52536
40750
-40080
-49770
31442
35264
8526
72800
-47264
-41316
-39460
32006
-46152
4702
-33414
-23144
-5984
29648
-3086
-25220
15004
47614
10030
9348
41422
-16410
20336
-22082
-2988
59158
59530
-72776
-46946
-41904
1176
-50996
53396
17206
-60316
-35180
10372
-4348
-52378
-35288
21302
-65586
-33856
17738
-23028
-42602
-38990
-61290
25196
44314
-9056
21394
-3504
18990
-52158
-71730
47450
-26736
38650
-44060
-58164
11980
68964
3250
68990
-37758
63518
-10464
-67018
3970
18768
-620
27466
61084
-36284
-34672
5816
-60876
43076
4298
-20146
47868
23992
60766
-16232
-16030
-56930
-55042
42412
-58550
34174
33130
54148
-75016
14904
65036
-44002
8304
-20496
33368
-10638
32592
-41270
-50608
44066
-42402
17076
-24730
-22640
16350
38316
506
