# Mag 	 Suszeptibilitaet 	 Korrelationslaenge 	 x
0.564032
-0.610048
-0.434816
-0.428864
-0.522816
0.589504
0.478784
-0.43136
-0.622176
0.523424
0.411424
-0.556
-0.081056
-0.474592
0.593856
0.54672
-0.08736
0.53408
-0.503712
-0.622752
-0.454976
0.33648
0.514656
0.38736
-0.464704
-0.03664
0.610656
0.323648
0.553216
-0.591712
0.553088
0.629984
-0.446336
0.564544
-0.439872
0.572896
0.496704
0.434048
-0.559648
0.47984
0.57424
-0.33936
0.658976
-0.517824
-0.026944
-0.57456
0.52816
-0.29904
0.552032
-0.564384
-0.54736
-0.561984
-0.526048
-0.460832
0.474496
-0.502816
0.504128
-0.502784
-0.51568
0.210912
0.43216
-0.539712
-0.490336
-0.599648
0.405632
0.61712
-0.483328
0.561696
-0.539136
0.565888
-0.393632
-0.561664
-0.591904
-0.525728
0.347104
0.356032
0.564672
0.560128
0.13728
0.32768
0.521856
-0.46752
0.593696
0.589568
0.499936
-0.521856
0.60384
0.31344
0.560512
-0.466816
0.51296
0.562304
0.442336
0.476288
-0.614048
-0.532256
0.060192
-0.534368
-0.471168
-0.58432
-0.528128
0.452
0.6184
-0.492288
0.596576
-0.570624
0.423392
-0.442592
0.636384
0.481088
0.541376
0.620192
-0.415424
-0.4736
-0.130592
-0.56272
0.435232
0.393056
0.635392
0.558624
-0.40608
0.542144
0.49792
0.57856
-0.413376
-0.617216
-0.57216
0.411424
-0.542176
0.511552
0.397536
0.53424
0.542208
0.310464
-0.027968
-0.609696
0.501056
-0.485152
-0.357856
0.319008
0.607328
0.560288
-0.54784
-0.461344
0.63856
0.479744
0.438176
-0.442688
-0.255136
-0.636832
-0.592704
-0.56256
-0.573376
-0.48032
0.619808
-0.1816
-0.482048
-0.444448
-0.438144
-0.453184
-0.382208
0.53904
0.549696
-0.551744
-0.406208
0.520256
0.589152
-0.468288
-0.52528
0.181504
-0.422592
0.551552
-0.588192
0.529984
-0.560992
0.636704
0.44832
0.462304
-0.591776
-0.438912
-0.489984
0.555136
0.598592
0.58752
0.538784
-0.657536
0.539616
0.532704
-0.612768
-0.298464
-0.599136
0.56256
0.490656
0.441792
0.5368
-0.490304
0.584448
0.633152
-0.589184
-0.371808
0.468768
-0.632896
0.293536
-0.574464
-0.080992
0.397824
0.486464
-0.082976
0.434848
-0.456192
-0.316992
-0.345888
0.478848
-0.54864
0.59664
-0.27424
0.558784
0.60192
0.529888
0.660128
-0.320224
0.50768
0.190592
0.219584
-0.317696
-0.543552
-0.301312
0.2376
0.521696
-0.470368
0.613664
-0.574784
-0.520672
0.616352
-0.365504
0.529728
0.537184
0.480096
-0.457824
-0.538464
-0.220832
0.38512
0.42864
0.409056
-0.345184
0.492064
-0.617312
0.56224
-0.637792
-0.459616
0.440768
0.58816
-0.55888
0.399232
0.589216
0.2504
-0.158432
0.240864
-0.371968
-0.065824
0.534528
0.581824
-0.45056
-0.598944
0.61568
-0.323872
-0.369728
0.44848
0.566048
0.583008
0.517664
-0.3456
-0.494112
-0.480096
0.65184
0.536384
-0.43792
0.620544
-0.569408
-0.628608
0.21008
0.355616
-0.553856
0.315648
0.45824
0.458272
-0.60384
0.567136
-0.549216
0.606016
0.5728
0.493056
0.427808
0.407392
0.522656
-0.40688
-0.406208
-0.517344
-0.384512
-0.488
-0.616416
0.453664
-0.489344
0.451392
0.420288
0.63552
-0.592512
-0.225536
0.533984
-0.544032
0.488096
0.330752
0.46832
-0.418144
0.631008
0.636992
-0.579072
0.591936
-0.564256
0.430688
-0.616992
0.578464
0.567488
0.463744
0.518272
0.509024
0.630304
0.533024
0.118464
0.4416
-0.636736
0.516576
0.547712
0.50352
-0.594656
-0.379232
-0.371904
-0.571488
-0.441696
0.337312
-0.532448
-0.517088
0.452608
0.586144
0.559904
0.580064
0.35712
0.575424
0.541472
-0.644896
0.53184
-0.399232
0.562624
-0.51968
0.415936
0.288416
-0.402112
-0.611424
-0.397792
0.264704
0.386336
0.1344
0.55648
-0.433376
0.044896
-0.554208
0.599872
-0.530624
0.491648
0.226208
0.656128
0.5968
-0.125408
-0.464384
0.606144
-0.519744
-0.163456
0.431744
-0.501824
0.498816
0.49296
-0.474656
-0.525824
-0.024576
0.628768
0.3704
-0.506464
0.470656
-0.243424
-0.420832
0.63008
0.488352
-0.573088
-0.300384
0.556256
-0.596416
0.306368
-0.60112
-0.58896
0.522528
-0.589888
0.395424
-0.457344
-0.547552
-0.606528
0.574176
-0.550208
0.498592
-0.209536
0.46064
0.468896
-0.390848
-0.318912
0.56064
0.544896
0.49104
-0.53488
0.539424
0.475328
-0.4848
0.412736
0.532608
0.626336
-0.61008
-0.574208
-0.62416
0.535104
-0.585184
0.624032
0.448416
0.462016
-0.416704
0.185088
0.299328
0.552544
-0.605632
-0.287424
0.631488
-0.567456
0.616928
0.495584
0.38976
-0.488
-0.350048
-0.598144
0.60432
0.45696
-0.574112
0.436128
-0.541024
0.631328
-0.543232
-0.617696
-0.50992
-0.551584
-0.66912
-0.523616
-0.057344
-0.508928
-0.5128
-0.416448
0.526336
-0.386272
0.544544
-0.656736
-0.144064
-0.532576
-0.571904
0.519264
-0.044896
0.480736
-0.546144
0.284192
-0.593344
-0.617344
0.463744
-0.398624
-0.463232
0.478816
0.613408
0.466912
-0.58384
-0.188576
0.242016
0.495616
0.222912
-0.303168
-0.355296
0.569184
-0.569664
0.51872
-0.599872
0.575104
0.462176
-0.416256
0.23472
-0.568896
-0.411168
0.531904
-0.464768
0.435456
0.51264
-0.454528
-0.587584
0.171616
-0.540416
-0.474368
-0.11424
0.429408
-0.590176
0.459104
-0.37904
0.530112
-0.316352
-0.629088
-0.591456
0.469792
0.458528
-0.553856
0.452992
-0.523744
-0.471328
-0.381664
0.549024
0.473984
0.494304
0.300448
0.003968
0.602752
0.549408
0.530016
-0.473152
-0.295456
-0.499296
-0.52416
0.288
0.414144
0.351936
0.518816
0.586272
0.546752
-0.471872
-0.47888
0.216096
0.577248
-0.335008
-0.469792
-0.589376
0.600032
-0.492672
0.52208
0.30992
-0.59744
0.494848
0.64784
0.393696
0.592992
-0.56176
0.393856
0.515776
0.598912
-0.393792
-0.621376
0.369888
-0.608448
0.586048
0.543424
-0.516832
-0.50432
0.600288
-0.574848
0.585376
-0.602272
-0.272256
0.380864
-0.307936
0.626464
-0.331872
-0.103136
-0.46224
-0.284544
-0.443904
-0.59776
-0.648032
-0.582336
-0.582848
0.629984
0.538624
0.4976
-0.445184
0.460672
0.55488
-0.316576
0.625728
0.642048
-0.352
-0.248864
0.536416
0.663968
-0.640928
0.45232
0.517504
0.2248
-0.4032
0.613248
0.55648
0.644224
0.582784
-0.59296
0.533312
-0.532576
-0.590752
0.453536
-0.582016
-0.527424
-0.129248
-0.500384
-0.598176
-0.596448
-0.37056
0.500288
0.555584
-0.442368
-0.595488
0.549792
0.309824
0.517056
0.479936
-0.523872
0.518048
0.353728
0.10512
0.556224
-0.404192
-0.56976
-0.44096
0.114336
0.045728
-0.640448
-0.580576
-0.289088
-0.40976
-0.588384
-0.555584
-0.592
-0.433888
0.105024
-0.473184
0.490656
0.49024
-0.466336
0.571488
0.517056
-0.4568
0.640832
-0.546016
-0.438336
-0.525792
0.56768
0.451392
-0.329312
0.502496
0.51552
-0.363328
-0.399648
-0.656256
0.441824
-0.509088
-0.555232
0.557856
-0.486144
-0.342464
0.48432
0.467168
0.373504
-0.48016
-0.573472
0.446496
-0.592032
0.490752
0.308
0.329376
0.584608
0.39024
0.534016
0.564736
0.131072
0.598336
0.535136
0.578848
-0.585952
0.609152
-0.598304
0.498464
-0.450272
-0.480256
-0.440736
0.57984
0.05904
-0.433856
0.40112
0.532384
-0.486112
-0.583424
-0.532768
-0.103328
-0.411776
0.56048
-0.4096
0.621664
0.311808
-0.666688
0.486816
0.589056
0.400448
-0.558976
0.587776
0.263232
0.6168
-0.449248
-0.544032
-0.466592
-0.57216
0.5056
0.4192
-0.562624
0.474112
0.526432
0.464064
0.574688
0.475904
-0.535008
0.439264
0.43104
0.460608
0.495008
-0.540224
0.405984
-0.522944
0.240224
-0.651968
0.330944
0.463744
0.568064
-0.469568
0.4296
0.55472
-0.529792
-0.49312
-0.253312
0.58432
-0.47104
0.620544
0.019168
0.351104
0.5096
0.604608
-0.012224
-0.459936
-0.61808
-0.498272
0.544128
-0.604544
-0.683328
0.565632
0.517312
-0.617056
0.50384
-0.6328
-0.117024
-0.643968
-0.436032
-0.590272
-0.565472
0.574272
0.334304
-0.268896
-0.349248
-0.570752
-0.48272
-0.460704
0.413568
0.56688
0.55664
-0.528544
-0.13376
0.492544
-0.574976
-0.590624
-0.432768
0.53104
-0.52672
0.588
-0.47776
0.575456
-0.378464
-0.627488
0.190208
-0.679072
-0.481504
-0.422144
-0.610944
0.457472
-0.30288
-0.416384
0.124032
-0.3904
0.070528
-0.469728
-0.419616
0.529152
-0.56832
-0.500224
-0.643648
-0.604128
0.516544
0.496768
0.49232
-0.396032
-0.534656
0.622688
-0.426848
0.487616
-0.536288
-0.555552
-0.523456
0.546784
-0.559936
0.561984
0.401696
0.573728
0.573824
-0.551584
-0.610144
-0.322048
0.559136
-0.459776
0.458592
0.623616
-0.587296
0.356416
-0.591808
-0.582624
0.509664
0.647072
-0.604352
-0.47984
0.53296
-0.466016
0.533216
0.211136
-0.594912
0.638816
-0.425728
0.10272
-0.406528
0.04336
-0.560224
0.542848
0.241216
0.47184
0.321664
0.453856
-0.418272
-0.531904
-0.387232
0.461792
0.572384
-0.339712
-0.495616
0.411136
0.61072
-0.438112
0.54992
0.184576
-0.492096
-0.253472
-0.625888
-0.627808
-0.556096
-0.007104
-0.540992
0.276384
-0.597696
-0.56336
0.564256
-0.177984
-0.496352
-0.471008
0.553952
0.599552
-0.433504
0.475552
0.385568
0.24576
-0.458976
-0.260128
0.523936
0.371136
-0.3808
-0.558048
-0.535808
0.03216
-0.06272
0.577408
0.45008
-0.526592
-0.481312
-0.451424
-0.587072
-0.431712
-0.37712
0.58672
-0.605024
0.558816
-0.488352
0.43744
-0.493248
0.379424
0.52864
0.451168
-0.422624
-0.107424
0.237248
-0.543584
0.439296
0.607136
0.626976
0.595232
-0.530688
0.378816
-0.442112
0.162944
-0.491296
-0.627328
0.37648
-0.302912
-0.59136
-0.449216
0.27056
0.570944
-0.570432
-0.424064
-0.483584
0.465632
-0.33984
0.516032
0.536064
-0.52944
-0.563424
-0.410784
-0.49632
-0.534976
-0.498944
-0.634112
0.457632
0.643104
0.5896
-0.296896
0.367392
0.585152
0.58944
-0.635456
-0.282048
-0.550592
-0.0392
0.477568
0.14464
-0.203808
0.502432
0.607904
0.140512
-0.619488
-0.560576
0.482592
0.073952
-0.46672
0.145376
0.394976
-0.599328
-0.484224
0.41536
-0.109856
-0.585056
-0.450976
-0.322848
0.555744
-0.549696
-0.608128
0.540608
-0.196256
0.50608
0.15264
0.538112
-0.076448
0.555488
-0.57968
0.445248
-0.5056
-0.520736
0.572128
-0.078624
-0.437152
0.627328
-0.185344
-0.415904
0.375968
0.641888
-0.62528
0.592768
0.503776
-0.407264
0.540032
0.462528
0.532416
-0.527392
-0.583744
0.587104
0.42192
0.487168
0.17584
-0.44912
0.527648
0.49568
0.38528
0.297376
0.159264
0.547904
-0.612768
0.49696
-0.578528
-0.405632
0.508704
-0.185536
0.611712
0.586112
-0.469728
-0.647168
-0.336032
0.576704
0.428896
-0.588512
0.04448
0.493472
-0.561696
0.575008
0.469792
-0.002656
0.585216
0.556608
-0.512384
-0.425248
-0.475168
-0.393696
0.30896
-0.600576
0.531616
-0.524672
0.440352
0.244256
0.300736
0.627616
0.594112
-0.199264
-0.594528
-0.480064
-0.466976
-0.479456
-0.351392
0.58912
0.427648
-0.564384
-0.636064
0.545056
0.611232
0.445824
0.49296
0.358752
0.663392
-0.565248
-0.553056
-0.09568
-0.297088
-0.38816
-0.52176
0.611584
0.57744
0.588608
0.003456
-0.51104
-0.568192
-0.420288
-0.339232
0.581792
0.566016
0.091232
-0.585376
0.535968
0.404224
-0.494144
0.515872
-0.438048
0.492448
-0.573152
-0.514272
-0.616896
-0.52352
0.267456
-0.459424
-0.556096
-0.495392
-0.286112
-0.141664
0.222176
-0.120192
-0.4376
-0.036192
0.477952
0.495872
0.601664
-0.54384
0.496384
0.478816
0.165952
-0.47904
0.539456
0.580128
0.443552
0.520576
-0.676768
-0.43824
0.113152
0.485984
-0.514144
0.369632
0.550592
0.594528
0.355488
-0.549664
-0.413248
-0.446368
0.534816
0.383296
0.58912
0.4432
0.234272
0.085696
0.518144
0.590944
0.315712
-0.426368
0.55296
-0.018656
0.55776
-0.587744
0.628128
-0.529024
0.40944
0.595168
-0.30256
-0.249088
0.30368
-0.209024
0.368192
-0.138656
0.563552
0.506528
0.18448
0.457504
0.339744
-0.534496
0.242944
0.427648
-0.609344
-0.468288
-0.548384
0.571264
-0.615648
-0.536672
-0.472064
0.621376
0.536544
0.562528
-0.385504
-0.519424
0.519008
-0.508864
-0.585664
0.394432
-0.552128
-0.57584
-0.512576
0.370912
-0.522496
-0.1848
-0.481024
-0.5712
0.59248
0.565408
-0.598048
0.459872
0.456064
-0.481856
0.418912
0.581056
-0.165536
-0.572256
0.393312
0.559264
0.461632
0.400832
0.536256
0.548224
0.552992
0.381696
-0.592512
0.47296
0.169952
-0.558048
-0.527488
-0.502208
-0.348288
0.527712
0.463488
-0.563584
0.457632
0.453984
-0.183456
0.208352
-0.356992
0.539072
0.050624
-0.322816
0.60864
0.221792
0.543744
0.626368
-0.514656
-0.39888
0.512288
0.51184
0.505536
-0.456576
0.53616
0.465408
-0.496896
0.447936
0.504672
-0.139776
0.602464
0.621984
0.515712
0.608
0.588192
0.53104
0.645472
-0.202016
-0.41456
0.539104
-0.338912
-0.40672
0.385856
0.592704
-0.397888
0.55344
0.56192
0.37888
0.508224
-0.559968
-0.605056
0.582016
-0.472192
0.466976
-0.374304
-0.57824
0.109696
-0.494464
0.244288
-0.513024
0.442336
0.47584
-0.336448
0.399808
0.608288
0.480384
-0.468736
0.205088
0.4072
0.536384
-0.476224
0.330496
0.035808
-0.56672
0.621024
0.523392
0.648448
0.59328
-0.471136
0.608
0.331776
0.546208
-0.229568
-0.54064
0.534592
-0.567296
-0.3712
0.527616
-0.511872
0.587872
-0.471872
-0.235328
0.316576
-0.534624
-0.432
0.5256
-0.581888
0.558912
0.164064
0.426784
-0.497728
0.502944
-0.555072
-0.562784
-0.605536
-0.53808
0.702688
-0.579872
-0.560448
-0.573632
-0.552672
0.55952
0.323168
0.430016
-0.431584
0.275552
0.463808
-0.524736
-0.359744
0.38032
-0.540384
-0.561408
-0.581792
-0.450944
0.526592
0.443904
0.432896
0.601248
-0.49632
0.490304
-0.52992
-0.549152
-0.469408
0.085024
-0.573472
0.478784
0.594784
-0.044448
0.253952
0.420576
0.421952
-0.352576
-0.52928
0.349504
0.429056
0.302112
0.217312
-0.48016
-0.128544
0.425376
-0.428576
0.54368
0.497152
0.449632
-0.64128
-0.472384
0.565408
0.401536
0.063904
-0.557888
0.531264
-0.43008
0.268352
0.001728
0.470144
0.524928
0.470816
-0.598208
-0.381216
-0.508192
0.412736
-0.395648
0.481344
-0.25312
0.41104
-0.522272
-0.619648
0.568896
0.612192
-0.451072
0.558944
0.545216
-0.588992
0.441312
0.413152
-0.621184
0.414816
-0.57552
-0.168832
-0.562432
0.529504
-0.408896
-0.526816
-0.4432
0.517376
0.509824
-0.43936
0.218208
-0.195808
-0.46352
-0.625216
0.409856
-0.169728
0.591616
-0.13232
-0.576256
0.41792
-0.554816
0.567264
-0.511712
0.375136
-0.364256
0.482688
-0.483648
-0.569376
-0.440352
-0.631296
0.522752
0.0528
-0.496768
0.370624
-0.331552
0.186304
-0.331232
0.598304
0.537696
-0.521248
0.623776
0.547776
-0.586624
-0.567872
0.626976
-0.371616
-0.518272
0.47248
0.112672
-0.481952
-0.60864
-0.348032
0.51824
-0.580064
0.564448
-0.602688
0.541952
0.038912
-0.38944
-0.400384
0.516032
0.493856
-0.59536
0.499552
-0.354176
-0.389568
-0.482848
0.489024
-0.016544
-0.521984
0.569472
0.495616
-0.305024
-0.538784
0.059488
0.162592
-0.459968
-0.603424
-0.47296
0.016288
-0.144096
-0.389056
0.476736
-0.5496
-0.60656
0.50096
0.625216
0.284832
-0.474912
-0.510848
0.624448
-0.574688
0.63936
-0.638272
0.415808
-0.595072
-0.630368
-0.61472
-0.479328
-0.48768
-0.555904
-0.623328
-0.571712
-0.533248
-0.103104
-0.506752
0.335808
-0.079712
-0.432704
-0.264864
-0.578336
0.58256
-0.310368
0.421376
-0.011744
0.225824
0.515808
-0.294048
-0.508064
-0.510784
0.560544
0.615872
0.49248
0.556608
-0.585632
0.14208
-0.477888
0.65984
0.113568
-0.461696
-0.459072
0.287456
0.202496
-0.420736
0.577472
-0.379712
0.432544
-0.645696
0.118464
-0.566496
-0.396096
-0.595072
0.648768
0.506304
0.370304
-0.624928
0.568032
0.482048
0.549696
-0.518848
0.40688
-0.212416
-0.608448
0.45744
0.412064
0.232096
0.448896
0.552864
-0.51072
-0.4584
-0.498816
0.377184
-0.333856
-0.56272
0.564672
-0.55952
0.529696
0.565024
0.447712
-0.581696
0.370304
-0.297504
-0.523616
0.641088
0.501856
0.560384
-0.586464
0.540672
-0.555104
0.347008
-0.60272
-0.310368
-0.62976
0.4704
0.167424
-0.398528
-0.492992
0.491264
-0.474176
0.49952
-0.452192
0.642912
-0.65952
0.55024
-0.32272
-0.453472
-0.46736
0.429056
-0.444352
0.533504
0.570016
-0.481856
-0.48816
0.63136
-0.46192
0.440064
-0.41568
0.4312
0.582432
0.511552
0.357344
-0.044192
-0.3168
-0.506112
-0.540896
-0.49392
-0.50672
-0.407648
0.408224
0.461088
-0.44656
0.04688
0.530016
-0.315648
-0.380288
0.544672
-0.482944
-0.193088
0.580992
-0.465632
0.560096
0.562464
-0.037344
0.431616
-0.068512
0.385472
-0.476768
0.556448
-0.330176
-0.619712
0.47264
0.491968
-0.381696
-0.415168
-0.59088
0.520896
-0.441216
-0.306816
0.533312
-0.600736
0.517312
0.460128
0.48272
0.110208
0.62864
-0.208416
-0.562752
-0.584064
0.415456
-0.454528
-0.64208
0.220416
0.187264
0.583488
0.433504
-0.549248
-0.60896
0.472864
-0.480448
-0.61248
0.528608
0.51968
-0.563008
-0.477664
-0.170944
0.605312
0.50576
-0.557344
-0.368864
-0.49472
0.592
0.61616
-0.50768
0.38432
-0.530528
0.316576
0.529504
-0.55936
0.559968
-0.562208
0.655616
-0.573632
0.594144
0.127328
0.472448
0.633728
0.380032
-0.6088
0.583616
-0.192768
-0.582912
-0.498304
-0.613056
-0.584544
-0.64512
-0.591872
-0.570208
-0.54
-0.505568
0.468448
-0.320416
0.236576
-0.508672
0.514976
0.33872
-0.467968
-0.458848
0.54704
-0.612384
0.170336
0.67424
-0.558112
0.464416
0.058816
0.542624
0.069472
-0.60672
-0.469984
0.51504
-0.271456
0.562944
-0.562112
0.606304
0.323808
-0.423232
0.59712
-0.373728
-0.023392
0.334368
-0.528576
-0.55296
-0.291456
-0.565984
0.504224
-0.506528
0.594688
-0.519392
0.594912
0.48704
-0.34064
-0.277888
-0.302752
-0.352992
0.61936
0.547456
-0.554592
0.096608
-0.486784
0.492544
0.599008
-0.522528
0.546432
-0.165312
0.60688
-0.335552
0.641568
-0.575328
-0.033536
-0.15488
0.243456
-0.579424
0.531968
-0.132032
0.53104
-0.558208
-0.49376
0.492864
-0.466592
-0.577088
0.50576
-0.578336
0.394752
0.48896
0.470144
-0.008736
0.519232
0.401376
0.512064
0.456896
0.595904
-0.156736
-0.022592
-0.407712
0.607712
0.522432
0.385888
-0.425088
0.475552
0.397056
0.359584
-0.513504
0.460768
-0.539232
0.485216
-0.446048
0.203904
-0.5152
0.464928
-0.430816
-0.401824
-0.233248
-0.01584
-0.479232
-0.605536
0.525184
-0.488
0.575168
-0.422048
-0.351104
0.37216
-0.497984
0.449696
-0.49792
0.5
-0.472608
0.51824
-0.53616
0.61648
0.520448
-0.441824
0.4248
0.519136
0.161792
-0.257248
-0.559328
-0.581344
-0.562528
0.5048
0.530784
-0.592192
-0.391072
0.463296
-0.537792
0.451456
0.630848
0.509312
0.531392
0.647712
0.522368
0.406016
0.590624
-0.4384
0.400928
-0.570112
-0.612864
-0.1304
0.580864
-0.2368
-0.365888
0.490912
-0.196512
0.537792
0.590816
-0.586336
0.487296
0.50608
0.572256
-0.360416
-0.60896
-0.454176
0.5608
-0.533248
-0.466784
0.501472
-0.54128
-0.485888
-0.544256
0.445248
-0.442624
0.458912
0.575808
-0.445632
-0.50208
0.63264
0.54624
-0.50208
-0.424768
0.54832
-0.04768
0.584448
0.414496
-0.500608
-0.56928
0.075808
0.457152
0.391712
-0.467936
-0.593312
-0.532192
0.519168
0.518304
-0.444896
-0.39264
-0.559008
-0.578176
0.362368
0.14416
0.584928
0.513952
0.187488
-0.29056
-0.49824
0.5576
-0.042496
0.623552
-0.504992
-0.559104
-0.45952
-0.576128
0.204768
-0.593856
-0.504672
-0.576704
-0.476864
0.566752
-0.474688
-0.212288
0.337696
-0.422784
-0.417856
-0.45264
-0.238144
0.433984
0.51584
-0.620672
0.608352
0.56064
-0.60496
0.03312
0.582368
0.398368
-0.592928
-0.344192
0.487872
0.373536
-0.606432
0.62704
-0.475424
0.464064
-0.558176
0.265216
-0.609536
-0.394496
-0.498752
-0.568576
0.527616
0.580896
0.508384
0.598848
-0.615296
0.532192
-0.443488
0.207424
0.554656
-0.56512
-0.46464
-0.566912
0.567008
0.532544
-0.591264
0.376352
-0.329792
0.432064
-0.247744
-0.588704
-0.582336
0.64864
0.212896
-0.44224
-0.533984
0.601536
0.5408
0.618304
-0.620224
-0.418944
0.018784
0.481312
-0.46256
0.50672
-0.618592
-0.6288
-0.4552
-0.421088
-0.544096
-0.523648
-0.310272
-0.06672
0.579424
0.418112
0.457152
-0.412448
0.351424
0.583936
-0.519904
0.550272
-0.155968
-0.569024
0.14592
0.430496
-0.492544
0.565248
0.607072
-0.377088
-0.420672
0.471072
0.429696
0.567936
-0.33024
-0.59488
0.28752
-0.599168
-0.5336
0.504096
-0.486976
-0.589888
-0.282944
0.59072
0.575936
0.61888
0.590912
-0.594176
0.615328
0.5984
-0.574112
-0.32
0.301088
-0.462016
-0.521888
0.4992
0.343328
0.507296
0.570944
0.504096
-0.614944
-0.612992
0.18624
-0.574272
0.57216
0.541056
-0.441664
-0.53216
0.444512
-0.553184
-0.522624
-0.331776
0.208256
0.372992
0.24352
0.493696
0.532064
-0.612352
0.256256
0.453152
-0.449696
-0.371168
-0.252736
0.42928
-0.476288
0.519264
0.56736
0.448416
-0.646944
-0.563008
-0.479712
0.463584
0.60528
-0.576032
-0.490816
0.603968
-0.548768
0.537856
0.373728
0.51616
0.275296
0.399104
-0.519584
0.610272
-0.521024
-0.519072
0.559936
0.395488
-0.569344
0.439744
-0.523488
0.469504
-0.512
0.56256
0.452256
-0.0848
0.453632
-0.458752
-0.291488
-0.565376
-0.081152
-0.306016
-0.558592
-0.470592
-0.46352
0.5968
-0.488832
-0.320384
-0.67712
0.62592
-0.64016
0.64512
-0.388032
0.523808
0.514592
0.567712
-0.49232
0.573376
0.573856
0.548992
-0.445344
-0.407488
0.4728
-0.605216
0.424192
-0.558688
-0.53824
0.0816
0.345984
0.32992
0.392672
0.574944
-0.456576
-0.532864
0.565824
-0.4416
-0.439616
-0.46944
0.277184
-0.598656
-0.381248
0.476032
0.529024
0.510624
-0.428512
-0.496576
0.600256
0.159488
0.496032
-0.498368
0.66272
0.508064
-0.475072
0.590496
0.419968
0.563264
-0.107872
-0.1728
0.215968
-0.251296
-0.339584
-0.46624
0.0144
0.52256
-0.41072
-0.51536
0.576128
0.458816
0.669984
-0.53904
-0.32928
0.066272
-0.680064
-0.058016
-0.533056
-0.489216
-0.120896
-0.488352
-0.449248
0.621888
-0.460096
0.043296
-0.506368
-0.577024
-0.499936
0.002752
-0.615296
-0.491616
-0.600032
-0.182784
0.4416
0.365216
-0.412032
-0.517472
-0.473984
-0.591744
-0.552608
0.273824
0.39712
0.338816
0.476416
-0.57744
0.543488
-0.246432
-0.52336
-0.561248
-0.622688
-0.441248
-0.525952
-0.069536
-0.493856
0.394784
0.495872
-0.328224
-0.451296
0.50896
0.590144
0.460832
-0.40016
-0.490656
-0.498016
0.4768
0.280224
0.463488
0.42816
0.528864
-0.195616
-0.553408
0.495904
0.34416
-0.568736
0.562016
0.561856
0.46016
-0.460768
-0.610496
-0.560576
-0.57424
-0.611488
0.314336
0.606688
0.268576
0.493216
-0.349216
-0.36976
-0.437248
-0.475648
0.436352
-0.251648
0.598496
-0.461056
-0.58608
-0.3616
-0.486848
-0.663168
0.592192
-0.561568
-0.36256
0.538752
-0.394816
-0.551296
0.569568
0.611936
-0.412448
0.492736
-0.434848
0.60432
-0.517728
0.537088
-0.492896
-0.485248
-0.394944
-0.631744
-0.564096
-0.444864
-0.581248
0.51104
-0.504064
-0.521088
0.4848
0.477504
0.45344
0.392384
0.471584
0.41568
0.4824
0.585408
0.497568
-0.52896
-0.63072
0.552096
0.57552
-0.322048
0.00176
-0.508576
0.09136
-0.512768
-0.618368
0.615456
0.342016
0.386464
-0.48256
-0.608
0.59472
-0.463232
-0.639744
0.51904
-0.257792
-0.52336
0.400096
0.560128
-0.499008
0.002688
-0.636384
-0.458336
0.378624
-0.604768
0.555776
-0.560384
-0.313888
0.383392
-0.547904
-0.541248
-0.267584
-0.549152
0.546368
-0.592672
-0.170176
0.502944
0.6816
0.53584
-0.497184
0.17808
0.324448
0.32272
0.57008
0.60112
-0.438592
-0.596288
-0.475104
-0.39728
0.598624
-0.565888
0.567072
-0.64096
-0.494336
0.338368
-0.621664
0.636192
0.44944
0.594016
-0.493248
-0.549248
0.571712
-0.57984
-0.236992
-0.506208
0.540288
-0.36224
-0.572864
0.326752
-0.508672
-0.448768
0.259616
-0.494464
0.590528
0.558752
-0.585216
0.377376
-0.024608
0.460448
-0.47936
-0.51712
-0.449408
-0.409696
-0.604
0.467904
-0.514816
-0.46592
0.440096
0.573408
0.378784
0.554272
0.513216
0.345952
-0.567008
-0.592224
0.549984
-0.54528
0.399872
0.539488
-0.615488
0.566784
-0.457856
-0.539744
0.652224
-0.572512
-0.469088
-0.318624
0.42464
-0.353504
-0.598368
0.542304
-0.527008
-0.259616
-0.602496
0.45952
-0.378144
-0.439168
0.526016
-0.524864
-0.634048
-0.571328
-0.520032
-0.489824
0.261984
-0.26656
0.4728
-0.526592
-0.637632
0.62128
-0.217152
-0.533344
0.546176
-0.60016
0.439808
-0.450016
-0.546304
0.615168
0.529408
-0.511008
-0.110048
0.598048
-0.546656
-0.384992
-0.459296
-0.456768
0.461344
-0.448416
-0.065536
0.458528
-0.489184
0.445152
-0.561664
0.182496
-0.559072
0.220128
0.538528
-0.466688
-0.596192
-0.60816
0.50224
-0.479616
-0.582912
-0.428512
0.602496
-0.606336
0.571104
0.4528
-0.442688
0.424512
0.616512
-0.576864
-0.627168
-0.144576
0.269408
0.406624
-0.362752
0.3264
0.62832
-0.45456
0.603648
0.585312
0.507168
0.587584
-0.35584
0.439712
0.596192
0.585344
-0.50848
-0.517504
-0.541504
-0.573312
-0.590944
-0.487968
0.413024
-0.496672
-0.496576
-0.162848
-0.534144
0.56688
0.459776
0.255616
0.095392
0.528768
-0.635008
0.176992
-0.584576
0.305088
-0.5424
-0.561952
0.402336
-0.409824
0.493408
0.43344
0.416032
0.601952
-0.388544
-0.548992
-0.586656
0.562048
-0.437632
-0.528736
-0.02704
0.611776
-0.403872
-0.519424
-0.46608
0.567008
0.341632
-0.589312
0.535584
0.307808
-0.417824
0.497696
-0.12848
-0.56176
0.381312
0.561024
0.599296
-0.207136
-0.579168
-0.518496
0.479072
-0.470464
0.610304
0.24304
-0.624288
0.574144
0.507424
0.442496
-0.585664
-0.016
0.64976
0.401568
0.519584
0.50288
-0.631616
-0.454144
-0.125408
-0.564544
0.574912
-0.51616
0.606816
0.663136
-0.559168
0.382208
-0.53968
0.421024
-0.335104
0.475168
-0.48064
-0.577184
0.443872
-0.614944
-0.51584
0.47968
0.510528
-0.513888
0.570688
0.608448
-0.562976
0.548128
-0.63152
-0.50256
0.451264
-0.627616
0.573472
-0.604128
-0.443648
-0.592192
-0.480672
-0.270208
-0.67472
-0.534816
0.577536
-0.622528
-0.287488
-0.158816
0.45472
0.636832
0.493408
0.588256
0.56016
-0.53872
0.281472
-0.452736
-0.529184
0.456576
-0.483616
0.568224
0.607776
-0.392448
-0.556352
-0.55376
0.41312
-0.407168
0.38
0.581792
-0.534016
0.185888
0.511968
0.215456
-0.569696
-0.507136
0.467008
0.57984
0.466144
0.619808
0.512672
-0.270784
0.252288
-0.45264
0.520864
0.510016
-0.503968
0.13936
0.575552
-0.300224
-0.626976
0.44672
-0.535904
-0.568416
0.464928
0.531328
0.378496
0.348512
-0.448
0.469696
0.523232
0.482368
0.523712
0.323008
0.324096
-0.22432
-0.627872
-0.594048
-0.368096
0.482112
0.623776
-0.575424
-0.451776
-0.450176
-0.551488
-0.545248
0.57296
-0.62368
-0.551008
-0.570976
0.288736
-0.403552
-0.369376
0.190848
0.547776
0.634496
-0.19456
-0.57904
-0.607616
0.607776
0.652128
0.298304
0.260512
0.570016
0.480032
0.607296
0.533024
0.594912
-0.41344
-0.377536
-0.571328
-0.3936
-0.489024
0.584896
-0.59632
0.447648
0.208864
-0.598016
0.54368
-0.469056
0.508032
-0.263808
-0.530944
-0.509984
-0.333088
0.272448
0.32112
-0.560768
0.598016
0.254592
-0.483456
-0.619648
-0.39264
0.474144
0.313376
0.371136
-0.624416
-0.548864
0.53296
-0.633504
0.487232
-0.642656
-0.630752
0.47136
0.486368
-0.371072
-0.605248
0.430848
-0.535584
-0.52368
-0.520768
-0.625536
-0.572736
0.550752
0.472352
-0.49216
0.586464
0.428
0.171776
-0.58816
-0.416064
-0.596384
0.31072
0.643392
-0.440544
0.63264
-0.426816
0.349504
0.552992
-0.220288
-0.304768
-0.462464
0.490432
0.561184
-0.212672
0.377536
0.599904
-0.502528
0.32016
0.614432
-0.355232
0.348448
-0.429408
0.476832
-0.337536
-0.496864
-0.57824
0.495616
0.453472
0.600672
0.512864
0.561824
-0.591808
0.594304
-0.508864
0.608352
0.22016
-0.599712
0.596032
0.358528
-0.453888
-0.587936
-0.41984
-0.521472
0.09504
0.440224
-0.327008
0.546048
0.418848
-0.42576
0.568192
-0.583808
0.54864
-0.539136
-0.356512
-0.56864
0.409792
-0.474656
-0.079936
0.651232
0.02176
-0.456352
0.575936
-0.530752
-0.47088
0.463168
-0.627808
-0.459808
-0.562432
0.33104
0.56656
-0.5408
-0.556896
-0.31952
0.245632
0.514112
-0.54432
-0.53968
0.538432
0.60832
0.44432
-0.346368
-0.242656
0.142432
0.60144
-0.459328
0.483168
-0.580736
0.186816
-0.334752
0.414944
-0.38112
-0.370208
0.569024
-0.453568
0.404064
-0.547328
0.591424
0.60688
0.47456
-0.19984
0.44352
-0.516896
0.349632
0.539744
-0.516608
-0.591424
0.376768
0.539744
-0.522656
-0.522368
-0.342624
0.646976
0.401984
0.59808
0.074976
0.587008
0.41104
-0.304704
-0.104416
-0.532768
0.6032
0.255456
-0.230464
0.501632
0.589248
-0.252832
-0.424928
-0.53936
0.518016
-0.55312
0.495488
-0.52368
-0.529728
-0.485792
-0.46768
0.564512
-0.593984
-0.021952
0.59792
-0.481408
0.590528
-0.52224
0.039936
-0.37664
-0.435104
-0.366752
0.588352
0.610944
0.502752
-0.378624
-0.207648
-0.524512
0.139328
0.5136
-0.552416
0.533856
0.58016
0.504672
-0.535872
-0.645472
-0.320832
-0.532544
-0.503008
0.292384
-0.563136
0.602272
-0.345376
-0.0872
-0.426432
-0.498048
-0.638048
0.624288
0.212864
0.143136
0.649792
-0.608896
-0.516672
-0.553632
-0.490432
-0.511072
-0.474144
0.335712
0.497696
0.4808
-0.656864
0.554528
0.513024
0.47968
0.571008
0.544544
0.002272
0.337216
-0.337024
-0.590368
0.583904
-0.614656
-0.577024
-0.380608
0.320128
-0.509568
0.443648
-0.557888
-0.516512
0.5
0.600256
-0.324128
0.38656
0.46752
-0.337632
0.433792
0.438624
0.520576
-0.586944
-0.592672
0.28496
-0.550144
0.342112
-0.625536
0.501152
0.574048
-0.26608
0.488896
0.365568
-0.390816
0.442688
0.459936
-0.585888
-0.392992
-0.596448
0.524704
0.378592
-0.50704
-0.57456
0.137856
0.46816
0.291392
0.535552
0.51744
-0.511456
0.506176
0.688864
-0.147232
0.5024
0.235968
-0.56288
0.303744
-0.526272
0.540384
-0.628768
0.504448
0.534112
0.549792
0.518624
0.62256
-0.526816
0.556192
-0.40928
-0.60496
0.44672
0.193024
0.50144
-0.616512
0.591232
0.39424
-0.639712
-0.50032
-0.462528
0.628608
0.36784
0.484
-0.480864
0.543936
0.562368
-0.307232
0.567168
0.492256
0.540256
0.265472
0.388352
0.425056
0.618272
-0.367328
0.162464
-0.436
-0.486848
-0.59376
0.63104
-0.395968
-0.106944
0.589504
-0.503968
-0.539552
0.543904
-0.44224
0.544736
-0.53008
0.498208
0.361248
0.399232
0.457408
0.353056
0.674656
0.408352
0.066848
-0.242976
-0.561056
0.532128
-0.497952
0.026528
0.524704
0.550496
0.483296
-0.4232
0.430464
0.556576
-0.438464
-0.471008
-0.446048
-0.528576
0.56448
0.520352
-0.526496
-0.38912
-0.6024
-0.480928
-0.55584
0.435776
-0.121664
-0.489312
0.453184
0.51376
-0.583136
-0.05248
0.43888
0.05552
0.539136
0.534176
-0.049696
0.385472
0.436288
0.36752
-0.55184
-0.47408
0.323872
0.013664
-0.5392
-0.541376
0.156064
0.241024
0.45056
-0.566816
0.413536
-0.238016
0.357824
0.270368
0.499936
-0.666048
0.601984
-0.679648
-0.389184
0.524352
-0.541408
-0.566368
-0.383424
0.555232
0.524768
-0.608352
-0.46272
-0.514016
0.556672
-0.466208
-0.583104
0.466336
-0.408512
0.350336
-0.603296
-0.628544
-0.439072
0.519168
0.644544
-0.576832
-0.282592
-0.571136
-0.096672
0.502304
0.325312
-0.439328
-0.588384
0.547872
-0.377792
-0.428544
-0.397248
0.526016
0.476288
-0.36736
0.636384
0.567616
-0.486976
-0.482464
-0.461024
-0.595776
0.441376
0.358048
0.55168
0.525376
-0.479456
0.579424
-0.64064
0.546624
0.233056
0.444704
0.6096
-0.3384
0.556352
0.511872
-0.47584
0.129632
-0.394688
-0.583264
-0.406688
0.492096
-0.544704
-0.539328
-0.572896
0.378304
0.513504
-0.626656
0.44752
-0.542464
-0.523424
0.60768
0.537344
0.553312
-0.476896
-0.643296
0.580768
0.533216
-0.611968
0.342208
-0.536544
-0.674784
-0.411456
-0.605888
-0.439168
-0.641888
-0.601536
0.537344
-0.406016
0.152032
0.37504
-0.550048
0.630656
0.420704
-0.452096
-0.289472
0.480032
0.54928
0.543456
-0.518656
-0.587456
0.621024
-0.57888
0.37872
0.452
0.321856
0.232768
-0.506176
0.49648
0.553984
0.538592
-0.47136
0.410176
-0.560064
0.629248
-0.55792
0.555328
-0.560448
-0.546272
0.212288
-0.472928
-0.589408
-0.514528
0.246176
-0.497664
0.28512
0.438496
-0.46752
-0.42672
-0.382848
0.570624
-0.02512
0.556544
-0.34224
0.471392
-0.4688
0.549952
-0.624256
0.500736
-0.42784
-0.666944
-0.31584
-0.004832
0.539776
0.595232
0.619712
0.578944
0.52528
-0.426016
0.441216
-0.308288
-0.332896
0.54192
-0.532928
-0.429056
0.484416
-0.460768
-0.465952
0.572896
-0.592256
-0.468832
-0.54256
-0.549824
-0.511552
-0.568352
0.60064
0.560704
-0.431424
-0.489568
-0.548128
-0.534688
0.56608
0.549248
-0.547008
0.210848
-0.487776
0.511904
-0.535264
-0.652224
0.549536
-0.499072
0.42256
0.29088
0.445376
-0.4672
-0.544928
0.517408
0.37936
0.471104
0.336512
-0.591648
0.309088
-0.456544
0.505824
0.582656
-0.491136
-0.431296
-0.484576
-0.522464
-0.541568
-0.132832
-0.517152
0.459264
0.504992
-0.432704
-0.360896
-0.512608
0.507712
0.469184
0.534144
-0.532736
-0.060448
0.56976
-0.605888
-0.507776
-0.498176
0.396992
-0.363264
-0.009408
0.609056
0.230784
-0.5408
0.38768
0.487168
0.46032
-0.317888
-0.557984
0.516448
0.601504
0.515424
-0.5456
0.114944
0.634208
0.441824
-0.587008
0.602432
0.510944
-0.529504
-0.479072
-0.374304
0.545568
0.409216
-0.586048
0.615328
-0.389184
-0.550592
0.576384
0.533152
0.560672
-0.497632
0.453952
-0.523136
0.316544
-0.02416
0.545952
0.451648
0.58608
0.576896
-0.53008
0.483904
-0.427744
0.402752
-0.482528
-0.467392
0.578112
-0.45952
-0.49824
-0.42848
0.607008
0.563776
-0.152672
0.557088
0.483456
-0.61712
-0.37168
0.36992
0.59952
-0.484224
0.574688
-0.418176
0.478176
-0.433408
-0.593952
-0.60048
-0.5328
0.57216
0.580704
-0.508928
-0.371776
-0.591552
0.56032
0.589184
0.635456
0.444064
-0.456608
0.211936
-0.24544
-0.507264
-0.577504
-0.114048
0.510656
0.439648
0.46656
-0.571296
0.158048
0.545184
0.601056
0.370464
0.591776
-0.46656
0.581504
0.081312
-0.376736
0.564832
-0.569504
-0.364576
-0.496032
0.472256
0.507712
0.542144
0.651808
0.545696
-0.585248
-0.581696
-0.591968
0.49696
0.489504
0.579104
0.524288
-0.568352
0.057984
0.52544
-0.65664
0.184896
-0.568576
-0.488032
-0.545152
-0.496736
0.443552
0.448576
-0.534592
0.543136
0.483136
-0.629024
0.60688
-0.511264
-0.399104
0.058976
-0.174112
0.556896
-0.29424
-0.481312
-0.60032
-0.651136
-0.542272
0.436608
0.57536
-0.53632
-0.556032
0.550688
0.558112
0.566176
0.597856
-0.460768
-0.169472
0.529152
-0.476032
-0.42992
-0.413696
0.597472
-0.285536
0.504704
-0.636672
0.38736
0.52832
-0.587584
0.52944
-0.289152
0.552608
0.440448
-0.538752
-0.043936
-0.606336
0.285664
0.192832
-0.543584
-0.508832
-0.544864
-0.354528
-0.531968
-0.537856
-0.31728
-0.58496
0.497504
0.584064
0.573024
0.473344
0.519904
0.29488
-0.512256
0.610784
0.046176
-0.515328
-0.13088
-0.526432
-0.499008
0.615584
0.597568
-0.53504
-0.627168
-0.176288
-0.504704
0.21264
-0.44944
0.45408
0.587136
-0.53616
-0.582432
-0.479648
0.309504
-0.566912
0.58
-0.499296
-0.427456
-0.249632
0.557984
-0.346336
0.383456
0.467328
-0.575168
-0.416704
-0.568384
-0.477216
0.26336
0.459648
-0.498496
0.574528
0.630976
0.585888
-0.551008
-0.547776
-0.54944
0.38624
0.47408
0.499968
-0.507168
0.503808
0.588704
-0.609088
0.479744
-0.479104
-0.496928
-0.535424
-0.636224
-0.506848
-0.472992
0.455392
-0.423744
0.543584
0.465248
0.662176
0.5272
0.617152
0.524096
-0.56
0.543904
0.000832
-0.53392
0.577728
0.576128
0.541216
-0.46208
-0.440992
-0.488672
-0.52496
-0.437376
0.54208
0.547392
-0.435616
0.301344
0.535776
0.2256
-0.298624
0.569088
0.484032
0.226336
0.169312
-0.577184
-0.577344
-0.584512
0.512416
0.521696
0.55184
0.489984
0.5696
0.500672
0.531168
0.477184
0.442656
-0.41056
0.598784
0.545664
0.581024
0.542624
0.469536
0.56192
-0.498336
0.078784
-0.498688
0.586304
-0.605216
-0.423616
0.225632
0.580992
-0.242208
-0.30128
0.4032
0.614976
-0.556736
-0.416768
-0.536576
-0.512512
0.548864
-0.492736
-0.489632
0.593824
0.457952
-0.512192
0.534944
-0.567136
0.555584
0.630496
-0.104608
-0.53312
0.583104
0.631136
0.388384
-0.028256
0.580768
0.514368
-0.483456
0.60048
-0.594688
0.5976
-0.52944
-0.555072
-0.504416
0.590368
-0.517536
0.589728
-0.632704
0.48896
0.50448
-0.30208
0.53728
-0.597248
0.384608
0.092
-0.447776
-0.531808
0.46992
0.60592
-0.607488
-0.472768
0.631616
0.475456
-0.253504
0.488128
-0.519776
0.513312
-0.270144
0.614752
-0.556032
0.502688
-0.525728
-0.61712
-0.548832
0.520352
0.625472
0.562272
0.527968
-0.525216
-0.605184
-0.212704
-0.592448
0.463616
-0.364768
-0.540672
-0.553664
-0.566432
-0.617408
0.6112
-0.48672
0.548864
-0.540608
-0.53888
0.578976
-0.306528
0.606912
0.233248
-0.51936
0.270368
-0.233056
-0.461792
0.337312
0.598656
0.361696
-0.028992
0.3872
0.510592
0.244256
-0.44208
-0.408928
-0.450304
0.509568
0.5984
0.519456
-0.527392
0.49152
0.64192
0.544096
0.416608
-0.661408
0.556352
-0.594112
-0.497024
0.594176
-0.503232
0.553792
-0.299776
0.53776
-0.351008
-0.452896
0.490784
-0.652128
-0.599232
0.515648
-0.372896
-0.587712
-0.244736
-0.53168
0.55072
0.581312
-0.042112
-0.652128
-0.467488
0.451424
-0.555072
0.573536
0.377152
0.424864
-0.527744
-0.385664
-0.642432
-0.605056
0.554944
-0.348736
-0.158688
-0.433536
-0.53888
-0.133344
-0.59648
-0.358176
-0.579264
-0.24096
0.557952
-0.497472
-0.542752
0.527232
-0.579168
-0.463936
0.577504
0.48368
0.528192
-0.533536
-0.519008
-0.262944
-0.6104
-0.47248
0.515264
0.571936
0.529888
-0.559104
-0.516576
0.526016
-0.477344
-0.555776
0.596256
0.599776
0.529504
-0.449856
-0.516064
-0.010688
0.481344
0.492064
0.531424
-0.548512
0.252096
-0.27728
-0.374688
0.658336
-0.605184
0.524
0.4216
0.483232
0.57248
-0.638752
-0.600608
0.496608
0.628416
0.492192
-0.458496
-0.129664
0.524352
-0.366336
-0.4472
-0.59616
0.591232
-0.485792
-0.638432
0.528
0.555616
-0.594656
-0.645792
0.57184
-0.540096
0.385312
0.402976
-0.561088
0.602336
0.486272
0.360384
-0.44704
0.646624
-0.49584
-0.406784
0.409056
-0.45728
0.389216
-0.60912
0.52768
0.285984
0.601504
0.424224
-0.63184
-0.561248
-0.546912
0.322816
-0.584928
-0.448192
-0.592992
-0.521056
-0.621952
-0.6216
-0.470144
-0.198528
0.005504
-0.051648
-0.434784
-0.001952
0.518752
0.492128
0.528768
-0.160384
0.039872
-0.418144
-0.56832
-0.595104
0.425696
-0.60512
0.498336
0.585024
0.55104
-0.465536
0.576992
0.504128
-0.605632
0.57392
0.334336
-0.666784
-0.486496
0.517312
0.28624
-0.488384
0.416704
-0.547424
-0.450592
-0.417472
0.562528
0.497728
-0.502496
-0.268384
0.34336
0.400864
-0.583168
-0.603168
-0.534848
-0.49104
0.469952
-0.448832
-0.556928
0.4912
0.531264
-0.536352
-0.504832
0.353952
0.299648
-0.442624
-0.504736
-0.27584
0.60864
-0.47152
0.597632
-0.413568
-0.438176
-0.467872
-0.538592
0.5888
0.616832
0.492384
-0.117664
-0.501248
-0.522624
-0.497056
0.558656
-0.148608
-0.3176
-0.538848
-0.476448
0.557056
0.338944
0.500192
-0.582336
0.48864
0.560128
0.551488
-0.486976
-0.397248
0.502336
0.516256
0.228704
0.20032
-0.56224
-0.430624
0.670816
-0.428288
0.599968
0.381472
-0.553728
0.569024
0.435936
0.352864
-0.167296
0.62128
-0.537216
-0.512928
-0.518816
0.577152
-0.560128
-0.376608
-0.623072
0.6136
0.346464
-0.521088
-0.632832
-0.443136
-0.53584
-0.439296
-0.540448
0.62848
-0.453472
-0.554464
-0.487072
0.528832
0.409888
-0.56016
0.444192
0.353216
-0.369792
0.2552
0.327328
0.460896
0.473088
0.018528
0.517312
-0.494208
0.564064
-0.535648
0.053056
0.547776
-0.451552
0.621152
-0.657216
-0.627008
-0.589984
-0.570432
-0.39904
0.460096
-0.4744
-0.461248
0.599584
0.588608
0.656576
-0.472768
0.506688
-0.588992
0.58608
-0.536032
0.495968
0.29616
-0.600384
-0.559456
0.511488
0.645984
-0.548544
-0.387296
-0.562432
0.539328
-0.485664
0.397024
0.33152
-0.530528
0.547712
-0.492192
-0.39632
-0.551392
0.52656
0.424768
-0.61056
0.449984
0.56336
-0.551968
0.588064
0.5928
-0.473824
0.251168
-0.416416
-0.523104
0.612736
-0.401504
0.298656
-0.577952
0.296192
0.04496
0.486656
-0.596032
-0.57712
0.514208
0.190464
0.321184
0.382944
0.289184
0.255872
-0.573056
-0.436672
0.305344
-0.630976
-0.642272
0.62816
0.4488
0.5064
-0.359936
0.531456
0.616736
0.007968
0.535264
0.508512
-0.54192
0.462496
0.58816
-0.555712
-0.344384
0.400416
0.27504
-0.299776
0.258112
0.560256
0.623328
-0.560448
0.34
-0.623168
-0.459008
0.385024
-0.638688
0.425792
-0.61104
-0.647968
0.643232
0.435808
-0.640288
0.563872
0.346496
0.35824
0.407456
0.572512
0.565568
0.322304
0.607136
0.483776
0.57552
0.516544
0.42016
0.007552
0.578496
-0.510624
0.583808
-0.532192
0.561152
-0.4824
-0.523168
0.34112
-0.329536
-0.564192
-0.182592
0.287648
-0.595008
0.674304
0.345696
0.532768
-0.602976
0.607424
0.493248
0.539968
-0.633472
-0.46816
-0.517472
-0.620832
0.518656
-0.517632
-0.543968
-0.593024
-0.423392
-0.53104
0.600128
-0.553664
0.344288
-0.56272
-0.419168
-0.569344
-0.286848
-0.433376
0.355712
-0.4552
0.516384
-0.063456
-0.293344
-0.48832
0.565984
-0.56656
0.592288
-0.479296
-0.60688
-0.121056
0.566112
-0.640864
0.54768
-0.531328
-0.507968
0.387424
0.38736
-0.49616
-0.553856
0.590944
-0.493344
0.292288
0.62656
-0.47936
-0.459296
-0.601056
0.504064
-0.5728
-0.420512
0.287904
0.255616
0.528736
0.276416
-0.088736
0.42048
0.545888
-0.419008
0.021184
0.462592
0.418208
-0.631808
0.420992
0.599648
0.051584
0.566912
0.596928
-0.590112
0.543072
-0.538496
0.649728
0.366752
0.095328
-0.622656
-0.514176
-0.550272
-0.570112
-0.579552
-0.366592
-0.604416
-0.312448
-0.584352
0.493312
-0.451936
0.432736
-0.200128
0.55408
0.534784
0.488544
-0.637984
-0.525024
0.454848
0.593664
0.487488
0.576768
0.54128
-0.532832
0.306944
0.376992
-0.505856
-0.312928
0.497024
-0.059136
0.472384
0.54352
-0.564128
0.333824
0.540928
-0.549792
-0.47696
-0.385312
-0.253536
-0.583648
0.545152
-0.194784
0.477408
-0.032384
-0.374336
-0.586304
-0.451648
-0.168608
-0.65824
-0.465824
0.449312
0.563136
0.593824
0.599072
0.237152
-0.561152
0.519136
-0.492992
-0.350176
-0.518656
0.445568
-0.32368
0.294816
-0.022592
0.456864
0.472928
0.551296
0.442944
0.390944
-0.606208
0.524
0.433824
0.05808
-0.63792
-0.584032
0.478944
-0.63488
-0.647168
-0.610752
-0.602592
0.564288
0.290528
0.471392
0.508672
0.644352
0.537696
-0.392192
-0.433952
0.385984
0.26896
0.559552
-0.612768
0.639392
0.514688
-0.311008
-0.053792
-0.431296
-0.530592
-0.340768
0.611168
-0.443264
0.124864
-0.423584
0.408608
0.06272
0.364928
-0.410912
0.50304
-0.435904
0.603328
-0.57424
-0.573984
-0.519488
0.5104
-0.473792
-0.391872
-0.521792
0.556832
0.116256
0.524832
-0.52496
0.158112
-0.638432
0.580064
-0.269152
0.519072
0.536544
-0.619808
-0.550912
-0.638048
-0.599424
0.499968
0.463616
-0.619296
-0.55632
-0.56496
0.619136
-0.380672
-0.60464
-0.55664
0.01056
-0.118816
-0.377056
0.610112
0.539552
-0.536288
0.603616
0.465216
0.557888
-0.522592
0.331232
-0.561856
0.582752
-0.438976
0.490336
0.431936
-0.435872
-0.584608
-0.545856
0.119104
0.173696
-0.573824
0.539072
0.593216
0.59712
0.385632
-0.55104
-0.565408
-0.289664
-0.425984
0.42672
-0.65728
0.2696
-0.449888
0.541984
0.595712
-0.561152
0.442752
-0.416032
-0.49216
0.541248
0.518944
-0.456352
-0.632352
0.5944
0.32384
-0.228256
-0.128128
0.521696
0.283808
0.599168
-0.574144
0.420608
-0.557952
-0.453088
0.563104
-0.333664
-0.572864
-0.506496
0.59472
-0.369376
0.559136
0.6024
0.274688
-0.604896
0.570304
0.25184
-0.566304
0.614656
-0.567616
-0.45712
0.432192
-0.494272
-0.444576
0.4256
-0.496288
0.543744
0.458944
0.605344
-0.393312
0.35808
-0.516288
-0.47936
-0.158432
0.036992
-0.166624
-0.42912
0.506208
-0.066784
-0.349152
0.349344
-0.332576
-0.533824
0.471872
-0.526304
0.195712
0.544224
0.301312
-0.488128
0.433152
-0.4768
0.587552
-0.504352
0.430272
-0.4024
0.506816
-0.461472
0.436128
0.480192
-0.36192
0.49808
0.137696
-0.349088
0.463616
-0.55408
0.551488
0.372992
-0.252608
-0.509216
0.497376
-0.392448
0.540512
0.017888
0.144928
0.525152
-0.578336
0.605344
-0.130496
0.490016
-0.378144
-0.280096
0.424
0.531232
0.356064
0.4728
-0.34288
-0.581312
0.590624
0.6
-0.573184
-0.679552
-0.50928
0.300736
0.563168
0.431424
-0.557728
0.442432
-0.590112
-0.429536
0.431392
0.486848
-0.503584
-0.307584
-0.596384
0.687552
-0.586048
-0.02592
-0.596352
-0.59312
-0.54416
-0.513696
-0.561984
-0.498368
-0.447808
-0.54752
-0.640064
0.033344
-0.350144
0.648576
-0.585728
-0.422432
-0.29808
0.393152
-0.574336
0.486688
0.4304
0.13872
-0.285344
-0.589632
0.507072
0.484384
-0.52688
-0.463744
0.53472
-0.421664
0.373312
-0.375296
0.131808
0.377408
0.449056
-0.430976
0.405888
0.603744
-0.536288
0.467456
-0.436736
-0.484768
-0.354496
-0.614656
0.42384
0.541312
0.522144
-0.538304
-0.27232
-0.443712
-0.118976
-0.469728
-0.420064
0.258528
-0.439712
0.099968
0.515776
0.531552
0.505824
0.617408
-0.459104
0.551712
-0.628736
0.513408
0.269408
0.590208
0.491136
0.540768
0.485344
0.381472
0.447648
0.352928
0.448928
-0.556736
0.56464
-0.40656
0.575232
-0.028992
0.56432
-0.58944
0.6344
-0.319936
0.167296
0.601248
-0.617408
0.30704
0.51392
-0.47968
-0.108448
0.37728
-0.547488
0.582784
-0.510688
0.581184
0.47408
0.466304
-0.528256
0.533824
0.204448
-0.440928
0.481792
-0.440864
0.323552
0.652672
0.196352
-0.527488
-0.57504
-0.615936
0.520032
-0.377472
-0.570112
-0.376768
0.540768
-0.457344
0.628224
0.540608
0.468192
0.470432
-0.463072
0.084352
-0.608768
-0.548928
0.259136
-0.39952
0.53104
0.541216
-0.173984
-0.446848
0.433568
-0.571104
-0.572384
0.54256
0.315232
-0.473792
-0.585504
0.476544
-0.38512
0.49792
-0.343648
-0.486528
0.53568
0.56064
0.495616
0.55888
0.40992
-0.494144
-0.40224
0.453696
-0.546752
-0.58368
0.562784
-0.531904
-0.507456
0.472032
-0.482752
0.532768
-0.53952
0.523104
0.358112
0.424448
0.168704
0.525696
0.49664
0.54288
-0.1528
-0.064384
0.23152
-0.520256
-0.627072
0.577312
-0.402432
0.05216
0.4384
0.376704
-0.630432
-0.60208
0.566016
0.432064
-0.437152
0.176064
-0.48864
-0.483168
0.43504
-0.294944
-0.369792
0.520096
0.559424
-0.098496
-0.605632
0.356736
-0.480384
-0.499808
0.61712
-0.457472
-0.582688
0.535264
-0.51808
0.292224
0.62288
0.459072
0.477344
0.676576
-0.439808
-0.501824
0.44816
0.3448
0.366016
-0.475456
0.593376
0.567904
0.061248
-0.508672
0.553952
-0.472448
0.30912
-0.417408
-0.521824
0.48912
0.446624
0.644672
-0.346048
0.558272
0.566176
-0.624832
-0.615808
0.20272
0.646464
0.398336
0.489952
-0.642016
-0.579296
0.529376
-0.658336
0.505728
-0.517888
-0.415648
-0.623872
0.564736
-0.55312
-0.052384
-0.595872
-0.580064
0.451168
0.605216
-0.488608
-0.584768
0.519552
-0.377504
-0.612512
0.47904
-0.113376
-0.618016
-0.309856
0.402624
0.484928
-0.566272
0.552352
-0.612736
0.616672
-0.620864
-0.473184
-0.4824
0.575328
0.524608
-0.490048
-0.567392
0.59936
-0.254592
-0.543936
-0.516224
-0.493568
-0.419968
-0.423808
-0.576544
0.242048
-0.146208
0.58848
-0.019488
0.569056
-0.415808
0.307776
-0.557024
0.566624
0.5944
-0.486848
0.272256
0.446272
0.298528
-0.611808
-0.557568
-0.555584
-0.32912
-0.511136
0.50016
-0.53264
-0.465248
0.502944
-0.413728
-0.279712
-0.236832
0.433056
-0.550784
0.444224
0.490048
-0.584256
0.513536
0.439744
0.492064
-0.519392
0.610688
-0.566016
-0.246976
-0.554368
-0.499712
0.383904
-0.483744
-0.434624
0.0848
0.640672
0.493216
0.589184
0.542464
-0.619392
-0.384448
-0.396864
-0.602944
-0.518208
-0.578432
0.136864
-0.639264
0.369536
0.552736
-0.498048
0.58672
0.507424
0.585056
0.520608
0.63488
0.54816
0.555008
0.506912
0.230016
0.427072
-0.606368
0.589248
-0.488064
-0.562688
0.46304
-0.560928
-0.419584
0.595808
0.553408
0.072288
-0.458176
0.298656
0.453216
0.344256
-0.542144
-0.529024
0.551584
0.540608
-0.294976
-0.478144
0.532672
-0.379072
0.271328
0.065792
0.05952
0.48752
0.579584
0.193184
0.468224
-0.604224
0.541056
0.396768
0.532576
-0.413792
0.628
0.480096
0.620256
0.45392
-0.506208
-0.52288
0.021248
-0.62416
0.53872
-0.508384
0.564192
0.45024
-0.61328
0.199264
0.53072
-0.314592
-0.527328
0.293952
-0.42848
-0.391072
0.462432
0.305152
-0.5464
0.419744
0.534464
-0.612736
-0.32576
0.456032
0.592416
0.48112
0.276064
0.428352
0.42128
-0.461568
-0.495968
0.386784
-0.03744
-0.48768
-0.450016
0.47776
-0.592832
-0.597728
0.298592
-0.495616
0.320256
-0.454368
-0.30256
0.160832
0.182208
-0.242208
0.594816
0.445056
0.550112
0.4344
0.393184
-0.40912
-0.499584
-0.5184
0.56016
-0.516096
0.45888
0.252192
0.543712
0.57456
-0.574112
-0.578944
-0.536128
0.535296
-0.55632
-0.515168
0.264128
0.567872
0.457824
0.557824
0.503168
0.586016
0.534048
0.591104
0.578624
0.496416
-0.620448
-0.597408
0.581216
0.06912
0.276288
0.52864
0.476224
0.395072
-0.637088
0.511616
0.094048
0.667072
-0.427872
-0.462848
0.436896
0.09248
0.553024
-0.429824
0.47664
0.569408
0.596928
0.409696
0.45312
-0.426368
0.470528
-0.57712
-0.533568
-0.60192
0.430496
0.437632
0.522464
0.573696
0.5264
-0.585088
-0.265088
0.533888
0.394144
-0.336448
0.286944
-0.541792
-0.633024
0.083776
0.41296
0.470752
-0.461664
-0.615424
0.570592
0.581728
-0.062432
0.59776
0.58192
0.410752
-0.53696
0.606944
0.456192
0.584576
0.2288
-0.564768
-0.611424
0.52944
-0.13424
0.46976
-0.611936
0.631424
0.573664
0.480576
-0.631296
-0.59008
0.499936
-0.462368
0.648416
0.541024
-0.41888
-0.590464
0.304864
-0.623104
0.636864
0.532288
0.601216
0.645088
0.583744
0.560544
-0.499712
-0.581824
-0.2056
0.184736
-0.572544
-0.302528
-0.543904
-0.26912
-0.233088
-0.445824
-0.496544
-0.44352
0.4808
0.400576
0.517344
0.613504
0.468992
0.562592
0.061952
0.544128
0.317632
0.460928
-0.58528
-0.536928
0.529344
0.329376
0.44128
0.323648
-0.340736
0.43808
0.62592
-0.530752
0.521568
0.573504
-0.557664
0.59024
0.529056
0.544
0.015968
-0.184224
-0.369536
0.628224
-0.412928
0.367296
-0.583264
-0.524864
-0.43568
0.445472
0.586592
-0.492704
0.492448
-0.446304
-0.551296
0.55904
-0.545152
0.58816
0.47824
0.558624
-0.52864
-0.442976
0.5648
0.634688
0.536544
0.615328
0.488192
0.490656
0.507744
-0.503008
-0.371872
-0.522976
0.225024
0.543584
-0.568704
0.456
0.496576
-0.470912
0.562208
-0.51584
-0.52688
-0.548064
0.179808
-0.585984
0.425696
0.599712
0.288256
0.274816
0.456896
0.425312
-0.299744
0.621792
-0.42816
0.560608
-0.342144
-0.40688
0.485312
-0.547328
0.402848
-0.068512
0.239616
-0.593664
0.423872
0.349888
-0.584736
-0.411072
-0.393152
-0.370912
0.55936
0.618432
0.078048
0.5464
-0.476416
0.221504
0.405216
0.51808
0.49168
0.558912
0.552096
0.585312
-0.556
-0.512448
0.401632
0.593376
0.593376
-0.560352
0.467072
-0.571232
-0.569696
-0.634048
-0.391232
0.279072
0.53168
0.282208
-0.280096
-0.538016
0.61712
0.603328
0.574048
0.48352
-0.407648
0.463264
-0.548224
-0.5672
0.615168
-0.550016
-0.51088
-0.5776
-0.464864
-0.570272
0.599104
-0.362464
-0.35344
0.449088
0.48992
0.433088
0.236704
-0.498784
-0.346176
-0.472416
-0.476704
0.359488
-0.333312
-0.425664
-0.318816
-0.551648
-0.41568
0.376992
0.61408
-0.546848
0.551104
-0.502048
0.631584
-0.529696
-0.55872
-0.274464
0.52512
-0.631328
-0.625728
-0.5032
0.589152
-0.369408
-0.56896
0.550912
0.34512
0.46976
0.574208
-0.538624
-0.103904
0.498464
-0.465472
0.438176
-0.178464
-0.509472
0.606112
-0.5048
0.521536
-0.586944
0.46592
-0.611904
0.602208
-0.45888
0.110752
0.593408
-0.41392
-0.598976
-0.623168
-0.590848
-0.529568
0.336864
0.15632
0.494144
0.578848
0.51424
0.27472
0.457344
-0.382496
-0.269312
-0.483776
0.489792
-0.221248
0.600704
0.52768
-0.434624
-0.510528
0.514368
-0.560384
0.210176
-0.499616
-0.5112
-0.169696
0.42928
0.42688
0.523424
0.060384
0.525696
0.426784
-0.537824
-0.440992
-0.432544
-0.378848
-0.532576
0.637216
-0.57872
-0.056096
-0.34704
0.352448
0.476256
-0.589504
-0.265984
-0.543072
-0.274848
-0.562656
-0.417152
-0.451296
0.523552
0.20304
-0.3504
-0.612704
-0.002112
0.487808
0.469568
-0.421504
0.238624
-0.600288
0.051072
-0.54976
0.62256
0.532224
0.36688
0.521792
-0.11616
-0.612416
-0.29232
0.457856
0.616064
0.538144
0.161952
0.374336
-0.523456
-0.490496
-0.097472
-0.322592
-0.05152
-0.40848
-0.337824
0.456288
-0.435904
-0.550016
0.369824
-0.427264
0.532096
0.541664
-0.63056
-0.457152
-0.513984
0.415328
0.516064
0.413312
0.449792
-0.655008
0.46032
-0.609856
0.598976
0.518464
0.576896
0.429984
0.481408
-0.434336
-0.437408
-0.523488
0.250496
0.569568
-0.596352
-0.270528
0.566624
0.574656
0.42656
0.42096
-0.595808
-0.516448
0.331616
0.606368
0.535168
0.393376
0.46272
-0.437216
0.337632
0.513984
-0.402592
0.552128
0.43664
-0.596032
-0.58528
-0.414144
-0.47616
-0.32528
-0.624288
-0.214784
-0.333184
-0.61728
0.648288
-0.523872
0.575488
-0.313792
-0.40816
0.478656
0.546464
-0.49328
0.408384
0.482112
-0.529472
-0.167424
0.349568
-0.630048
-0.44944
-0.573952
-0.641408
-0.508832
0.572608
-0.481056
0.63936
0.479136
-0.530528
0.6608
0.328
0.637056
0.5168
0.583232
0.502752
0.356608
0.351808
0.436768
-0.483904
-0.0528
-0.55552
0.577344
0.26672
-0.587136
-0.415936
-0.373088
0.538336
0.508896
0.153216
0.024512
0.53136
-0.439392
0.570048
-0.61504
0.650496
-0.333728
0.579616
-0.591104
-0.54656
-0.30672
0.329536
-0.136864
0.348224
-0.49904
0.494464
-0.591328
0.491392
0.569568
-0.558272
0.420384
-0.51216
0.651552
0.55632
-0.618368
-0.421504
-0.49184
-0.60256
-0.285824
0.484992
0.29392
-0.547136
0.587872
0.649344
-0.454624
0.434208
0.477088
-0.3144
-0.534688
-0.547296
-0.583584
-0.327936
0.544192
-0.247968
-0.465376
-0.46928
-0.600288
0.339168
-0.594048
-0.467168
-0.228128
-0.06992
-0.3752
0.5296
-0.495552
-0.404512
0.392224
0.324832
-0.00048
0.53616
-0.446496
-0.030048
-0.536928
-0.643616
-0.376384
-0.116896
0.529248
0.431168
0.433152
-0.568256
-0.331008
-0.560928
0.418304
0.652032
0.615616
-0.536512
0.391776
0.535936
-0.557088
0.245696
0.355488
-0.492992
-0.214432
0.126048
0.464032
-0.607648
-0.582304
0.493536
0.468672
-0.422688
0.561568
-0.265184
-0.452928
-0.56672
-0.596352
0.55904
-0.31344
-0.608608
-0.332704
0.47936
-0.547712
-0.626976
-0.484032
-0.586144
-0.48768
0.549408
0.48752
0.006912
-0.569024
0.546752
0.583488
-0.474976
-0.463232
-0.612544
0.245888
-0.529728
-0.544448
-0.582112
0.458144
-0.321248
-0.083296
-0.488256
-0.468
-0.420128
0.49264
0.646592
-0.452576
-0.538432
0.43328
-0.544096
0.5944
-0.012544
-0.466432
-0.551328
-0.372032
-0.581408
0.623232
-0.08992
0.522144
-0.230528
-0.357216
0.339072
0.302336
0.289568
-0.439584
0.611808
-0.413632
-0.503936
0.482112
-0.538592
0.351552
0.51984
0.575296
-0.48528
-0.586656
0.382496
-0.61312
-0.39568
0.596896
-0.512768
-0.44496
0.597728
0.468032
-0.38464
0.52512
0.557952
0.517856
-0.477152
0.512736
0.533248
0.513248
-0.567168
-0.552576
0.536608
0.207808
-0.63424
0.562432
0.558432
0.41328
0.553888
-0.378752
0.033184
-0.333216
-0.636448
-0.63488
-0.415968
-0.335712
-0.555808
-0.525088
-0.515808
0.608
0.451712
0.475968
-0.403648
-0.598784
0.542784
-0.576608
0.555168
-0.594464
0.38528
0.592864
0.56
0.62448
0.05856
0.3128
-0.528128
-0.364384
-0.477632
-0.495872
-0.588
-0.579712
0.53696
0.41616
-0.372128
-0.605088
0.39376
0.570112
-0.283296
0.268096
-0.57088
-0.565536
0.58256
-0.556832
0.248992
0.633952
-0.464768
0.327872
-0.54608
0.587296
0.638656
0.213664
0.213408
0.379296
-0.525312
-0.50144
-0.440992
0.531936
0.307552
0.420352
-0.61808
-0.578464
-0.260448
-0.51728
-0.539392
0.548
-0.513696
-0.625024
0.511744
0.56736
-0.477984
-0.395392
-0.64208
-0.331744
-0.145536
-0.476448
0.482208
0.043872
0.369824
-0.507936
0.571872
-0.504512
-0.440384
0.604
0.54352
0.331008
0.447424
-0.487008
0.546752
0.549824
0.44928
-0.602912
-0.190912
-0.104832
-0.174368
0.374304
0.541408
-0.573408
0.487936
-0.531904
-0.39616
-0.597472
-0.566304
-0.417856
0.539136
-0.604352
-0.36576
-0.549376
0.509632
-0.348064
0.603872
-0.62272
0.465472
0.523584
0.564704
0.373312
-0.359808
-0.027488
0.588192
0.233696
0.579616
0.512128
0.405184
0.175808
-0.564832
-0.348704
0.52528
-0.635264
0.606656
-0.514208
0.605888
-0.458784
0.549152
-0.451744
0.542688
-0.248288
-0.596096
-0.498656
0.484288
0.057184
0.429984
-0.307776
-0.530816
-0.3976
-0.607296
0.55856
-0.408544
0.631328
-0.550368
0.515616
0.508064
-0.500544
-0.28304
-0.5712
-0.623488
0.525024
0.482816
-0.651456
-0.008128
-0.451968
0.619712
-0.074496
-0.64384
0.403936
-0.451584
-0.247872
0.595968
-0.621184
-0.602272
-0.59168
-0.5408
0.197856
0.495168
-0.488032
-0.368192
0.629504
0.017664
0.638112
-0.00256
-0.258272
-0.529792
0.51776
0.558976
-0.492064
-0.44784
-0.486784
0.601632
-0.546176
0.613856
0.58544
0.26992
0.615776
-0.589024
-0.307072
0.386112
0.539328
0.473216
0.037664
-0.453056
0.244736
-0.582688
-0.555776
-0.454976
0.30064
0.480992
0.328192
0.550752
0.510688
0.596928
0.54896
-0.337664
-0.444352
-0.5904
0.638592
0.41312
0.609728
-0.445312
0.570432
-0.638624
-0.50224
0.5864
0.57216
0.640096
0.535904
0.587936
-0.569376
-0.611232
0.36784
0.54736
0.656352
-0.522752
0.14768
-0.515232
-0.345728
0.561344
0.000576
-0.460832
-0.629664
-0.511744
0.387104
0.464512
0.598432
-0.438208
0.527552
0.502304
0.53104
0.506848
-0.518304
0.52544
0.612768
0.559744
0.474208
-0.607872
-0.614752
0.60096
-0.434048
0.37472
-0.605888
-0.434144
-0.461472
-0.512992
0.390848
0.283328
0.522592
0.54848
0.548864
0.3272
0.553984
0.578272
-0.50672
-0.54336
-0.179744
-0.53904
0.509088
-0.40672
0.56256
-0.326624
0.509856
0.618688
0.25952
0.232576
0.60288
0.62528
0.58304
-0.180384
0.452992
-0.57296
0.535584
-0.46848
0.091744
-0.438336
-0.312608
0.582976
-0.317664
-0.382816
-0.536864
0.462272
-0.45232
0.365248
-0.454656
-0.586976
0.51824
-0.531168
0.570656
-0.479488
-0.547232
-0.57568
0.477728
-0.504928
-0.406592
0.531616
0.286144
0.625536
-0.60928
-0.594592
-0.5768
0.463232
-0.656544
0.53904
0.640704
0.009472
0.493536
-0.54608
-0.60976
-0.484096
-0.487904
0.386464
0.474368
0.002016
0.548544
0.49552
-0.501568
-0.396576
-0.586784
0.601792
-0.294688
-0.573728
0.416928
-0.571328
-0.217184
0.555008
-0.582976
0.5184
0.547904
-0.148544
-0.181888
0.575264
0.514112
0.626496
0.566272
-0.560512
-0.274624
-0.53696
-0.47328
0.331488
0.32016
0.312352
0.539168
0.6072
0.592576
-0.080736
-0.460512
0.49952
0.481984
-0.426208
-0.556704
-0.308704
0.306112
0.38944
-0.473344
-0.582816
-0.606784
0.575904
-0.030624
-0.55872
0.473536
0.620704
-0.545536
0.458496
-0.230752
0.522496
-0.5496
0.577024
0.343456
0.136864
-0.612672
-0.570752
0.526304
0.438528
-0.455552
0.595104
-0.454976
0.22992
0.00032
0.541408
-0.440288
0.494816
0.467776
-0.212832
0.514272
0.2624
0.352192
-0.5504
0.681952
0.445792
0.496288
0.158176
-0.416544
-0.580736
-0.46
-0.621216
-0.292576
-0.4608
-0.581184
0.504832
-0.464032
0.113056
-0.217824
-0.378752
-0.465856
-0.57424
0.229696
0.569216
-0.551744
0.509728
0.302016
0.469024
-0.340704
-0.319904
-0.548576
0.3344
-0.593568
0.483712
0.478304
-0.634208
-0.434976
0.616352
-0.649024
0.576576
0.516576
-0.21568
0.599168
-0.547168
0.424416
0.345952
-0.443072
-0.330016
0.510496
0.579712
-0.021248
-0.629632
0.368128
-0.465632
-0.522176
-0.509568
-0.66288
-0.634112
-0.315712
0.460128
-0.205088
-0.542528
0.634784
-0.487744
-0.399968
-0.512864
-0.44048
0.553088
0.521536
0.11088
0.598848
0.52352
-0.20032
-0.622336
0.593248
0.608864
0.573024
-0.5344
-0.137408
-0.477984
0.087008
-0.598784
0.487136
-0.528512
0.530048
-0.275328
-0.553312
0.586624
-0.505664
-0.587008
-0.593568
-0.395776
0.45136
-0.305728
-0.356512
-0.462432
0.431872
-0.568192
-0.156064
0.506368
0.597344
0.594304
0.477248
-0.540224
-0.497856
-0.468864
-0.026784
-0.435584
0.53232
0.210688
0.388896
-0.482624
0.569952
-0.493376
0.59792
-0.633568
-0.239968
0.398496
-0.437152
0.628768
0.565856
0.479712
0.409568
0.586112
-0.562336
-0.448384
0.453056
0.567168
0.223968
0.271584
-0.422464
-0.101984
0.448032
0.546304
0.148448
-0.586592
-0.516992
-0.304704
-0.47088
-0.483264
0.179232
-0.475264
0.08224
0.120032
0.566944
-0.596128
0.635648
-0.439552
0.529536
0.54496
-0.104672
0.438784
0.496704
0.566688
0.5456
0.466176
0.411168
0.443232
-0.55552
0.476384
0.59872
-0.171296
-0.380064
-0.566304
0.516832
0.423616
0.004064
-0.23296
-0.446272
-0.516192
0.24032
0.353408
0.505568
-0.396256
-0.482432
0.233024
0.294848
0.428544
-0.522912
0.466368
-0.49024
0.638752
-0.572032
-0.568704
-0.594752
0.598048
0.475776
-0.487712
0.4496
-0.603936
-0.614624
-0.528096
0.548064
-0.38896
0.388256
0.423424
-0.52784
0.295072
-0.436864
0.611328
0.602848
0.558304
0.420896
0.489024
-0.335904
-0.295232
0.200384
-0.405664
0.595488
-0.60624
-0.368768
-0.602624
-0.513568
0.467808
-0.377152
0.440096
0.548224
-0.558784
-0.593376
-0.19632
-0.50464
-0.431712
-0.33904
-0.523488
0.556256
0.458592
-0.414048
0.547296
0.582176
0.561888
0.422464
0.588608
-0.599072
0.272704
-0.496736
0.603232
0.430976
-0.471968
-0.581536
-0.628512
0.616704
-0.228896
0.532416
0.625088
-0.346016
-0.268672
-0.555328
-0.611968
0.384448
0.496832
-0.580736
0.540512
0.548416
-0.483808
0.4424
0.539968
-0.422816
0.441984
-0.58288
0.524768
-0.47952
0.578112
0.494688
-0.47568
-0.50368
-0.443104
0.24928
-0.404832
-0.530208
0.51184
0.56864
0.5504
0.52256
0.029632
0.468608
0.275456
-0.488672
-0.286592
0.497408
0.61792
0.567744
-0.219648
0.58512
-0.456096
-0.154176
-0.561824
-0.561152
-0.571424
-0.468352
-0.265792
-0.555136
-0.440608
0.503296
0.534336
0.480448
0.463392
-0.450752
-0.54208
0.448384
-0.52608
-0.555424
0.45728
0.521984
-0.427392
-0.35408
0.490432
-0.578752
-0.036736
0.590848
0.19872
0.332736
-0.468736
0.353248
0.551776
0.560512
-0.602944
0.634848
0.572416
-0.088064
-0.409536
0.484608
-0.30432
-0.53808
0.499104
0.630784
0.279328
0.389056
-0.547616
-0.207424
-0.481408
0.517632
0.522368
0.302912
-0.388576
0.53472
-0.52384
0.526688
0.22816
-0.528416
-0.493856
0.102016
0.552192
-0.490944
-0.395456
-0.182816
0.360352
0.485792
-0.555936
-0.541312
0.203424
-0.492608
-0.34224
-0.504768
0.373152
0.462208
-0.220192
0.188224
-0.54352
-0.598432
-0.570176
0.513856
0.58128
-0.181312
-0.370272
-0.630784
0.467936
-0.627264
0.570144
-0.546432
-0.477632
0.49632
-0.588096
0.551232
0.57792
0.405088
-0.4704
0.424256
-0.087936
-0.515232
0.268608
-0.62656
0.55312
0.421856
0.540288
-0.161504
0.492896
-0.616928
0.404224
0.576064
0.346464
-0.620416
-0.616256
0.575232
0.617504
-0.52464
0.562144
0.34064
-0.37728
-0.525632
-0.072544
-0.49088
0.520256
0.580896
0.559808
-0.477888
0.49616
-0.463136
-0.512832
-0.50352
0.537536
0.258304
0.578656
-0.430176
-0.358816
-0.473888
-0.537632
0.275392
0.49008
-0.545408
0.017024
0.594176
-0.559328
0.609856
0.170272
-0.39488
0.57392
-0.278912
-0.490624
0.506048
-0.585536
-0.427264
-0.589888
-0.42672
0.575328
-0.3216
-0.593856
0.645664
0.499232
0.516032
-0.49232
-0.602912
-0.361888
-0.39584
-0.137344
0.586144
-0.600064
-0.566496
-0.541696
0.465632
-0.528896
-0.433216
-0.445568
0.60032
-0.558496
0.535904
0.666432
0.607904
-0.4048
0.605408
-0.597792
-0.509664
-0.375552
-0.549248
-0.059648
0.441056
-0.602176
0.625344
-0.457408
0.300736
-0.531904
-0.171328
-0.44784
0.4592
0.576224
0.525888
0.446688
0.51968
-0.107776
0.580352
0.336288
-0.617984
0.60272
-0.406048
-0.35216
-0.36656
0.466656
0.261696
0.55584
0.464512
0.290816
0.496288
0.645952
0.545088
0.508352
-0.537472
0.395776
-0.614784
-0.585216
0.248544
-0.409184
0.22784
0.589376
-0.563296
0.542272
0.619168
-0.39104
-0.46432
0.510912
-0.452384
-0.551776
0.401632
0.318112
-0.533888
-0.661152
-0.412512
-0.449504
-0.517184
-0.6656
0.673088
-0.56464
0.417216
0.44064
-0.621568
-0.492384
-0.464896
0.562112
0.501696
-0.507488
0.5936
-0.496576
0.518176
0.306432
0.333024
-0.479488
0.416864
-0.14944
0.559584
-0.115776
0.5392
-0.540832
0.464
0.541984
-0.506944
0.551264
0.550368
0.050208
0.547776
0.410208
0.579136
-0.539968
-0.571424
-0.32144
-0.535008
-0.037792
-0.414016
-0.571648
0.512448
-0.529952
0.251488
0.55248
0.328832
0.568576
-0.38208
-0.121504
0.443136
0.4576
0.3496
-0.379392
-0.444864
0.591776
-0.398912
-0.45344
-0.491136
-0.477568
0.405664
0.530432
0.63616
-0.515552
-0.574048
0.515776
0.100384
0.475136
-0.472864
0.650752
-0.482368
-0.438848
0.57296
0.500224
-0.213536
-0.46336
-0.596128
-0.53152
0.636256
0.007104
-0.416544
0.449216
-0.43536
-0.557984
-0.544384
-0.359296
0.669824
-0.172704
-0.379552
0.512192
-0.528
-0.639872
-0.55488
-0.538144
-0.483872
0.589856
-0.30064
-0.553568
-0.602848
-0.482272
-0.553632
-0.597888
0.518432
0.4368
-0.596256
-0.268
0.561024
-0.573408
-0.526464
0.323136
-0.486624
-0.550336
0.558656
-0.460768
-0.555328
-0.438752
0.566912
-0.57424
0.538848
0.571424
-0.600448
0.50448
0.529024
-0.564224
-0.570208
-0.63184
-0.44944
0.55616
0.448128
-0.323488
-0.418272
-0.592672
0.2456
0.500288
-0.546976
0.416608
0.568544
0.37632
-0.539616
-0.526528
-0.626784
-0.417408
0.415072
0.495488
-0.509216
-0.47344
0.553824
-0.44272
-0.544192
-0.263616
0.4872
-0.56208
-0.415296
0.389344
-0.012416
-0.529408
0.615488
0.603264
0.609024
-0.528448
0.508576
-0.419392
-0.432896
0.517088
0.5144
-0.510656
0.33792
-0.488896
0.62704
-0.567744
0.189888
0.536096
-0.62704
0.512096
-0.543776
0.662528
0.449088
0.56528
0.477792
-0.564544
0.36496
-0.592192
-0.484928
-0.425952
0.592928
0.484768
0.52
-0.335488
-0.608448
-0.529184
0.56784
0.248352
0.52592
-0.466944
0.296032
0.535136
0.59232
0.52944
0.360832
0.474624
-0.49728
-0.4008
0.619872
0.178816
0.207776
-0.549344
-0.549184
0.33968
-0.173888
-0.148128
-0.35024
-0.622432
-0.50848
-0.608768
-0.405696
-0.586944
-0.516192
-0.521984
0.592032
0.4696
-0.466112
-0.44256
-0.526976
-0.553216
0.471712
0.6712
0.518784
0.504992
-0.506016
0.621568
-0.63632
-0.350688
-0.44352
0.476704
-0.579968
0.54864
0.536608
-0.526208
0.552096
-0.555456
-0.486272
0.609184
0.602496
-0.567904
-0.169024
-0.604736
0.479968
-0.3464
-0.474016
0.596032
-0.498912
-0.440416
0.47984
-0.3888
-0.230912
-0.551488
0.259392
-0.534976
-0.387072
0.343808
0.64256
0.580672
0.545824
-0.49792
0.584864
0.340704
0.20512
-0.5616
-0.613216
0.16656
-0.419808
0.456448
-0.650528
0.43488
0.503584
-0.614528
-0.502208
-0.44352
0.3072
-0.477888
-0.511872
0.466464
0.512768
-0.51728
0.419488
0.432928
-0.565888
0.650528
0.3504
0.45968
-0.631424
-0.2392
0.323488
0.576864
-0.637376
-0.574688
0.526976
-0.242848
-0.497088
0.414112
0.49504
-0.57488
-0.327296
0.2912
0.502528
0.615072
0.546848
-0.47424
0.623136
0.587072
-0.441568
0.353376
0.339488
0.545088
0.533568
-0.16144
-0.385152
0.527648
0.128832
0.53392
-0.564768
-0.383488
-0.593728
0.496096
-0.494016
-0.002464
-0.603808
0.569376
-0.537312
-0.617696
-0.624896
-0.536768
-0.645248
-0.553888
-0.605216
-0.49808
-0.584896
0.564192
-0.518784
0.549376
0.366912
-0.541952
0.319584
0.495392
-0.381824
-0.424864
-0.517824
0.581472
-0.604448
0.516
-0.549696
0.184704
0.562688
-0.614816
-0.506432
-0.044352
0.54912
-0.390432
-0.550688
0.439584
0.547744
-0.30288
-0.619808
-0.56272
0.551584
-0.53152
-0.460128
-0.246368
-0.607424
0.50128
0.594208
-0.347904
0.336128
0.487936
-0.472096
0.158752
0.420544
0.264032
-0.422784
-0.60336
-0.578464
0.400672
-0.548864
0.482656
0.513504
-0.42048
0.027072
-0.234848
-0.343392
0.534592
0.590848
0.547104
-0.52976
0.37728
0.582144
-0.48752
-0.541216
0.119872
-0.50384
0.552256
0.587328
-0.537824
-0.46224
-0.510432
-0.559328
0.487328
0.478752
-0.455552
-0.540416
-0.437216
-0.290176
-0.5264
0.454752
-0.457472
-0.602144
0.498048
-0.446464
-0.513696
0.546208
0.546784
-0.432
0.419968
-0.562144
0.521184
-0.305632
0.646656
-0.52064
-0.66208
-0.4808
0.444864
0.587744
-0.374464
-0.563232
0.375808
0.469696
-0.35248
-0.474368
0.521152
0.498368
0.58048
-0.591392
0.001536
0.3456
0.530112
0.200992
0.624352
-0.52304
0.519008
0.45568
0.672704
0.276832
-0.313536
0.593824
-0.49328
0.522176
-0.578368
0.490432
-0.612704
-0.494368
-0.565376
0.567584
0.495424
-0.375456
0.240224
-0.6384
-0.379008
0.510464
-0.29024
-0.610976
0.527296
-0.1992
0.424384
0.417152
-0.279968
0.49232
-0.573952
0.467488
0.524416
0.602272
-0.574144
0.46592
-0.61712
0.374816
-0.455584
-0.040224
0.520064
0.590656
-0.172896
0.482272
-0.066432
-0.571072
-0.591456
-0.295968
0.597984
0.24496
0.50496
0.592064
-0.60912
-0.44112
0.351744
0.475552
-0.349024
0.605056
-0.431008
-0.183264
-0.478784
-0.553152
-0.527872
-0.630208
-0.526624
0.181312
-0.321568
0.427456
-0.038688
0.484608
0.472032
0.559392
-0.506304
0.403232
0.274688
-0.207744
0.518752
0.566048
-0.496384
0.596704
-0.493216
0.580992
-0.541056
0.319392
0.213024
-0.605632
-0.499072
-0.664032
-0.222208
0.442976
0.290752
0.544128
-0.553664
-0.368288
-0.520864
-0.518784
-0.519072
-0.617664
0.347136
0.348928
0.376672
-0.513344
0.575936
0.560576
-0.520544
-0.475328
0.345504
0.55504
-0.523072
0.530496
-0.12832
0.581216
0.58592
-0.613024
-0.131328
0.338592
-0.646208
0.580064
0.60752
-0.525504
-0.459456
-0.309984
0.585696
0.086816
-0.563296
0.540736
-0.420768
0.274976
0.260832
0.302592
-0.42928
0.463424
-0.462848
-0.490976
-0.452576
-0.462304
-0.27536
0.41424
0.578112
-0.473056
0.205344
-0.58784
-0.556256
0.489408
-0.540832
-0.55456
0.586048
-0.5504
0.50816
0.532128
-0.549536
-0.349056
-0.482272
-0.561632
0.147264
0.331168
0.556704
-0.56704
0.531712
-0.59264
-0.467904
-0.517312
-0.32896
-0.558912
0.393216
-0.550528
0.388064
0.481728
-0.417824
0.638272
-0.435264
0.524224
-0.531456
0.462752
-0.466656
-0.143072
-0.632736
0.621056
0.242464
0.041568
-0.667776
0.044448
-0.63664
-0.572864
0.589056
-0.190912
-0.460224
0.60304
0.565312
-0.583136
0.580768
-0.461248
-0.600704
0.543264
0.564864
-0.552
-0.504736
0.356768
-0.627104
0.49056
-0.582752
-0.556832
0.408416
-0.523136
-0.36064
-0.526048
0.331872
0.616192
0.477664
0.44752
0.557824
-0.600352
-0.544384
-0.440896
-0.496704
-0.512928
0.333984
0.489056
0.19184
-0.592128
0.40304
0.58752
0.484512
0.292416
-0.53024
0.605696
0.501248
0.371616
0.536384
-0.458368
0.477888
-0.42976
0.54688
0.53936
-0.530016
0.563232
0.333536
-0.54
0.036736
-0.621952
0.059808
0.550272
-0.637888
0.464384
0.621024
0.49296
0.458304
-0.520416
0.588704
-0.52752
-0.215872
-0.541344
-0.344032
0.446016
-0.181248
0.491776
-0.521056
-0.595264
-0.311552
-0.103584
0.385536
-0.448064
0.487488
-0.433088
0.60608
-0.568672
-0.421984
-0.559872
-0.600544
-0.376224
0.479136
-0.518016
-0.295744
-0.579648
0.53312
0.497888
0.400064
-0.184032
-0.573344
0.409856
0.53504
-0.5808
0.134048
0.6328
0.425856
-0.504256
0.646816
0.23328
0.616704
0.510176
-0.451808
-0.604896
0.4832
-0.574336
0.526784
0.530784
0.572544
-0.570688
0.411648
-0.318912
-0.594496
-0.496352
0.470784
-0.565888
-0.36048
0.586336
0.246016
-0.254816
-0.484768
-0.575616
-0.547584
-0.595232
-0.49712
-0.642272
0.30624
0.520128
-0.5312
0.26576
0.5832
0.474752
0.618976
0.534752
-0.575392
-0.305312
-0.374016
-0.238208
0.507648
0.558688
0.606336
0.5632
0.525024
0.144384
0.186336
0.475744
-0.243872
0.44
-0.609344
-0.289376
0.55392
-0.559808
0.42208
0.476736
-0.558464
0.466176
0.542656
0.009312
0.570368
-0.457632
0.558112
-0.489888
0.514176
0.30672
0.042464
-0.566304
-0.505344
0.490816
-0.632416
-0.572704
0.486688
-0.5408
-0.333024
0.532896
-0.557824
0.32928
-0.403904
0.108096
0.49248
-0.565024
0.557408
-0.293632
0.52032
-0.319264
0.509376
0.493376
-0.642368
-0.517664
0.499456
-0.495648
0.534528
0.602496
-0.610624
-0.407296
-0.562976
-0.498752
0.384928
-0.598208
-0.247424
0.536736
0.437536
0.325856
-0.370112
-0.5032
-0.519488
-0.545728
0.478848
-0.599392
-0.485792
-0.559008
-0.534816
0.446368
-0.612384
0.50128
0.022944
0.540896
0.608832
-0.426112
0.504128
0.639872
-0.30896
-0.218656
-0.418624
-0.40704
-0.354144
0.577376
-0.501216
0.516384
0.60128
0.375328
0.591584
0.271936
-0.637888
-0.573888
0.562368
0.628832
0.610272
0.405952
-0.557024
-0.497472
0.425216
-0.403264
-0.461728
0.172384
0.578752
-0.353984
0.40192
0.20176
-0.512416
0.13936
-0.523584
0.580544
0.56016
0.470848
-0.119552
0.56768
-0.565472
0.512608
0.474304
-0.549664
-0.609536
-0.108736
0.463744
-0.560064
-0.626144
0.619616
0.552288
-0.520256
-0.562272
0.547744
-0.429312
0.435744
0.524288
0.510176
-0.27488
0.538784
-0.451648
-0.581248
-0.51456
0.336416
-0.477792
0.573696
0.565728
-0.344352
-0.60832
-0.531872
0.510784
-0.537984
0.609632
-0.542816
-0.522432
-0.468192
0.547616
0.589184
0.57136
0.051488
-0.10336
0.452736
0.14688
0.533792
0.618464
-0.562464
-0.468576
0.515424
-0.4736
-0.422944
-0.46224
-0.532704
-0.563328
0.619648
-0.21072
0.342848
0.552032
-0.299392
0.58784
0.43824
0.190432
-0.529376
-0.623552
0.504256
0.563168
-0.146176
0.523168
-0.614208
0.393216
-0.590048
0.334528
-0.579712
-0.66416
-0.434368
0.489664
-0.575456
0.537184
0.188832
0.196352
-0.444544
0.268672
0.52352
-0.552608
-0.419136
-0.56176
0.481536
-0.477792
-0.549728
0.531648
0.560096
0.111648
0.401152
0.623456
0.495296
0.469344
-0.301792
0.596768
0.22416
-0.413504
0.575424
-0.617888
-0.559904
-0.421152
-0.528928
-0.613952
-0.584256
0.398048
0.520352
0.443264
0.629952
-0.6496
0.225856
0.492416
0.505888
0.308672
0.559488
0.588448
0.273952
-0.525984
-0.627136
0.56224
-0.613312
0.038144
0.390496
0.48512
-0.507296
-0.434592
0.558304
0.575296
-0.267136
-0.404352
0.55296
-0.466016
-0.025248
0.489408
0.593344
-0.606016
-0.559904
-0.549344
0.411616
-0.585824
-0.609664
0.326464
0.29216
-0.509824
0.49568
-0.516288
0.114144
0.392128
-0.54704
-0.436192
-0.487712
0.31456
-0.570048
0.642592
-0.018592
-0.465216
0.457472
-0.613088
-0.337952
-0.5128
0.437184
-0.5152
-0.304736
0.538816
0.30592
0.464288
0.55392
0.456832
0.563104
0.58176
-0.505376
-0.559616
0.583808
-0.46224
0.259904
0.45744
0.50896
0.587584
0.57904
0.21024
-0.568864
-0.551264
0.580512
-0.492448
0.499808
-0.528928
-0.535072
-0.620544
0.668
-0.192064
0.605216
-0.540896
0.387616
-0.249184
-0.153408
0.589376
0.421056
-0.615168
-0.39856
-0.573696
-0.575296
-0.322848
0.604
0.506368
-0.395616
0.44832
-0.59216
-0.459968
0.56368
0.588576
0.542144
-0.042304
-0.17472
-0.555872
-0.590944
-0.106688
-0.413888
0.386688
0.55296
-0.576032
0.5888
0.401376
0.596608
0.412288
0.552544
-0.554368
-0.351168
-0.515456
0.519776
-0.545824
-0.621472
0.026176
-0.523712
-0.597248
0.549376
0.465056
0.504224
0.102112
0.010272
-0.477472
-0.46208
-0.539744
-0.529984
-0.49984
-0.439584
0.595712
0.387712
-0.507392
0.5216
-0.431136
-0.513376
-0.59824
-0.598848
0.555488
-0.349344
0.251456
0.530272
-0.478912
0.400384
-0.445152
-0.379072
0.593824
0.58992
0.196768
0.524096
0.54048
0.587904
-0.518656
0.48992
-0.525344
0.19792
-0.273632
0.4736
0.55664
0.471936
-0.256352
0.600512
-0.463392
0.534144
-0.530208
0.198944
0.40912
-0.534528
0.640128
-0.40384
-0.56608
-0.545728
0.473664
-0.523648
-0.672512
0.585088
-0.544096
-0.589312
-0.162784
0.217952
0.519808
0.405024
0.586144
-0.626784
0.553248
0.541696
0.53184
-0.556448
-0.478624
0.61328
-0.478688
-0.517504
0.39504
-0.365792
-0.450016
-0.571424
-0.443072
-0.502848
0.542304
0.565216
0.523424
-0.51584
-0.536352
0.394304
0.408384
0.544032
0.369568
-0.421152
0.304928
-0.61616
0.42128
0.197248
0.609856
-0.592768
0.612352
-0.266784
-0.49952
-0.421088
0.554272
0.370944
-0.295232
0.462304
-0.512608
-0.19024
-0.462752
-0.332384
0.241824
0.201472
0.309728
0.526304
0.505312
-0.587232
-0.431648
0.637632
-0.387168
-0.561824
-0.501792
0.580992
-0.450848
-0.654208
0.549312
-0.462144
0.605216
0.522528
-0.525824
-0.576864
-0.443936
0.540864
-0.554816
0.52944
-0.270624
0.010912
0.604288
0.536672
-0.604992
-0.489312
-0.531424
0.375264
0.62864
-0.412832
-0.04608
0.498784
-0.504032
-0.515104
-0.40464
0.365056
0.34304
0.52032
-0.516672
0.422304
-0.543488
-0.431616
-0.403392
-0.613696
-0.492928
-0.234816
0.530112
-0.513152
-0.450208
0.644736
-0.540064
0.649696
-0.608448
-0.34736
0.47088
0.084672
0.605344
0.270912
-0.044768
-0.500928
-0.45664
0.359968
-0.566144
-0.506112
-0.4784
-0.496832
0.56112
0.30768
-0.24448
0.595552
0.265664
0.604
-0.38208
0.64864
0.512608
-0.354304
-0.495616
0.078368
-0.496128
0.512896
0.537216
0.320736
0.342144
-0.464512
0.459232
-0.59968
0.551008
0.531584
-0.179072
-0.533376
0.578304
0.382144
-0.519712
-0.134208
-0.53104
0.531072
-0.538496
-0.500896
0.419488
0.543104
0.365088
0.558912
-0.090144
0.555648
-0.424384
0.372544
-0.494592
-0.525056
0.47824
-0.508224
-0.598336
-0.642912
-0.377536
0.265888
-0.24784
0.393856
0.464032
0.4088
0.462688
0.049216
-0.503584
0.596064
-0.58368
-0.527392
0.507936
-0.017248
-0.024832
0.42096
0.296896
0.444064
0.527616
-0.508
-0.245856
-0.5376
0.47712
-0.498528
-0.130976
0.489088
-0.57424
-0.372224
0.225824
-0.436576
-0.294144
-0.328096
0.685984
0.57472
0.2856
-0.417952
-0.610016
0.611616
0.273632
-0.583008
0.379264
-0.359648
-0.509568
-0.549376
0.4976
-0.502656
-0.533984
-0.548096
0.449952
0.186656
-0.529952
0.502336
0.605888
0.533216
-0.543744
0.601856
-0.528032
0.307936
-0.369088
-0.570144
0.622208
-0.386656
-0.594144
0.583072
0.570656
-0.647392
-0.49296
0.632192
-0.465248
0.498432
0.620864
-0.27872
0.4344
0.526816
0.596704
-0.519136
0.551392
-0.52304
0.442528
0.613216
-0.616864
-0.469216
0.36544
-0.580256
0.49584
0.599264
0.33936
0.47728
0.277152
0.393984
-0.027616
-0.541088
0.527072
0.639392
0.566464
-0.37456
0.0088
-0.45424
-0.438304
-0.606336
0.56768
0.53568
-0.596736
0.47968
-0.48128
0.379552
-0.257536
0.594496
0.077696
-0.593024
0.555872
0.433312
0.323616
-0.209632
-0.538112
-0.454912
0.621952
-0.14784
0.527936
-0.44576
0.509216
-0.486304
0.558528
-0.403136
-0.435136
-0.37344
-0.07392
0.598688
-0.245696
-0.554624
-0.41552
0.541888
0.531808
0.161216
-0.410464
0.540928
-0.566912
-0.62592
-0.44752
-0.340032
0.555104
0.530656
-0.63856
-0.589408
-0.545344
-0.51488
-0.639808
-0.495232
-0.373152
-0.63488
-0.011744
0.457952
0.486592
-0.56592
0.565856
-0.479456
-0.414144
0.330144
0.397504
0.545152
0.30736
0.60272
-0.507616
-0.62272
-0.253056
0.560192
0.483392
-0.615648
-0.425248
0.479744
-0.542112
-0.410624
0.526048
-0.591968
0.33968
0.494176
-0.619328
-0.280256
0.549696
-0.584992
-0.27488
0.447424
0.454816
0.425216
-0.424864
-0.592864
0.594304
0.53968
0.595072
-0.17296
-0.20608
-0.330304
-0.572736
-0.401344
0.548896
-0.526912
-0.418912
0.080832
0.54624
0.358144
-0.451808
0.531872
-0.264096
-0.524928
-0.670112
-0.15392
-0.42912
0.589344
0.160416
-0.545824
0.533792
-0.619712
-0.521504
0.61936
-0.4552
-0.433824
-0.561536
-0.608384
0.606816
-0.52928
0.56304
-0.576544
0.411584
0.51616
-0.618912
-0.623392
-0.524256
0.440608
0.553952
-0.542784
-0.15904
-0.573024
-0.618144
0.355136
-0.395936
0.59664
0.416096
-0.611232
0.445024
-0.54864
0.42016
-0.464256
0.270272
0.511584
0.462496
0.51392
-0.60224
-0.511968
0.480864
-0.49584
-0.492768
0.370304
-0.392448
-0.604768
0.579552
-0.595744
0.499616
0.343936
-0.52704
0.562752
0.642848
-0.542944
0.565824
-0.487232
-0.402624
-0.482944
0.431424
0.639712
-0.600736
0.419648
0.60224
-0.577472
0.432576
-0.62528
-0.576768
-0.552736
0.5776
-0.618752
-0.548192
-0.440672
0.454016
0.295072
-0.531552
-0.565984
-0.243136
-0.590528
0.514656
-0.204224
-0.34048
-0.30416
-0.601888
-0.568544
0.440832
-0.596768
0.508128
0.501184
-0.446528
-0.30288
-0.135808
0.647104
0.511296
-0.590688
0.470496
-0.555616
0.112576
0.157984
-0.551776
-0.42688
-0.538592
0.568512
0.511904
0.553504
-0.5072
0.513984
-0.546912
0.5184
0.535392
-0.495136
-0.308864
-0.635072
0.650176
-0.567968
0.572288
0.116576
-0.50592
0.51552
0.430976
0.60944
-0.446784
0.39376
0.503392
0.467872
0.540448
-0.564736
0.353696
-0.5984
-0.069696
-0.53184
0.595008
-0.344672
0.470848
0.546304
0.477728
-0.489376
-0.598336
-0.506272
-0.615808
0.62592
-0.29008
0.46048
-0.545856
-0.567584
0.563392
-0.527264
-0.585952
0.540256
-0.61136
0.606816
0.602112
0.635488
-0.370976
-0.295584
-0.511392
0.549056
-0.156992
-0.499904
-0.521568
0.385056
-0.583296
0.421664
0.54544
-0.498432
0.382944
-0.334656
-0.45024
-0.501792
-0.630368
-0.596896
0.3616
-0.599104
0.548256
0.314432
-0.611232
-0.592704
-0.455968
-0.595552
-0.278944
-0.359264
0.460128
-0.415232
0.35904
-0.515808
-0.206048
-0.318048
-0.583936
-0.557344
-0.192448
-0.074464
0.592992
0.456064
0.557728
0.502432
-0.52928
-0.427584
0.297568
-0.474624
0.561728
0.37168
-0.235552
-0.597984
-0.55856
-0.500384
0.58128
0.534848
-0.541856
0.519616
0.074816
0.457312
0.471424
-0.048192
-0.565888
-0.581568
-0.567264
-0.51888
0.491328
-0.180416
0.576096
-0.56944
0.588064
0.542304
0.316288
0.356064
0.54096
-0.596032
-0.526176
-0.412736
-0.589984
0.580768
-0.483552
-0.55104
0.1832
-0.467488
0.589344
0.48384
0.647552
0.64496
0.23856
0.379968
-0.508416
0.45504
-0.467264
0.569984
0.439328
-0.343168
0.54432
-0.523168
0.517792
-0.287872
-0.257536
0.562176
-0.570112
0.09344
0.596
-0.524672
0.353536
-0.572288
-0.187072
-0.464832
0.310912
-0.478208
0.64224
0.595808
-0.518016
0.50048
0.466944
-0.60864
-0.54192
0.617248
-0.46128
-0.524704
0.451584
0.623808
-0.537248
0.556544
-0.29712
0.420768
0.563392
0.152032
0.608352
0.56832
0.512128
0.4408
0.364512
0.330848
-0.61296
-0.430368
-0.069056
-0.590528
-0.3264
-0.559904
-0.159744
-0.60304
-0.605344
-0.627648
-0.472992
0.523424
0.10144
-0.235712
0.334432
-0.552
-0.557728
-0.626144
0.556128
-0.350368
0.559136
-0.523072
0.587872
0.404864
-0.328384
0.589312
0.603552
-0.165952
0.517632
-0.535072
-0.093344
-0.612288
0.495968
-0.558592
0.21552
0.572896
0.34384
0.460288
-0.610528
-0.390976
-0.552576
-0.177184
0.624864
0.41616
0.561184
-0.207264
-0.5016
0.528032
-0.579552
-0.571328
-0.569248
0.521664
-0.540608
0.577696
0.523712
-0.483296
0.478272
-0.565216
-0.430464
-0.490816
0.039232
0.477472
-0.605952
0.460448
-0.270304
0.397568
-0.375264
-0.535552
0.599872
0.436768
-0.472128
0.378656
0.39616
0.53712
-0.5112
0.53984
-0.475424
0.622368
-0.562112
0.56752
-0.649408
0.566464
0.566688
0.237024
-0.512064
0.625728
-0.258912
-0.530912
-0.541152
-0.420256
-0.582528
-0.597184
-0.506624
-0.55136
-0.65872
0.595264
-0.492896
-0.448576
-0.451456
0.433536
-0.588832
0.555328
-0.591712
-0.223648
-0.623456
0.414272
-0.352672
0.088
0.397664
-0.40752
-0.483264
-0.577408
-0.600544
0.53664
0.44448
-0.482976
-0.622048
0.577792
0.463264
-0.617952
-0.519584
-0.625472
0.609856
0.445472
-0.33904
0.537216
0.509856
-0.53424
0.513664
0.4656
0.474656
-0.468192
0.233376
0.527264
-0.425696
0.569952
0.478368
0.617152
0.545696
-0.471008
0.30544
-0.581888
-0.090432
0.29296
-0.599552
0.479936
0.494432
-0.482528
0.527616
-0.459328
0.560768
0.509216
0.506208
-0.597376
0.218944
-0.405312
-0.567648
0.394944
0.37664
-0.578624
-0.556896
0.596576
-0.525344
0.589568
0.528992
0.46512
0.091872
0.523456
0.591552
0.511328
0.587392
0.548192
0.55232
-0.524992
0.468
0.446688
0.516
-0.305344
-0.519328
-0.582112
-0.540416
0.166336
0.198112
0.52576
-0.5064
0.627424
0.5056
-0.542528
0.631136
-0.524448
0.419168
0.580576
-0.598656
0.592832
0.527008
-0.49856
-0.325408
-0.456384
-0.434208
0.610464
-0.413824
-0.538656
-0.59072
0.590464
0.261408
-0.531264
-0.509536
-0.492576
0.558848
0.358176
-0.428
0.613408
0.085632
0.484608
0.607936
-0.136096
-0.57536
0.581888
-0.345056
-0.412928
0.182368
0.580992
0.54096
0.416128
-0.525792
0.611648
-0.520416
0.027296
-0.579616
-0.57248
-0.565344
-0.480288
-0.377856
0.538368
-0.526368
0.269472
-0.15824
0.504416
-0.251872
0.546208
0.538592
-0.56704
0.389088
-0.37392
-0.089632
-0.511744
0.44176
0.592992
0.379168
-0.49712
-0.498528
0.489056
0.504704
0.368064
-0.552768
0.5016
-0.510912
-0.10784
-0.241312
0.535872
0.52768
0.567008
-0.643456
-0.164384
-0.613728
0.614048
-0.427648
0.563488
-0.042784
0.602752
-0.61744
0.585056
-0.602624
0.395296
-0.50768
-0.38624
0.595552
0.554432
0.550784
-0.532256
0.438144
-0.4832
0.518624
0.125408
-0.276736
-0.365312
0.56656
0.052384
0.555936
0.452736
0.100352
-0.494912
0.565056
0.278304
0.586144
0.603488
0.43664
-0.61776
-0.477504
-0.572896
0.561024
0.52432
-0.491904
0.639616
-0.532384
-0.032896
0.582976
-0.340928
-0.553184
-0.502272
0.429536
0.513248
0.464704
0.489216
-0.615776
0.666848
0.4
-0.525536
-0.458688
0.416032
0.510464
-0.57072
-0.576928
0.227136
-0.603424
0.513088
-0.111584
-0.013408
-0.522208
-0.140064
0.479136
0.242368
0.524192
-0.194144
0.626336
0.56816
0.527488
0.474816
-0.581792
0.610368
0.45248
-0.622432
-0.542016
-0.50944
0.496992
-0.508032
0.5944
0.614208
-0.489056
0.549632
0.305408
0.530336
0.54432
-0.407712
-0.374848
0.570272
0.61488
0.521088
-0.53984
-0.169184
-0.291328
0.568704
-0.383552
-0.427808
-0.543264
-0.52
-0.571168
-0.24064
-0.487584
-0.529664
-0.5408
0.646976
-0.550592
-0.282336
-0.388448
0.583456
0.484832
-0.532992
0.583712
-0.272416
0.328608
0.460928
-0.428064
-0.532032
-0.519296
-0.399456
0.4784
-0.439008
0.480288
-0.548928
-0.554336
-0.452864
-0.494336
-0.472992
-0.401632
-0.667104
0.45568
0.32896
0.548544
-0.376704
-0.525472
-0.296032
-0.17904
0.566368
-0.568896
-0.609792
0.583776
-0.558592
0.665408
-0.460224
0.329024
-0.548992
0.445152
0.562208
0.477216
-0.53936
-0.575392
-0.310304
-0.427328
0.590496
-0.157728
-0.473344
-0.166336
0.429952
0.582912
0.52976
-0.42144
-0.26784
-0.567328
-0.427712
0.521088
-0.578816
0.578912
-0.470112
-0.572128
-0.52192
-0.63232
0.620352
-0.57952
0.441184
0.425984
-0.06624
-0.455296
-0.535808
-0.507936
-0.565088
0.075328
0.619904
0.541344
0.014272
0.557632
-0.411008
0.522688
-0.473984
-0.67728
-0.461792
-0.47376
0.559072
-0.25776
0.4768
-0.563744
-0.535136
-0.634368
-0.356928
-0.540608
-0.437856
-0.28112
0.487232
0.446688
-0.474816
-0.523616
-0.575168
-0.467712
-0.446272
0.518944
0.032256
0.317824
0.533376
0.009984
-0.620896
0.445536
-0.632416
0.477536
-0.573248
0.543136
-0.265504
-0.401216
0.15792
-0.510528
0.518048
-0.289472
0.489632
-0.558848
0.544288
0.431456
0.252096
0.410944
0.595328
0.292192
-0.577312
0.527168
0.553152
-0.531008
0.34864
0.355264
-0.553888
0.388768
0.45168
0.529792
-0.649408
-0.64128
0.384672
0.498304
0.5056
0.372576
0.475488
-0.374176
-0.482784
0.580448
-0.50592
-0.53472
-0.465152
0.507648
0.109312
0.5104
0.422144
0.503648
-0.524928
-0.54944
0.45568
-0.500512
0.564576
-0.638208
-0.500096
-0.499712
0.494176
0.586688
0.490176
0.506336
0.01984
-0.429664
0.412224
0.326912
0.566432
0.611552
0.524704
-0.46096
-0.49984
-0.444512
-0.6336
0.15232
-0.445216
-0.509888
-0.199648
0.609376
-0.597376
0.605856
-0.356032
0.622176
-0.542592
-0.526624
-0.448384
-0.548224
0.5888
-0.502144
-0.388704
0.483584
0.097152
0.61456
0.48576
0.539968
0.568192
-0.483328
-0.541952
0.353824
0.527968
-0.4328
-0.516096
0.351392
0.481184
0.61504
-0.520704
0.414816
-0.102048
-0.56048
-0.425856
0.51824
-0.2816
0.314976
-0.464448
-0.549248
0.562624
0.6008
-0.601376
-0.229984
-0.161472
0.325984
-0.536928
0.562912
-0.576032
0.377696
0.486752
0.41696
0.302848
0.358208
0.631424
0.025472
-0.565856
0.590752
0.659872
-0.609888
0.497472
0.601824
0.559456
0.31888
-0.42208
0.556864
0.635712
-0.151616
0.397248
0.423072
-0.568736
-0.381984
-0.57232
-0.510304
0.279104
-0.518496
-0.395424
0.14128
-0.501024
0.599296
0.168832
-0.461216
-0.003168
-0.197792
-0.409536
0.52
0.429568
-0.604992
0.441728
0.620864
0.551008
0.587904
0.561248
0.12976
-0.560064
-0.424512
0.402208
-0.419328
0.476768
0.538176
0.512544
-0.372704
-0.439648
0.461888
0.555904
-0.487264
-0.52656
-0.624512
-0.3784
-0.539904
0.55808
0.404288
0.349856
-0.544832
-0.426976
-0.549088
-0.546976
0.434624
-0.325952
-0.30048
0.476544
-0.450656
0.386016
-0.567296
0.526784
-0.401824
-0.598016
0.340032
-0.590464
0.55504
-0.018112
-0.462208
0.1544
0.466528
0.425664
0.584032
-0.366016
-0.532032
-0.570944
-0.445504
0.511104
-0.626688
-0.541728
0.5824
-0.048064
0.568928
0.480416
0.544576
0.33328
0.462048
-0.418208
0.442816
-0.48256
0.220512
0.455424
-0.546144
-0.399136
0.637568
-0.630208
0.488128
-0.389696
-0.4624
-0.59088
0.543168
0.442144
0.591488
0.572608
0.629184
0.31136
0.331328
-0.288896
-0.50576
0.543424
0.507776
0.479584
0.500384
-0.565888
-0.373024
0.586784
-0.532
-0.571584
-0.044864
0.420096
0.5536
-0.480736
-0.444352
-0.522496
0.624096
0.536384
0.629216
0.440544
0.070304
-0.650016
-0.478592
0.553408
0.522912
-0.389056
-0.657248
0.429824
0.481376
0.046048
0.602176
-0.50096
-0.458848
0.505824
-0.559072
-0.527616
0.522784
-0.509344
-0.273536
-0.470816
-0.491616
-0.556832
0.533632
-0.427744
0.49872
-0.344032
0.568032
0.431936
0.450304
-0.34208
0.416448
-0.313408
0.567232
-0.465696
0.526528
-0.43312
-0.46048
-0.614272
0.588608
-0.587872
0.503488
-0.504768
-0.469152
-0.217216
-0.410016
0.53792
0.193184
0.490816
0.529152
-0.616288
-0.594048
-0.531424
-0.556352
-0.530624
0.520576
0.294752
-0.435776
0.392224
0.45616
0.504288
0.295296
0.047456
0.400256
0.581184
-0.513984
-0.280832
0.57792
-0.565824
0.158912
-0.561824
0.306048
0.34672
0.432768
-0.24176
0.279808
0.613664
0.585344
-0.597056
0.185408
-0.165408
0.440416
-0.53072
-0.592768
-0.436064
-0.529312
0.586592
0.598752
0.535776
-0.614752
-0.471904
-0.561408
-0.572384
-0.457856
0.420256
0.471968
-0.59744
-0.606016
-0.545216
-0.6032
-0.557888
0.401984
-0.413216
0.394848
-0.473184
-0.423744
0.458592
0.24864
0.450592
0.531712
0.601536
0.514496
0.512704
-0.231776
0.139808
-0.551104
0.536064
0.556832
0.374976
0.444896
0.481728
0.542272
-0.488832
-0.571392
-0.442976
0.465856
-0.677696
-0.508416
-0.409888
-0.461312
0.619552
0.450656
0.546976
0.595488
-0.244768
0.612448
-0.545792
-0.573152
0.135296
0.231872
-0.580832
0.519872
-0.46784
0.609408
-0.563328
-0.612864
0.461984
0.536992
-0.514848
0.243488
0.563808
-0.561184
0.587328
0.579648
-0.124512
0.081216
-0.600864
0.533152
-0.5456
-0.529568
0.566976
0.18624
-0.237952
0.591104
-0.51104
-0.535584
-0.516512
0.572672
0.482848
0.300096
0.349696
0.533024
0.61856
-0.228192
-0.27248
-0.581664
0.450816
-0.582816
0.317856
0.569856
-0.607968
0.52976
-0.537408
-0.379872
-0.357184
0.35344
-0.508768
0.616864
0.51536
-0.51216
-0.462176
-0.576768
0.604896
0.463904
0.391616
0.289568
-0.176
-0.622016
0.592992
0.039264
0.636192
-0.607808
-0.540416
0.442272
-0.199808
-0.645344
0.563296
-0.144768
-0.570048
-0.108352
-0.5616
0.547808
-0.384192
0.540672
-0.567168
-0.553792
0.600128
-0.523456
0.327776
0.586976
-0.64848
0.489888
-0.541536
0.566208
0.602528
0.420416
0.530432
0.59872
0.382208
0.518368
-0.514464
0.541376
0.573632
-0.385344
-0.521568
0.426784
0.250176
0.546048
0.57952
0.302272
0.606464
-0.57168
-0.016928
0.589888
-0.566368
0.55184
0.611456
-0.450784
-0.317408
-0.597056
-0.545952
-0.560896
-0.449728
0.478144
-0.328512
0.48944
0.366816
-0.139136
-0.536256
-0.584192
0.642656
-0.499552
0.445152
-0.477184
0.682848
0.231424
0.670208
-0.464704
0.532
0.524128
0.4992
-0.614944
0.38832
0.096928
-0.6472
-0.305056
-0.48864
0.53632
-0.599296
0.64176
-0.508416
0.498144
-0.373664
-0.529056
-0.58096
-0.5616
0.436384
-0.09952
0.467872
-0.169632
-0.463136
0.627648
-0.318432
-0.562528
-0.516416
0.43936
-0.531776
0.440704
0.399264
0.569792
-0.50576
0.218304
-0.420384
0.584064
0.574368
-0.591744
-0.1704
-0.516352
-0.53792
-0.383168
0.347616
-0.533536
0.507616
0.478176
0.518816
-0.461696
-0.479328
0.392512
-0.429664
-0.488384
0.598912
-0.555712
-0.55248
0.4304
0.498368
-0.414752
-0.459232
-0.556288
-0.231808
-0.547488
0.593664
0.56368
0.361632
-0.431008
0.463264
-0.436288
-0.48176
-0.113952
-0.05456
-0.555904
0.614464
0.407744
-0.01712
-0.483872
-0.596576
0.560128
0.620544
0.414944
0.486048
0.557184
0.512512
-0.5496
-0.384256
-0.517376
-0.449312
0.49968
0.45072
-0.417664
-0.075328
0.539712
-0.55328
0.456192
-0.304896
0.592256
-0.24016
0.29072
-0.57808
-0.442304
-0.409792
-0.513984
-0.383136
0.587712
-0.52416
0.4912
-0.619296
0.54208
0.118272
-0.572448
-0.381696
-0.443072
-0.513568
-0.51536
-0.445824
-0.570368
-0.10672
0.505408
-0.618976
0.530496
-0.510592
-0.545728
0.322336
0.557472
-0.530304
0.243552
-0.424704
0.288576
-0.128992
-0.488064
-0.409056
-0.473856
0.174432
-0.628064
0.49312
0.594368
-0.56
0.225984
-0.537856
-0.540352
0.474752
0.475712
-0.55472
0.535808
0.543776
-0.557152
-0.39728
0.144128
-0.522752
-0.5672
0.489088
-0.513696
0.467456
-0.232288
-0.272512
-0.563552
0.537344
-0.659168
-0.451488
0.522016
-0.154016
0.439744
0.54224
-0.475392
-0.330816
-0.475808
-0.500032
-0.584768
0.48912
0.045056
0.421152
0.512384
-0.573984
0.411584
-0.409312
0.508992
-0.577344
0.56608
-0.531136
-0.568096
0.55696
-0.365088
-0.210656
0.54528
0.577696
-0.602656
-0.120608
0.413536
0.527968
0.464768
0.449472
-0.609088
0.552416
0.503456
0.566624
-0.600544
-0.593952
0.466752
-0.378976
-0.588864
0.473952
0.609376
0.671936
0.54096
0.48384
-0.17456
0.268704
-0.477472
-0.595328
0.595648
0.637056
0.583872
0.419968
0.574656
0.379552
0.568576
-0.420992
-0.456672
0.547328
-0.589536
-0.594656
0.623808
-0.391104
0.544384
0.60752
-0.583072
-0.362656
-0.334112
0.470528
-0.402336
0.483008
0.5336
0.158464
0.58576
-0.35392
0.571424
0.461184
0.38992
-0.538048
-0.541504
0.372672
0.449056
0.512128
-0.503488
0.271904
-0.503936
-0.622176
0.369568
-0.598368
0.657088
0.406048
0.468096
0.521408
-0.569952
-0.579168
-0.304576
-0.406272
0.549824
-0.616416
0.547392
-0.569984
-0.494848
0.62496
-0.5472
-0.558368
-0.601824
-0.494624
0.0152
0.144736
-0.61648
0.569184
0.459584
-0.598464
0.187136
-0.58656
0.506368
-0.576064
0.19712
-0.612608
-0.428288
-0.20048
0.557152
-0.481344
0.465664
-0.458688
0.623456
0.557632
-0.585824
0.4032
0.239648
-0.562784
0.526176
0.33216
-0.004832
-0.610112
0.473024
0.193696
0.500224
0.588288
0.585632
-0.604704
0.49328
-0.6232
-0.096768
0.646432
0.255232
-0.420896
0.609984
0.12416
-0.474176
-0.565088
-0.511424
-0.549376
0.501568
-0.540832
-0.540864
0.492192
-0.555936
0.504352
0.599296
0.359008
0.605088
0.548192
-0.548288
0.597536
-0.45632
-0.43536
-0.584064
0.495584
0.297472
0.548704
0.55872
0.544832
0.567168
0.54224
-0.588544
-0.460832
0.485216
0.49216
-0.52304
-0.45184
0.47696
0.53968
-0.521632
-0.614272
-0.577728
0.556704
0.481728
-0.522496
0.573792
-0.275168
0.520288
0.463584
-0.595232
-0.573888
-0.50464
-0.337344
0.523264
-0.439552
-0.558912
0.654944
-0.549376
-0.50656
0.504352
0.617696
0.588576
-0.64736
0.44304
-0.569184
0.406368
0.575104
0.591104
0.4408
0.553728
0.478528
-0.637472
0.575136
-0.484448
0.234976
-0.62016
-0.520352
-0.578624
-0.542592
0.516736
-0.554144
0.57424
-0.578624
0.584896
-0.534944
0.442208
-0.59456
-0.524896
-0.62608
0.526208
-0.302656
0.543968
-0.57152
0.396704
-0.29616
0.363744
-0.45376
-0.262528
0.60464
0.515712
0.591776
0.468256
0.22496
0.522304
0.253536
0.597632
-0.41824
-0.572032
0.0392
-0.441248
-0.620928
-0.469344
0.500672
0.467072
0.459936
-0.350304
0.58496
-0.58448
0.302816
-0.553376
-0.323328
0.612608
-0.44992
-0.556768
-0.518848
0.587456
0.582592
-0.186144
-0.512448
-0.544096
0.642496
-0.531872
-0.34528
0.536768
-0.225376
0.652544
-0.542688
-0.340416
0.462976
-0.41376
-0.484224
-0.598048
0.38976
0.34464
-0.605312
-0.512064
0.474304
-0.64208
-0.263136
0.243296
-0.412768
-0.634528
-0.522688
-0.612576
0.346592
0.49792
-0.44224
0.559392
0.124256
-0.514336
0.460448
0.51504
-0.584832
0.58256
-0.008896
-0.437664
0.585856
-0.229792
-0.506688
0.557824
-0.445984
-0.535136
0.554432
0.53088
0.5728
-0.182368
0.519456
0.47968
0.394336
-0.51824
-0.557216
-0.503168
0.028288
-0.335584
0.59856
0.56368
-0.532416
-0.6048
-0.528224
0.619936
0.295104
0.623072
-0.61136
0.504384
-0.45184
0.5456
0.534304
0.470784
0.414208
0.589696
0.55088
-0.202944
0.298944
-0.670592
-0.230784
0.502368
0.503808
-0.543744
-0.598368
0.54656
0.209088
0.628608
0.489408
0.516256
0.510304
0.491552
-0.466496
0.601888
0.615616
-0.206848
0.598816
0.445664
0.501088
0.488192
-0.450432
-0.56336
0.577472
0.572448
-0.526272
-0.28288
0.538624
0.345792
0.54208
-0.42352
-0.515296
0.57968
-0.529856
0.39232
-0.531904
0.569568
0.449376
0.021664
-0.258528
0.520224
-0.475424
-0.456352
-0.524384
0.208832
0.06208
-0.588352
-0.600768
0.144672
-0.478304
-0.35136
-0.644064
-0.571392
-0.499584
-0.469536
-0.5264
-0.368064
-0.498976
0.568
0.156608
0.5872
0.505472
0.4568
0.316992
0.59712
-0.131712
-0.569632
0.546624
0.628928
-0.46032
-0.6624
-0.386816
0.619296
0.56752
0.543712
-0.58816
-0.562944
0.524224
-0.556096
0.548224
0.375136
0.3936
0.413376
-0.60432
-0.33104
-0.5424
0.639136
-0.531904
-0.618336
0.420096
-0.530432
-0.502144
0.592864
0.518944
-0.326464
0.56
0.563488
0.517504
0.653952
0.532032
-0.545536
-0.464032
0.54848
0.34928
0.246208
0.603296
-0.416064
0.605312
-0.549664
0.494944
-0.453504
0.242304
-0.465312
-0.513696
-0.351456
0.486752
0.531648
-0.016544
-0.482816
-0.561408
-0.535072
0.558272
-0.538624
0.36352
0.305792
-0.542752
0.571872
-0.35456
0.576768
0.400224
0.484448
0.301248
0.546688
0.435104
0.509184
-0.598976
0.601344
-0.386656
-0.456256
-0.511424
-0.409632
-0.573792
