1
0.32179
0.115837
0.0751659
0.0285329
0.0310768
0.0181245
-0.0217143
-0.0379951
-0.0100873
-0.0104964
-0.00368283
-0.00609606
-0.00988038
0.00708669
-0.02173
-0.0342323
0.00799672
-0.00387346
-0.0225958
-0.0408175
-0.0594036
-0.0254333
-0.00301052
-0.0282257
0.0347968
0.0123579
-0.00163935
0.003674
0.0199068
0.00606803
0.0151374
0.00249786
-0.0185602
-0.0137239
-0.016329
-0.0138338
-0.0215992
-0.0253289
-0.0340693
-0.0536751
-0.0148386
0.0120931
0.00462888
-0.00517454
-0.00178648
0.00582024
-0.00520797
0.0156763
-0.000221321
0.0287711
0.01783
-0.00694311
-0.0163116
-0.022815
-0.025576
-0.00513119
0.00993982
-0.0113425
0.00827058
0.0246438
0.0193276
0.0118989
0.0113619
0.0262189
-0.0124479
-0.00370252
-0.0176551
-0.0156775
-0.013385
-0.020926
-0.0396451
-0.0159427
0.00158008
-0.011154
0.0276131
0.0213656
0.00516747
0.0206763
0.0251156
-0.00834972
0.000992439
-0.0207722
-0.0218549
-0.00633031
-0.0148014
0.00235052
-0.0327214
-0.035306
-0.0273662
-0.017444
-0.0309085
-0.0335837
-0.00489413
-0.0226913
0.00268553
0.0246594
-0.00081222
0.0132725
-0.021702
-0.0390378
-0.00443925
-0.0174056
0.0270904
0.0149519
-0.0325612
-0.019934
0.015372
0.0140537
-0.0169357
0.0136134
-0.0278096
0.00368193
0.00969994
0.00411944
0.00558746
-0.0056111
0.00536641
0.0228391
0.0161649
0.000776701
0.020659
-0.0103193
-0.00397558
-0.00686273
-0.0391609
-0.00741028
0.026531
-0.0108232
0.00743369
0.020904
-0.00475485
0.0033749
-0.0275916
0.0183233
-0.0117492
0.0266493
0.00882149
-0.00941417
-0.0321868
-0.00688022
-0.0123291
-0.0054955
-0.0184523
-0.0431764
-0.0111276
0.0232032
0.00211782
-0.00506328
-0.0373868
-0.0195778
0.0188651
0.02049
0.0240713
0.0183921
-0.00402774
-0.0100056
0.00567825
-0.0126954
-0.00911452
0.00269709
0.000175664
0.0261533
0.0397081
0.0159751
0.0362636
-0.00575063
-0.00194118
0.0156818
0.0162035
0.0131678
-0.0117346
-0.0107303
-0.0069964
-0.0276039
-0.0206982
-0.0128955
0.0077974
-0.000793701
0.00972228
0.00506964
-0.0179412
-0.0327391
-0.0514178
-0.0515038
-0.047524
0.00226093
-0.0155371
-0.0344821
-0.0120151
-0.00919081
-0.0150728
-0.036568
-0.0305711
-0.0283989
-0.0387881
0.0014475
-0.00579279
-0.00689353
-0.000217517
-0.0206652
-0.0303864
-0.0436349
-0.0511502
-0.0266692
-0.0107053
0.0127826
-0.01414
0.000945548
0.00501744
0.00131612
0.0345525
-0.00856925
0.000324982
0.000426758
-0.0015599
0.00227457
0.000141826
-0.0407453
-0.0539231
-0.00379004
0.0286819
0.0265423
0.033926
0.027826
0.0293221
0.0297583
0.0233416
0.0247942
-0.00625561
0.0378761
0.0683492
0.0367019
0.0381736
-0.0178886
-0.0225052
-0.0124645
-0.00942059
0.00874344
0.0152516
0.0259127
0.0264533
0.0305779
-0.0157607
-0.00438532
-0.0104671
-0.0390731
-0.0325355
-0.0116102
0.0363055
0.0185438
-0.0152174
0.00403066
0.0280385
0.00578758
0.0128251
0.0201563
0.0169407
0.0448512
0.0335591
-0.0491076
-0.0474049
-0.0307968
-0.0135468
-0.00360036
-0.0209755
0.0124567
0.0153365
0.0126091
0.0397755
0.0364877
0.014995
0.0400505
0.0135877
-0.000176978
-0.00183282
-0.0211263
-0.00191282
-0.0442663
-0.056568
-0.0217677
0.0380036
0.0624111
0.0679451
0.0791897
0.0429597
0.00790205
-0.00691319
-0.0136455
0.0315064
0.0372941
-0.00183848
0.00136082
0.00855543
0.0159844
0.0206844
0.0163937
0.0167271
-0.00361209
0.0213379
0.00109121
-0.0124364
-0.0279591
-0.0310387
-0.00862481
0.00545911
0.00147008
-0.0102674
-0.00844165
-0.0214189
-0.0690772
-0.04602
-0.0263832
-0.0259078
-0.0291361
-0.0270887
-0.00284747
0.0142213
0.025945
0.00521762
0.00360071
-0.00219331
0.0159782
0.00806734
-0.015901
-0.0157475
0.0125138
0.0221979
0.0185302
0.00903854
-0.0104421
0.0436218
0.0156704
0.0140807
0.0131475
-0.0244085
-0.0342306
-0.00368004
0.00884293
-0.00646116
-0.000147408
0.0284835
0.0127435
0.0452485
0.00691868
0.0159896
0.0133109
0.0210448
-0.000791441
-0.0202993
0.00143577
6.39341e-05
-0.0236119
-0.044348
-0.0153281
-0.0248011
-0.0176607
0.00479586
-0.00750812
0.0150161
0.0204409
0.005739
0.0129698
0.0235322
-0.0494089
-0.0356511
0.00640126
0.0272502
0.0198809
-0.00246644
-0.00950059
-0.00741369
0.0133022
0.00989145
-0.00705269
-0.033826
-0.008053
-0.0550736
-0.0424308
-0.0137153
-0.0355122
-0.0565443
-0.041631
-0.02411
-0.016816
-0.00305673
-0.0114911
-0.0288787
-0.02807
-0.0063424
0.00475597
0.0224695
0.0256176
0.0241051
0.00883279
0.00749587
0.0199961
0.0240045
0.00965615
0.0119261
0.0223147
0.0228918
0.026706
0.047491
0.0534227
0.0204112
-0.00784886
-0.0115535
-0.0474226
-0.0244393
-0.0206935
0.00509491
-0.0125674
-0.0345545
-0.0171698
-0.00547615
-0.00756191
0.0134626
0.0321562
0.0330887
0.0222592
0.016634
0.0150124
-0.0129791
-0.0149091
0.000997128
0.052518
0.0409098
-0.00493865
-0.0135552
-0.0203623
-0.0224861
0.0185372
-0.00970936
0.0165961
0.0246388
0.00256029
0.00594153
0.00464648
0.00577046
-0.042857
-0.0255371
-0.0194537
-0.0291556
0.00104439
0.0218505
0.0311665
0.00999187
0.0102324
0.0149977
0.0247301
0.0771846
0.100182
0.0379713
0.0022849
-0.00123341
-0.0447513
-0.0289276
-0.0280077
-0.012421
0.00916603
0.0113618
0.00511705
0.0226062
-0.000608042
-0.000712237
-0.0127554
-0.019926
0.0105036
0.00729852
0.0148063
0.0117658
-0.0473333
-0.00148976
0.0109264
0.0279825
-0.0208121
-0.0265541
-0.00808138
0.00732124
0.0517309
0.0559106
0.0095214
-0.029695
-0.0524857
-0.0365706
-0.0476872
-0.075055
-0.0667444
-0.0771073
-0.0577681
-0.0576359
-0.0651708
-0.0636695
-0.0277155
-0.0135862
-0.0271613
-0.00200736
0.00698205
0.00164157
-0.00136232
-0.0171877
0.0190203
-0.0109755
0.000286093
0.0452233
0.0408094
0.0594724
0.0500481
0.012475
0.0449609
0.0417987
0.0670865
0.0591037
0.0294866
-0.00942443
-0.0130059
-0.0223866
-0.0156285
-0.033996
-0.0297335
-0.0278717
-0.00637494
0.0266789
0.00552062
0.0229232
-0.0542303
-0.0153468
0.000382537
-0.00183393
0.0339848
0.0259875
0.0169484
-0.00499697
-0.0237717
-0.0113809
-0.0188937
0.00668428
0.00437935
0.0122496
0.00481359
-0.000118067
-0.0377465
-0.0401116
-0.0532533
-0.0396717
-0.0168762
0.00212588
-0.000551189
0.0390463
0.0342556
-0.0113975
-0.000569672
0.0145439
-0.0100877
0.0208822
0.0346633
-0.00021004
0.0120835
0.025338
-0.0146339
-0.00411917
0.0256035
-0.0158986
0.0413239
0.0289333
0.0374516
0.00276038
0.00843003
0.00749181
0.0319316
0.0587033
-0.0116519
-0.00913076
0.00311902
0.0442282
0.0325161
-0.0235478
-0.00252083
-0.00893304
0.0238921
0.0135423
0.0111284
0.0239846
-0.0091321
-0.0519644
-0.060128
-0.0352091
-0.0166338
0.0139008
-0.00533868
-0.0322253
-0.0607523
-0.0358032
-0.0410709
-0.0460189
-0.0478908
-0.0134376
0.017371
0.0245353
0.04785
0.0104668
-0.0108753
-0.00166764
-0.010164
0.00918972
0.0126177
-0.00681271
-0.0335646
-0.0249654
-0.0311755
-0.0025311
-0.0203266
0.0142255
0.0266596
0.0364931
0.0490804
6.90575e-05
-0.0126925
-0.023965
-0.0114707
0.0183469
-0.00473267
-0.0121819
-0.0110337
0.0403307
0.0681716
0.0489579
0.0490391
-0.0131208
-0.0375667
0.0236841
0.036351
0.0200551
-0.014941
0.0112559
-0.0116413
-0.0238888
-0.000686933
-0.00288426
0.00544194
0.0113265
0.00675111
0.0283679
0.011035
-0.000266122
-0.0431645
-0.0585539
0.00498755
0.022401
0.0335052
-0.00942315
-0.018061
-0.0186377
-0.0369189
-0.0318196
-0.00428585
0.0328869
0.0154012
0.0419127
-0.00799604
-0.00612019
0.0145004
0.000289094
-0.0227456
-0.0400821
-0.0429795
0.0137123
0.0308869
0.0490885
0.00411142
0.00800146
0.0182924
-0.00749264
0.018397
0.0545232
0.0265865
0.0219928
-0.00141859
0.0168422
0.0273671
0.0468378
0.0601441
0.0454769
0.035042
0.0825779
0.0791667
0.0307825
0.0394981
-0.0013751
-0.00381723
0.0343407
0.0116867
0.00834336
0.0135495
-0.0172331
9.05655e-05
0.00723623
-0.0480319
-0.0784568
-0.0285658
0.00583467
-0.00414133
-0.022065
-0.000916477
-0.0186762
-0.0303171
-0.0406966
-0.0337839
-0.0131751
0.00856631
0.0111123
-0.0561605
-0.0608129
-0.0571441
-0.0395922
0.0201594
0.0731178
0.0633396
0.0354032
-0.00289654
0.0311705
0.0470817
0.0533129
0.0346422
0.00432607
-0.0292925
-0.0119817
-0.0225535
0.0135939
-0.0297236
-0.0203365
-0.0196394
-0.0424388
0.01106
0.0193073
-0.00280913
-0.0312286
-0.0337545
-0.0227292
-0.0198265
-0.0170235
0.0013605
0.00530959
-0.00144278
0.0461564
0.0202693
0.0176436
-0.00964099
-0.0554309
-0.0569485
-0.0393817
-0.0206492
-0.0316178
-0.0643721
-0.0418196
-0.0135004
-0.0167688
-0.056404
-0.0439029
-0.0128382
0.015805
0.000656748
0.0310902
0.0186908
0.0114514
0.00180155
-0.00699963
0.00993158
0.0101272
0.0355374
0.00535224
0.0396956
-0.00528976
-0.0200427
-0.0518831
-0.0677387
-0.0293343
-0.0374913
-0.0133966
0.0195356
0.0500481
0.00232421
-0.0612428
-0.0301443
-0.0306219
0.00979432
-0.00304497
-0.0167695
0.0195736
0.0383665
0.0849077
0.0500218
0.00122761
0.00836945
-0.00105435
0.0218752
-0.0328403
0.0278337
0.0203978
-0.0100451
-0.0134914
-0.00969878
-0.0210594
0.016381
0.0051429
0.00156617
0.0258499
0.0110319
0.00685451
-0.0380488
-0.0131194
0.00865712
0.00950144
-0.0176472
-0.0467119
-0.0646285
-0.0514077
-0.0564393
-0.0776454
-0.0181738
0.0297422
0.00121019
0.00130939
-0.0130986
-0.00478533
-0.0636521
-0.0410121
0.0138502
-0.00925309
-0.0225901
0.0164885
-0.00179643
-0.0189712
-0.0202054
-0.0941936
-0.0489693
0.0235752
0.0495417
0.0298047
0.0170681
0.032057
-0.0121478
-0.0150957
-0.0329941
-0.0246317
0.0067686
0.0292062
0.0445843
0.0504659
0.0425922
0.059918
0.0512186
0.0594511
0.0195668
0.0507235
0.0268605
-0.00350633
-0.0222155
-0.0174508
-0.0418942
-0.0536679
-0.058159
-0.0256162
0.0136882
0.0167112
0.00980181
-0.0207339
-0.00218942
0.0368068
0.0559934
0.0244443
0.0543996
0.0703558
0.0498445
0.0157083
-0.0293961
-0.0320059
-0.0256821
-0.0126075
-0.00229288
-0.0107143
-0.0169894
-0.0160449
0.0412313
0.0176469
0.0114179
0.0272897
0.0466074
0.0271813
-0.0168618
-0.0203059
-0.01962
-0.0238943
-0.0143705
0.00464025
0.0239863
0.0851429
0.0855124
0.0706742
0.0279096
0.0303855
0.066387
0.0311048
-0.0191339
-0.0598167
-0.0326629
-0.0468308
-0.00827988
-0.0339869
-0.00603996
0.000118758
0.00686824
0.0141681
-0.00843489
-0.0262298
-0.0318853
-0.0222259
-0.0476635
-0.0888729
-0.0690621
0.0184793
-0.00621181
-0.0161918
0.00110313
0.0181383
0.0270948
0.0406019
0.0434513
-0.0334127
0.00905601
0.017877
0.0264171
-0.00115584
0.0195777
-0.0264765
-0.0523711
-0.0700634
0.00744459
0.00725243
-0.0125477
-0.0144963
-0.00955975
0.0134018
0.035731
-0.0300673
-0.0150122
0.0196747
0.00393694
0.0440952
0.0542564
0.0372134
0.0291686
0.0593294
0.028503
0.050816
0.0299162
0.0188145
0.0114848
0.0397826
-0.0306724
-0.0347165
0.00791999
0.00642003
0.0122953
0.0183599
0.0301834
0.0711179
0.0340548
0.00678576
0.0152212
0.00875821
0.00839129
0.0367509
-0.000772209
-0.0142199
0.0443793
0.013901
-8.61921e-05
-0.0233361
0.00198499
-0.0116755
0.0105833
-0.0146916
-0.0456973
-0.0019682
0.00651886
0.0219371
-0.00869127
-0.0249137
-0.03604
-0.01194
0.00921089
0.00245964
-0.0276565
-0.0702875
-0.0553791
-0.0557934
-0.0292507
-0.0632052
-0.00707938
0.0293738
0.0261337
0.0117769
-0.00999343
-0.0186688
-0.00791906
0.00820092
-0.0160513
-0.0282406
0.0702799
0.0590878
0.0485768
0.0316924
0.0429318
0.069018
0.0634833
0.0352218
0.0449005
0.0104874
-0.0175001
-0.0377622
-0.0100742
-0.0231339
-0.00865459
0.0344791
-0.0197843
-0.000205495
0.00911692
0.064146
0.0896785
0.021671
0.000918848
-0.0298357
-0.0262008
-0.0432707
-0.05011
-0.0399006
-0.0626853
-0.0615556
-0.046211
-0.059543
-0.0260173
-0.0146968
-0.0256798
-0.0204754
-0.0420652
-0.0438808
0.0216327
0.0371243
-0.0117272
0.0180782
0.00702309
0.0268851
0.024169
-0.0113698
-0.0378642
-0.0347093
-0.0365748
-0.0254537
0.00634454
0.00981898
-0.0104291
0.021178
-0.0044183
-0.0216606
-0.0370901
-0.0950889
-0.0526534
-0.0858958
-0.10726
-0.0909225
-0.0661378
-0.0418006
-0.0188173
-0.0512849
0.0036968
0.0326875
0.065788
0.0430567
0.0574331
0.0262531
0.0233541
0.0527336
0.0428745
0.0214525
0.0775196
0.0178732
0.0255074
0.0832871
0.0666255
0.0154737
-0.0598903
-0.0344032
-0.0280982
-0.0244247
0.0147551
-0.0165509
-0.0797045
-0.0552079
-0.00208976
0.0134798
-0.0222413
-0.0218167
-0.0524856
-0.00587247
0.0266849
0.0486374
0.041067
0.0228263
0.003172
0.0288659
-0.0409233
-0.024485
0.00393573
-0.048814
-0.0895295
-0.0942007
0.0114795
0.000503745
-0.0260079
0.0119812
0.0210474
0.0449662
0.0436211
-0.0188774
-0.0428664
-0.0070191
0.00787659
0.00392245
0.0140313
-0.0369116
-0.00738816
-0.0215382
-0.0318961
-0.00747432
0.0534259
0.0652924
0.0225403
0.0461763
0.00203972
-0.0211847
-0.00918534
-0.00973148
0.0284035
-0.0131744
-0.00565885
0.0388155
0.0205548
-0.0133439
-0.0338739
-0.0241739
-0.0318741
-0.0117637
-0.0209504
0.0228752
0.0237631
-0.0434625
-0.0615251
-0.0586824
-0.0853253
-0.00462696
-0.0608474
-0.0749258
-0.0631524
-0.0691791
-0.0385216
-0.0131828
-0.0027742
0.00613497
0.0153385
-0.00339433
-0.012905
-0.0136849
-0.0340145
0.0100747
0.0113056
0.0122832
-0.0234258
0.0321439
0.0567975
0.0540881
0.0781899
0.0337126
0.020444
-0.0340161
-0.0349453
0.0310037
0.0123642
-0.0401922
-0.00639268
0.0410954
0.0598314
0.0307426
0.00658233
-0.0323185
0.0218962
0.0672882
0.0163477
-0.0138577
-0.0386277
-0.0621768
0.00701766
-0.0355326
-0.0130403
0.0177072
0.00688092
0.0181779
0.00569949
-0.0275417
-0.0397799
-0.0403666
-0.072191
-0.0582805
-0.0472885
-0.0219046
0.00349478
0.0181141
0.00566375
0.00458076
0.0588112
0.0418979
0.0414948
0.0978775
0.04099
0.0732153
0.0240967
-0.0216336
-0.0140428
-0.0167114
0.030867
0.0609368
0.0448858
0.065672
0.00875781
-0.0428039
-0.0159137
-0.0301884
-0.0250957
-0.0101055
0.0172743
-0.00874195
0.0539801
0.081721
-0.00267554
-0.00549226
-0.00770588
0.0081669
0.0236942
-0.0224747
-0.0358537
0.0193693
0.0498746
0.00147652
0.0568969
0.0975851
0.0339247
-0.021276
-0.00732983
0.0310511
0.0139288
-0.0152608
-0.00352658
-0.0666428
-0.0747818
-0.067165
-0.0752787
-0.0739476
-0.0315811
-0.0175898
-0.00268945
0.0302638
0.00881499
0.0139571
0.0666777
0.0550849
-0.0336693
-0.0483261
-0.0201326
-0.0744282
-0.0577225
-0.05466
-0.0337939
-0.0407765
0.0631649
0.0562573
0.036424
0.00970566
-0.0238817
-0.00266848
0.0381699
0.0328765
-0.00202781
-0.00506951
-0.0174298
-0.0176585
-0.00197684
-0.00453703
0.0025429
0.0266688
0.103821
0.046781
0.0265258
0.0330995
0.064042
0.0731573
0.0321608
-0.00248328
-0.0481494
0.0279085
-0.03273
0.00470695
-0.00334628
-0.024812
0.0176385
0.020405
0.0296307
0.0799346
0.0759756
0.0949358
0.0271979
6.42417e-05
-0.0203789
0.0153413
-0.0255967
-0.0698173
-0.0807415
-0.100908
-0.0812888
-0.016215
0.00283891
-0.0128382
-0.0108492
0.00881503
0.0440953
0.0626578
0.0365633
-0.00325079
0.0908467
0.0691276
0.0377214
0.00732597
-0.0311405
-0.0141219
0.0159142
0.0234902
-0.0159842
0.0136384
0.00553436
0.0155433
0.0589574
0.00203822
0.00132502
0.0124876
-0.00357153
-0.000541092
-0.0319555
-0.0532886
-0.0400393
-0.0351775
-0.000714947
0.0683467
0.0495616
0.0151128
-0.00401746
0.0082642
0.0254718
0.0611708
0.0354044
0.0550171
0.0670347
-0.0224848
-0.0147839
0.0269
0.017197
-0.00446523
-0.0376432
0.00423121
0.0543417
0.0308095
0.00161689
0.00246516
0.00413871
-0.0334542
-0.0671173
-0.10238
-0.055955
-0.0784013
-0.0420434
-0.0546392
-0.0839877
-0.0340067
-0.00422528
-0.0373159
-0.0595883
-0.00416602
0.029425
-0.0246795
-0.000295827
-0.0194965
-0.0304677
-0.0120639
0.0341399
0.0501092
0.0668371
0.0767811
0.00754895
0.000220226
0.0564241
0.0463979
0.00186496
0.0745296
0.0682596
0.0613345
0.0554342
-0.025622
-0.0560569
-0.0682718
-0.0127035
0.0397636
0.0649768
0.0297238
0.010818
-0.0190673
3.08919e-05
-0.0223618
-0.0193614
-0.0189897
0.00925742
-0.0165145
-0.0414292
0.00376237
-0.00263006
-0.00420613
-0.0321833
-0.0875924
0.0170079
-0.00585897
-0.0234972
-0.0257071
-0.0270993
0.0321836
-0.0377061
-0.0601293
-0.060571
-0.0400779
-0.0366367
0.0259864
0.0790751
0.0731317
0.0764437
0.0826117
0.0587858
0.0506241
-0.0280401
-0.0628332
-0.0224703
-0.026131
-0.105756
-0.0408227
-0.0442356
-0.0289094
0.0541623
0.0505358
0.0243195
-0.0110292
-0.0574962
-0.0146844
0.0171354
0.0045163
0.0236601
0.00610361
-0.0109491
0.0542679
0.0273511
0.0453682
0.0268129
0.0652307
0.0373273
0.0541486
0.00381108
0.10231
0.0821389
-0.0360859
-0.0378647
0.0197771
0.0259786
0.0856537
0.0632308
-0.0683479
0.0186445
-0.00523898
0.0415791
0.0101776
-0.0620869
-0.0300428
-0.0524356
-0.0494981
0.0565719
0.043765
0.0508698
0.00123237
-0.0661046
-0.0615267
-0.00734508
-0.0361522
-0.0581798
-0.104841
-0.0617729
-0.0417515
0.0181337
-0.0854825
-0.0374749
0.0410169
0.0255148
0.0601723
0.0207957
0.0151364
-0.0700014
-0.124809
-0.0989964
-0.133354
-0.0549263
0.02044
-0.000694075
0.0264647
0.0708016
0.105562
0.136459
0.113119
0.00611037
0.0355208
0.0145721
-0.0398985
0.00431633
0.0211294
-0.00825082
0.0525779
0.0517926
0.00677558
-0.0309292
0.00925942
0.0616969
-0.00174983
-0.0141964
0.0111512
-0.0488021
-0.000488762
0.00811034
0.0132138
-0.0822205
-0.0631007
-0.0875813
-0.0465707
-0.0115118
0.00131868
0.0530035
-0.00732062
0.0259588
0.0590245
0.0702925
-0.0162188
-0.00863843
-0.0164862
-0.0183507
0.0075435
0.0846592
0.0850905
0.045395
-0.0370247
0.0239018
0.0115772
0.0349511
0.0900161
0.045293
-0.0224741
0.0215228
0.00021296
-0.0182081
-0.0810785
-0.0532585
-0.00939628
-0.0616476
-0.0479351
-0.087093
-0.0473266
-0.00303648
0.0223345
0.0519639
0.106867
0.0510457
0.0851311
0.0318186
0.052138
-0.00870303
-0.0315314
0.000355387
-0.0747417
-0.0113701
0.0379157
0.0164843
0.0614996
0.0856638
0.0413117
-0.0448693
-0.0626002
-0.0474041
-0.0426986
-0.0874244
-0.082561
-0.0884067
-0.0976853
-0.0463323
0.0904576
0.073439
0.01751
0.0454044
0.0501576
0.0984919
0.124408
0.0332783
0.0386223
-0.00404076
-0.0235455
-0.00800248
-0.052757
-0.147049
-0.0651798
-0.0276776
-0.0265833
-0.0628212
-0.0682621
-0.00936358
-0.039557
-0.0357994
0.010969
0.0279003
0.032114
-0.00276556
0.0127291
-0.0158577
0.0067193
0.0788606
0.0250696
0.0394038
0.0583677
0.102431
0.0512536
0.00939637
0.0412227
0.0877537
0.0733547
0.0918306
-0.00199097
-0.0335361
-0.0174341
-0.071168
-0.0846535
-0.00815502
0.0311354
0.00170702
0.00794504
-0.0102388
-0.0102977
-0.0429352
0.00329685
-0.000425235
0.0129789
0.00446549
-0.0126335
-0.034021
-0.0266367
-0.0979419
-0.0221621
-0.0331582
-0.0674038
-0.103534
-0.000310792
0.0365999
-0.0360937
-0.021916
-0.0491483
0.0220191
0.00238395
-0.0147919
0.0142053
0.000593965
-0.0367795
-0.0693314
-0.0342405
-0.0217923
-0.05927
-0.0248463
-0.0167726
0.0399841
-0.00980125
0.0556195
0.0613961
-0.0381874
0.0601993
0.108851
0.0995965
0.0853056
-0.0240831
0.0554409
0.0183597
-0.0363073
-0.0385964
-0.0785025
-0.058862
-0.0543639
0.0151839
0.126311
0.0823542
-0.0256231
0.0131887
-0.0423041
-0.0609321
-0.0435758
-0.0436854
-0.0839204
-0.0159772
-0.0377464
-0.00558501
-0.00721564
0.0352851
0.0445292
0.0312495
-0.0610331
-0.00119145
-0.0576578
-0.0737379
-0.00195621
0.019975
0.0806211
0.081746
0.0776585
0.0801689
0.0248902
-0.0719995
-0.0365425
0.00683944
0.072221
0.00838018
-0.0276528
0.0313421
0.0145056
-0.0786261
-0.171974
-0.0563364
-0.0339106
-0.0302254
-0.0451961
-0.0133497
0.0347679
0.0279612
-0.0379663
-0.0311249
-0.0906536
0.0351393
-0.070312
-0.0561879
-0.00895849
0.0377323
0.0984638
0.0642697
0.0421696
0.102068
0.128836
0.0361823
0.0485942
0.0874096
0.112003
-0.0174334
-0.0532499
-0.0611345
-0.0326914
-0.178108
-0.155254
-0.182888
-0.108567
-0.0470773
0.104721
0.0243185
-0.0531684
0.069943
0.0658586
0.0643594
-0.0891622
-0.18557
-0.0206034
-0.117407
-0.133844
0.0521753
0.0770183
0.101561
0.10119
0.140418
0.0821269
0.19041
0.146393
0.0263918
-0.0319929
-0.202569
0.00209299
0.0512552
-0.13984
-0.171652
-0.055119
-0.159884
-0.0510748
0.0323988
0.0162189
-0.0601115
0.106525
0.0120675
0.0588004
0.0244931
0.0584627
0.189235
0.111729
0.0381729
-0.0301456
0.0762844
0.0626742
0.00526448
-0.118825
-0.0407765
0.0227697
-0.0422672
0.0386695
0.0506086
-0.0455579
0.0825446
-0.0505508
-0.163474
-0.145125
-0.101463
0.00701489
0.0115969
0.012935
-0.0887307
0.00757379
0.00442209
0.0335179
0.0701181
0.0249864
-0.0231614
-0.0402409
0.0993639
0.235168
0.138676
0.0474521
0.0630588
-0.0301896
0.0810518
-0.0336014
-0.169437
-0.0703853
-0.142311
-0.0892668
0.0527114
-0.0293158
-0.0887579
0.00978852
-0.0130733
-0.00600911
-0.0160489
0.00654644
0.122764
0.0527813
0.054415
-0.00196692
0.0458471
-0.00249175
-0.0570791
-0.00332443
-0.0956544
0.0385477
0.0677661
0.122999
0.118353
-0.049712
0.0830628
0.00451345
-0.106315
-0.0431189
-0.130995
-0.182542
-0.164346
-0.149393
0.0130684
0.0142142
-0.0494777
-0.166784
-0.0170505
-0.0751435
0.0275128
0.261171
0.363869
0.102061
-0.0871687
-0.0844117
0.105908
-0.00615322
0.0577861
-0.0917257
-0.0606542
-0.0557871
0.00398344
0.0681706
0.0853691
0.081884
0.125355
0.196974
-0.236513
-0.158659
-0.166761
0.0644822
0.133058
0.00189411
0.00642242
-0.194058
-0.150301
0.113356
-0.000721687
-0.132779
-0.00403413
-0.00586579
0.222372
0.199936
0.136289
0.14154
0.258651
-0.225633
-0.191781
-0.0378252
-0.122866
0.00989837
0.0247865
0.0107151
0.0321884
-0.0373199
0.0721207
0.0295986
-0.105735
0.00434254
-0.0648099
-0.299532
-0.128925
0.0568499
-0.0366645
0.230473
-0.0276782
-0.0308122
-0.0523042
-0.226756
0.12199
-0.0276039
0.231742
0.281011
-0.0879998
-0.0375875
0.0911203
0.0938915
0.00208315
0.0293117
-0.0361952
-0.165191
-0.0640774
-0.225574
-0.0931271
0.24128
0.0599134
0.508221
-0.114406
-0.132625
-0.0465185
0.0820574
0.209207
-0.24864
-0.206765
0.226615
-0.112123
0.150898
0.14553
0.0638327
-0.174148
-0.00520667
0.27888
-0.252142
-0.0713553
0.0903656
0.304308
-0.0849367
-0.540601
0.0273348
-0.120738
-0.31887
0
