1.00851
0.999492
0.99063
0.981791
0.973105
0.964536
0.956082
0.947968
0.939922
0.931941
0.924026
0.916206
0.90851
0.900905
0.893359
0.885871
0.87847
0.871124
0.863803
0.856535
0.84938
0.842305
0.835281
0.828305
0.821436
0.814672
0.808038
0.801563
0.795158
0.788794
0.782526
0.776352
0.770272
0.764256
0.758275
0.752356
0.746498
0.740701
0.734837
0.729091
0.723407
0.717839
0.712252
0.706777
0.701309
0.695925
0.690598
0.685379
0.680239
0.675154
0.670019
0.664937
0.659908
0.654904
0.650051
0.645271
0.640465
0.635805
0.631191
0.626598
0.621962
0.617423
0.612859
0.60839
0.603966
0.599588
0.595277
0.591009
0.586762
0.582535
0.578349
0.57425
0.570192
0.566267
0.562381
0.558555
0.554743
0.550968
0.547207
0.54346
0.539769
0.536092
0.532584
0.529108
0.525686
0.522253
0.518852
0.515503
0.512184
0.508917
0.505679
0.502427
0.499182
0.495923
0.492691
0.489465
0.486266
0.483072
0.479925
0.476763
0.473627
0.470475
0.46727
0.46405
0.460875
0.457711
0.45459
0.451434
0.448317
0.445183
0.442068
0.438935
0.435822
0.432748
0.429618
0.426507
0.423416
0.420364
0.41733
0.414297
0.411283
0.408269
0.405273
0.402315
0.399356
0.396515
0.393692
0.390867
0.38806
0.385288
0.382497
0.379686
0.376875
0.374103
0.371349
0.368631
0.365931
0.363284
0.360673
0.358078
0.355447
0.352833
0.350236
0.347585
0.344935
0.342283
0.339683
0.337134
0.334584
0.332049
0.329514
0.327006
0.324515
0.322091
0.3197
0.317375
0.315083
0.312738
0.310409
0.308112
0.30583
0.303639
0.301447
0.299286
0.297124
0.294976
0.292827
0.290709
0.288604
0.286546
0.284486
0.282423
0.280374
0.278323
0.276269
0.274213
0.272218
0.27022
0.268234
0.266231
0.264225
0.262247
0.260251
0.258385
0.25653
0.254688
0.252872
0.251023
0.2492
0.247373
0.245588
0.2438
0.242037
0.24027
0.238484
0.23671
0.23499
0.233311
0.231626
0.229953
0.228289
0.22662
0.224962
0.223314
0.221718
0.220132
0.218542
0.216946
0.215374
0.213797
0.212317
0.210847
0.2094
0.207961
0.206531
0.205096
0.203642
0.202197
0.20076
0.199331
0.197925
0.196541
0.195165
0.193784
0.19241
0.191018
0.18962
0.188203
0.186808
0.185407
0.184015
0.18263
0.18124
0.179884
0.17851
0.177082
0.175662
0.174263
0.172934
0.171586
0.170259
0.168913
0.167573
0.166203
0.164839
0.16347
0.162107
0.160695
0.15929
0.157839
0.15642
0.155019
0.153638
0.152342
0.151052
0.149855
0.148651
0.147466
0.146287
0.145183
0.144085
0.143005
0.141906
0.140813
0.139811
0.138814
0.13781
0.136812
0.135819
0.134819
0.133824
0.132847
0.131886
0.130919
0.129957
0.128975
0.127987
0.127004
0.126026
0.125053
0.124073
0.12311
0.12214
0.121152
0.120156
0.119166
0.11818
0.117188
0.11619
0.115196
0.114184
0.113188
0.112186
0.111177
0.110208
0.10922
0.10826
0.107293
0.106387
0.105486
0.104583
0.103684
0.1028
0.101921
0.101035
0.100153
0.0992025
0.0982456
0.097293
0.0963447
0.0954229
0.0945053
0.0935808
0.0926496
0.0917226
0.0908106
0.0899137
0.0890099
0.0881101
0.0872252
0.0863442
0.0854563
0.0845938
0.0837459
0.082891
0.0820506
0.0812138
0.0803807
0.0795406
0.0786935
0.0778501
0.0770103
0.0761741
0.0753311
0.0744916
0.0736452
0.072792
0.0719215
0.0710547
0.0702435
0.0694253
0.0686106
0.067789
0.0669913
0.066197
0.0653753
0.0645671
0.0637623
0.0629608
0.062183
0.0614083
0.0606368
0.0598685
0.0591033
0.0583311
0.0575821
0.0568992
0.0562192
0.055542
0.0548775
0.0542258
0.0536294
0.0530356
0.0524443
0.0518753
0.051289
0.0507052
0.0500943
0.049486
0.0488901
0.0482869
0.0476862
0.0470782
0.046463
0.0458504
0.0452113
0.0445844
0.0439697
0.0433672
0.0427768
0.0421888
0.0415936
0.0409913
0.0404105
0.0398225
0.0392369
0.0386346
0.0380348
0.0374374
0.0368423
0.0362685
0.0357158
0.0351372
0.0345608
0.0339867
0.0333962
0.0328173
0.03225
0.0317129
0.0311778
0.0306542
0.0301233
0.0295946
0.0290495
0.0285064
0.0279655
0.0274267
0.0269083
0.0264011
0.0258958
0.0253925
0.0249002
0.0244008
0.0238942
0.0233805
0.0228597
0.0223319
0.0218061
0.0212822
0.0207783
0.0202764
0.0197852
0.0192959
0.0188263
0.0183674
0.0178925
0.0174104
0.0169302
0.0164694
0.0160799
0.0157096
0.0153319
0.0149556
0.0145808
0.0141811
0.0137917
0.013395
0.0130086
0.0126236
0.0122401
0.0118666
0.0115033
0.0111586
0.0108066
0.0104559
0.0101151
0.00977567
0.00942033
0.00904918
0.00867941
0.0083698
0.00805283
0.00773702
0.0073969
0.00704955
0.00672039
0.00639243
0.006091
0.00580753
0.00552511
0.00525214
0.0049718
0.00470924
0.00444766
0.00418705
0.00394408
0.00368537
0.00342761
0.00316251
0.00291495
0.0026683
0.00242257
0.00218599
0.00194205
0.001699
0.00147327
0.00124017
0.00099975
0.000760202
0.000537854
0.000300022
4.67743e-05
-0.000205566
-0.000473236
-0.000756168
-0.00106239
-0.00136755
-0.00167167
-0.00198281
-0.00229288
-0.0026019
-0.00289382
-0.00319276
-0.00349068
-0.00381156
-0.00412338
-0.0044262
-0.00466589
-0.00491272
-0.00514287
-0.00538018
-0.00564833
-0.00592351
-0.00618991
-0.00645545
-0.00673585
-0.00701537
-0.00729399
-0.00757172
-0.00787203
-0.0081714
-0.00846983
-0.00877512
-0.00907168
-0.00937508
-0.0096853
-0.00999457
-0.0102952
-0.0105948
-0.0108781
-0.0111374
-0.0113883
-0.0116383
-0.0118876
-0.0121284
-0.012317
-0.0125051
-0.0126927
-0.0128796
-0.0130584
-0.0132443
-0.0134372
-0.013622
-0.0138062
-0.0139974
-0.0141881
-0.0143706
-0.0145602
-0.0147342
-0.0149076
-0.0150506
-0.0151855
-0.0152704
-0.01537
-0.0154843
-0.0156206
-0.0157074
-0.0157941
-0.0158805
-0.0159304
-0.0159727
-0.0160224
-0.0160645
-0.0161213
-0.016178
-0.0162419
-0.0163057
-0.016362
-0.0164181
-0.0164888
-0.016552
-0.0166151
-0.016678
-0.0167261
-0.0167742
-0.0168148
-0.0168699
-0.0169249
-0.0169725
-0.0170273
-0.0170747
-0.0171147
-0.0171474
-0.0171872
-0.0172342
-0.0172739
-0.0173207
-0.0173602
-0.0174068
-0.0174605
-0.0175141
-0.0175675
-0.0176352
-0.0177027
-0.0177701
-0.0178517
-0.0179402
-0.0180214
-0.0181024
-0.0181833
-0.018264
-0.0183587
-0.0184533
-0.0185618
-0.0186843
-0.0188207
-0.0189568
-0.0190856
-0.0192142
-0.0193354
-0.0194634
-0.0195701
-0.0196766
-0.0197454
-0.0198072
-0.0198618
-0.0199164
-0.019964
-0.0200115
-0.020059
-0.0201135
-0.0201679
-0.0202153
-0.0202626
-0.02031
-0.0203642
-0.0204114
-0.0204587
-0.0204578
-0.020457
-0.0204563
-0.0204418
-0.0204273
-0.0204061
-0.0203849
-0.0203569
-0.0203359
-0.020315
-0.020301
-0.0202802
-0.0202527
-0.0202252
-0.0201979
-0.0201706
-0.0201366
-0.0200959
-0.0200484
-0.0199874
-0.0199061
-0.0198318
-0.0197645
-0.0196973
-0.0196303
-0.0195635
-0.0195022
-0.0194275
-0.0193666
-0.0193059
-0.0192521
-0.0192466
-0.0192344
-0.0192222
-0.0192236
-0.0192251
-0.01924
-0.0192084
-0.0191836
-0.0191723
-0.0191678
-0.01915
-0.0191456
-0.0191412
-0.0191436
-0.0191065
-0.0190694
-0.0190324
-0.0189955
-0.0189587
-0.0189286
-0.0188987
-0.0188688
-0.0188324
-0.0187894
-0.0187466
-0.0187105
-0.0186678
-0.0186319
-0.018596
-0.0185802
-0.0185577
-0.0185288
-0.0184999
-0.0185107
-0.0185149
-0.018519
-0.0185297
-0.0185403
-0.0185509
-0.0185549
-0.0185522
-0.0185562
-0.01856
-0.0185573
-0.0185611
-0.0185715
-0.0185883
-0.0185985
-0.0186022
-0.0186123
-0.0186612
-0.0187486
-0.0188423
-0.0189163
-0.0189646
-0.0190063
-0.0190033
-0.0190134
-0.0190105
-0.0190077
-0.0190049
-0.0189957
-0.0189425
-0.0188895
-0.0188237
-0.0187581
-0.0186992
-0.0186468
-0.0186011
-0.0185619
-0.0185165
-0.0184712
-0.0184261
-0.0183811
-0.0183491
-0.0183173
-0.0182856
-0.0182541
-0.0182227
-0.0181914
-0.0181602
-0.0181228
-0.018092
-0.0180612
-0.018037
-0.0180066
-0.0179827
-0.0179653
-0.0179416
-0.017918
-0.017901
-0.0178777
-0.0178418
-0.0178124
-0.017764
-0.0177157
-0.017674
-0.0176324
-0.0175973
-0.0175624
-0.0175148
-0.0174611
-0.0173884
-0.0173159
-0.01725
-0.0171905
-0.0171312
-0.0170721
-0.0170067
-0.0169479
-0.0169019
-0.016856
-0.0168103
-0.0167647
-0.0167066
-0.0166423
-0.0165782
-0.0165142
-0.0164504
-0.0163742
-0.0162981
-0.0162284
-0.0161589
-0.0161022
-0.0160394
-0.0159767
-0.0159141
-0.0158517
-0.0157894
-0.0157336
-0.0156779
-0.0156161
-0.0155545
-0.0154867
-0.0154685
-0.0154505
-0.0154262
-0.0154021
-0.0153844
-0.0153731
-0.0153556
-0.0153382
-0.0153334
-0.0153225
-0.0153117
-0.0153072
-0.0153028
-0.0153048
-0.0153069
-0.0152966
-0.0152864
-0.0153192
-0.0153458
-0.01536
-0.0153742
-0.0153885
-0.015403
-0.0154112
-0.0154258
-0.0154467
-0.0154676
-0.0154887
-0.0155035
-0.0155123
-0.0155273
-0.0155487
-0.015594
-0.0156457
-0.0157036
-0.0157678
-0.0158382
-0.0159149
-0.0159917
-0.0160684
-0.0161329
-0.0162035
-0.0162804
-0.0163574
-0.0164406
-0.0165238
-0.0166009
-0.016678
-0.0167428
-0.0168076
-0.0168787
-0.016956
-0.0170334
-0.0171108
-0.0172007
-0.0172968
-0.0174191
-0.0174991
-0.0175792
-0.017653
-0.0177083
-0.0177513
-0.0177943
-0.0178373
-0.0178803
-0.0179296
-0.0179788
-0.0180342
-0.0180773
-0.0181204
-0.0181256
-0.0181371
-0.0181548
-0.0181664
-0.0181905
-0.0182146
-0.018245
-0.0182632
-0.0182876
-0.0183183
-0.0183367
-0.0183491
-0.0183677
-0.0183865
-0.0184053
-0.0184304
-0.0184555
-0.0184746
-0.0184938
-0.0185131
-0.0185325
-0.018552
-0.0185778
-0.0186036
-0.0186295
-0.0186555
-0.0186817
-0.0187079
-0.0187342
-0.0187545
-0.0187748
-0.0187892
-0.0188036
-0.0188243
-0.0188389
-0.0188475
-0.0188562
-0.0188589
-0.0188555
-0.0188523
-0.018843
-0.01884
-0.0188309
-0.0188342
-0.0188315
-0.0188289
-0.0188141
-0.0188297
-0.0188515
-0.0188733
-0.0189013
-0.0189232
-0.0189451
-0.018961
-0.0189707
-0.0189744
-0.0189904
-0.0190065
-0.0190164
-0.0190495
-0.0190887
-0.0191402
-0.0191918
-0.0192555
-0.0193255
-0.0194016
-0.0194715
-0.0195538
-0.0196361
-0.0197184
-0.0198007
-0.0199127
-0.0200599
-0.0202131
-0.0203724
-0.0205316
-0.0206907
-0.020862
-0.0210333
-0.0212045
-0.0213695
-0.0215345
-0.0216994
-0.0218582
-0.0220108
-0.0221695
-0.022322
-0.0224745
-0.0226209
-0.0227611
-0.0229013
-0.0230415
-0.0231877
-0.0233338
-0.0234861
-0.0236382
-0.0237903
-0.0239485
-0.0241066
-0.0242647
-0.0244167
-0.0245626
-0.0247084
-0.0248833
-0.0250521
-0.0252269
-0.0254078
-0.0256008
-0.0257937
-0.0259866
-0.0261795
-0.0263723
-0.0266056
-0.0268388
-0.0270719
-0.0272988
-0.0275256
-0.0277524
-0.0279669
-0.0281813
-0.0283835
-0.0285856
-0.0287877
-0.0289896
-0.0291915
-0.0294054
-0.0296131
-0.0298268
-0.0300465
-0.0302309
-0.0304091
-0.0305812
-0.0307472
-0.0309071
-0.0310668
-0.0312265
-0.0313862
-0.0315457
-0.0316991
-0.0318585
-0.0320299
-0.0322012
-0.0323723
-0.0325435
-0.0326934
-0.0328434
-0.0329934
-0.0331434
-0.0332933
-0.0334373
-0.0335692
-0.0337011
-0.0338683
-0.0340416
-0.0342148
-0.0343881
-0.0345674
-0.0347467
-0.034932
-0.0351113
-0.0352907
-0.035476
-0.0356614
-0.0358468
-0.0360322
-0.0362237
-0.0364151
-0.0366329
-0.0368506
-0.0370682
-0.0372798
-0.0374973
-0.0377028
-0.0379082
-0.0381196
-0.0383309
-0.0385422
-0.0387534
-0.0389706
-0.0391878
-0.0394049
-0.0396279
-0.039851
-0.0400739
-0.0402614
-0.0404488
-0.0406362
-0.0408235
-0.0410108
-0.04121
-0.0414031
-0.0415902
-0.0417773
-0.0419391
-0.0421009
-0.0422628
-0.0424248
-0.0425867
-0.0427547
-0.0429287
-0.0431027
-0.0432648
-0.043427
-0.0435951
-0.0437574
-0.0439256
-0.0441119
-0.0442922
-0.0444725
-0.0446469
-0.0448214
-0.0449959
-0.0451764
-0.045363
-0.0455496
-0.0457303
-0.0459111
-0.0460978
-0.0462787
-0.0464655
-0.0466525
-0.0468395
-0.0470265
-0.0472076
-0.0473594
-0.0474757
-0.0475981
-0.0477206
-0.0478313
-0.0479481
-0.048065
-0.0481701
-0.0482693
-0.0483686
-0.0484681
-0.0485676
-0.0486613
-0.048733
-0.0488168
-0.0489009
-0.0489912
-0.0490878
-0.0491906
-0.0492755
-0.0493547
-0.049428
-0.0495137
-0.0496055
-0.0496977
-0.0497542
-0.0498048
-0.0498497
-0.0498948
-0.0499462
-0.0499977
-0.0500495
-0.0500955
-0.0501356
-0.050176
-0.0502044
-0.0502331
-0.050262
-0.050279
-0.0503022
-0.0503136
-0.0503251
-0.0503368
-0.0503487
-0.0503548
-0.050355
-0.0503554
-0.0503498
-0.0503384
-0.0503211
-0.050304
-0.0502932
-0.0502764
-0.0502537
-0.0502313
-0.0502028
-0.0501746
-0.0501466
-0.0501126
-0.050091
-0.0500695
-0.0500544
-0.0500394
-0.0500247
-0.0500101
-0.0499957
-0.0499937
-0.049992
-0.0499781
-0.0499645
-0.0499511
-0.0499439
-0.0499793
-0.050021
-0.0500629
-0.0500989
-0.0501475
-0.0501901
-0.0502329
-0.0502821
-0.0503377
-0.0503936
-0.0504497
-0.0505122
-0.0505811
-0.0506637
-0.0507101
-0.0507568
-0.0508097
-0.0508628
-0.0509098
-0.050957
-0.0510044
-0.0510518
-0.0511119
-0.0511721
-0.0512262
-0.0512805
-0.0513225
-0.0513585
-0.0513946
-0.0514433
-0.0514859
-0.0515287
-0.0515654
-0.0516085
-0.0516517
-0.051695
-0.0517386
-0.0517822
-0.0518015
-0.051821
-0.0518345
-0.051842
-0.0518497
-0.0518515
-0.0518534
-0.0518556
-0.0518517
-0.051848
-0.0518258
-0.05181
-0.0517882
-0.0517666
-0.0517389
-0.051688
-0.0516374
-0.0515871
-0.0515434
-0.0514999
-0.0514567
-0.0514201
-0.0513837
-0.0513414
-0.0512993
-0.0512575
-0.0511969
-0.0511366
-0.0510703
-0.0509978
-0.0509192
-0.0508281
-0.050715
-0.0506022
-0.050496
-0.05039
-0.0502715
-0.0501469
-0.0500161
-0.049892
-0.0497616
-0.0496315
-0.049508
-0.0493912
-0.0492746
-0.0491583
-0.0490487
-0.0489264
-0.0488109
-0.0486891
-0.048574
-0.0484592
-0.0483512
-0.0482369
-0.0481294
-0.0480222
-0.0479217
-0.0478216
-0.0477217
-0.0476221
-0.0475228
-0.0474304
-0.0473449
-0.0472597
-0.0471682
-0.0470639
-0.0469664
-0.0468627
-0.0467593
-0.0466561
-0.0465599
-0.046464
-0.0463684
-0.0462731
-0.0461782
-0.0460835
-0.0459892
-0.0458952
-0.0458015
-0.0457149
-0.0456286
-0.0455292
-0.0454302
-0.0453314
-0.045233
-0.0451484
-0.0450574
-0.0449668
-0.0448697
-0.044773
-0.0446698
-0.0445669
-0.0444644
-0.044369
-0.0442739
-0.0441792
-0.0440848
-0.0439908
-0.0438971
-0.043797
-0.0436972
-0.0435908
-0.0434848
-0.0433791
-0.0433045
-0.0432372
-0.0431633
-0.0430966
-0.0430234
-0.0429506
-0.0429089
-0.0428606
-0.0428573
-0.0428545
-0.0428521
-0.0428052
-0.042739
-0.0426731
-0.0426076
-0.0425425
-0.0424778
-0.0424135
-0.0423496
-0.042279
-0.0422089
-0.0421391
-0.0420697
-0.0420008
-0.0419251
-0.0418498
-0.041782
-0.0417003
-0.0416119
-0.0414857
-0.0413599
-0.0412345
-0.0411021
-0.0409701
-0.0408312
-0.0406925
-0.0405469
-0.0404016
-0.0402565
-0.0401117
-0.0399673
-0.0398157
-0.0396718
-0.0395282
-0.0393849
-0.0392345
-0.0390844
-0.0389346
-0.0387971
-0.0386599
-0.0385378
-0.0384086
-0.0382796
-0.0381509
-0.0380225
-0.0378944
-0.0377715
-0.0376488
-0.0375338
-0.037419
-0.0373045
-0.0371826
-0.037015
-0.0368475
-0.0366801
-0.0365129
-0.0363459
-0.0362055
-0.0360654
-0.0359255
-0.0357859
-0.0356466
-0.0355152
-0.0353842
-0.0352534
-0.035123
-0.0349928
-0.034863
-0.0347335
-0.0345966
-0.0344599
-0.0343236
-0.0341875
-0.0340518
-0.0339085
-0.0337655
-0.0336229
-0.0334805
-0.0333305
-0.0331808
-0.0330234
-0.0328663
-0.0326936
-0.0325243
-0.0323551
-0.032194
-0.0320251
-0.0318402
-0.0316475
-0.0314547
-0.031254
-0.0310533
-0.0308607
-0.030652
-0.0304514
-0.0302427
-0.0300259
-0.0298173
-0.0296478
-0.0294866
-0.0293254
-0.0291643
-0.0290115
-0.0288588
-0.028698
-0.0285373
-0.0283849
-0.0282326
-0.0280805
-0.0279284
-0.0277765
-0.027633
-0.0274897
-0.0273465
-0.0272035
-0.0270522
-0.0269011
-0.0267501
-0.0265992
-0.0264485
-0.0262979
-0.0261475
-0.0259972
-0.0258385
-0.02568
-0.0255216
-0.0253633
-0.0251966
-0.0250299
-0.0248634
-0.0246969
-0.024522
-0.0243384
-0.0241549
-0.0239715
-0.0237881
-0.023596
-0.023404
-0.0232207
-0.0230375
-0.0228543
-0.02268
-0.0225057
-0.0223404
-0.0221752
-0.0220101
-0.021854
-0.0216893
-0.0215157
-0.0213512
-0.0211868
-0.0210226
-0.0208679
-0.0207043
-0.0205407
-0.0204086
-0.0202766
-0.0201446
-0.0200218
-0.0199396
-0.0198576
-0.0197757
-0.019694
-0.0196125
-0.019522
-0.0194316
-0.0193413
-0.0192419
-0.0191427
-0.0190436
-0.0189353
-0.0188271
-0.0187189
-0.0186109
-0.0185029
-0.0183951
-0.0183283
-0.0182618
-0.0181953
-0.0181196
-0.0180346
-0.0179497
-0.0178649
-0.0177706
-0.0176764
-0.0175728
-0.0174692
-0.0173655
-0.0172524
-0.0171392
-0.0170164
-0.0168839
-0.0167609
-0.016638
-0.0165052
-0.0163627
-0.0162201
-0.0160773
-0.0159442
-0.0158109
-0.0156678
-0.0155246
-0.0153812
-0.0152377
-0.015136
-0.0150244
-0.0149126
-0.0148008
-0.0146788
-0.0145567
-0.0144345
-0.0143021
-0.0141795
-0.0140569
-0.013934
-0.0138212
-0.0137082
-0.0136053
-0.0135023
-0.0133891
-0.0132757
-0.0131623
-0.0130487
-0.0129351
-0.0128213
-0.0127075
-0.0125936
-0.0124795
-0.0123654
-0.0122615
-0.0121577
-0.0120537
-0.0119498
-0.0118458
-0.0117522
-0.0116587
-0.0115758
-0.0114824
-0.0113889
-0.0113061
-0.0112234
-0.0111622
-0.0111011
-0.0110403
-0.0109796
-0.010919
-0.0108587
-0.0107985
-0.0107386
-0.0106788
-0.0106302
-0.0106362
-0.0106426
-0.0106495
-0.0106456
-0.010642
-0.0106388
-0.010636
-0.0106335
-0.0106313
-0.0106183
-0.0106056
-0.0105931
-0.010581
-0.0105692
-0.0105578
-0.0105352
-0.0105129
-0.0104909
-0.0104807
-0.0104824
-0.0104961
-0.010566
-0.0106481
-0.0107193
-0.0107911
-0.0108635
-0.0109248
-0.0109986
-0.0110611
-0.0111242
-0.0111761
-0.0112285
-0.0112815
-0.0113471
-0.0114132
-0.011456
-0.0114992
-0.0115429
-0.0115872
-0.0116321
-0.0116774
-0.0117234
-0.0117699
-0.0118169
-0.0118522
-0.0118755
-0.0118868
-0.0118985
-0.0119106
-0.011923
-0.0119359
-0.0119491
-0.0119374
-0.0119259
-0.0119146
-0.0119037
-0.0118929
-0.0118696
-0.0118335
-0.0117975
-0.0117486
-0.0116998
-0.0116247
-0.0115496
-0.0114743
-0.0113988
-0.0113233
-0.0112343
-0.011145
-0.0110421
-0.0109389
-0.0108354
-0.0107452
-0.0106411
-0.0105366
-0.0104319
-0.0103268
-0.0102352
-0.0101295
-0.0100373
-0.009931
-0.00982434
-0.00971735
-0.00961001
-0.00951646
-0.00942266
-0.00932862
-0.00923433
-0.00915413
-0.00909363
-0.00903308
-0.00901591
-0.00899898
-0.00898229
-0.00897141
-0.00896072
-0.00895021
-0.00893989
-0.00892976
-0.00891982
-0.00891009
-0.00890055
-0.00889122
-0.00888209
-0.00887318
-0.00886449
-0.00887116
-0.00886295
-0.00887021
-0.0088778
-0.00887039
-0.00886322
-0.00885629
-0.00886509
-0.00885872
-0.00885261
-0.00881552
-0.00876283
-0.0087101
-0.00864157
-0.00858875
-0.00853589
-0.00851488
-0.00849405
-0.00847342
-0.00843689
-0.00840046
-0.00836413
-0.00834415
-0.00832438
-0.00830484
-0.00830193
-0.00829937
-0.00829715
-0.00831188
-0.00831044
-0.00829267
-0.00827515
-0.0082579
-0.00824093
-0.00822422
-0.00820781
-0.00819168
-0.00819298
-0.00812838
-0.00808122
-0.00801708
-0.00795315
-0.00788944
-0.00782596
-0.00780984
-0.00779424
-0.00777917
-0.00774684
-0.00771491
-0.00768339
-0.0076523
-0.00762165
-0.00757323
-0.00750682
-0.00744055
-0.00739289
-0.00734556
-0.00731721
-0.00728938
-0.00724329
-0.00719757
-0.00715224
-0.00708824
-0.00702448
-0.00696096
-0.00689769
-0.0068347
-0.00677198
-0.00670956
-0.00660796
-0.00650628
-0.00642447
-0.00634281
-0.00626129
-0.00617993
-0.00609875
-0.00601775
-0.00593695
-0.00585636
-0.005776
-0.00574548
-0.00571516
-0.00568506
-0.00567641
-0.00566823
-0.00570998
-0.00575215
-0.00577304
-0.00579411
-0.00581448
-0.00583503
-0.00590512
-0.0059754
-0.00604586
-0.00613901
-0.00616057
-0.00618231
-0.00615488
-0.00612764
-0.00610061
-0.00609702
-0.00609391
-0.00604432
-0.00599473
-0.00594512
-0.00589552
-0.00584481
-0.00579398
-0.00574305
-0.00564258
-0.00554193
-0.00541651
-0.00526596
-0.00513957
-0.00501277
-0.00491064
-0.00480836
-0.00470593
-0.00460336
-0.00450066
-0.00439784
-0.004269
-0.00413978
-0.00401019
-0.00385389
-0.00369694
-0.00353933
-0.00338106
-0.00322213
-0.00308961
-0.00292953
-0.0027688
-0.00260741
-0.00244538
-0.00233265
-0.00221928
-0.00210524
-0.00199055
-0.0018752
-0.00173048
-0.00158474
-0.00143798
-0.00129016
-0.0011413
-0.000991364
-0.000840353
-0.000688253
-0.000535052
-0.000380739
-0.0002253
-6.87259e-05
8.8997e-05
0.000216711
0.000376556
0.000537584
0.000667995
0.000767145
0.000866617
0.000933926
0.00100108
0.001101
0.00120923
0.0013181
0.00142762
0.0015378
0.00161464
0.00169169
0.00173451
0.00177709
0.00181939
0.0018614
0.00190311
0.00190888
0.0019138
0.00191786
0.001921
0.0019232
0.00192441
0.0019246
0.00192372
0.00192174
0.00188065
0.00187603
0.00182171
0.00176622
0.00170951
0.00165155
0.0015923
0.00153172
0.00146978
0.00140641
0.0013416
0.00127527
0.00115991
0.00104321
0.000882851
0.000763071
0.000641881
0.000519253
0.000395159
0.000269572
0.000142463
1.38014e-05
-7.1105e-05
-0.000202552
-0.000289469
-0.000377203
-0.000465761
-0.000555151
-0.000645379
-0.000736455
-0.000871649
-0.000957608
-0.00109247
-0.00122733
-0.00136211
-0.00149675
-0.00163118
-0.00176533
-0.00188129
-0.00199757
-0.00211414
-0.00223096
-0.00234799
-0.00246519
-0.00252647
-0.00258671
-0.00264583
-0.00270372
-0.00276028
-0.00281541
-0.002869
-0.00292091
-0.00297102
-0.00295768
-0.0029409
-0.00292046
-0.00286163
-0.0027997
-0.00270104
-0.00260009
-0.00249676
-0.00239095
-0.00228258
-0.00217154
-0.00205773
-0.00194103
-0.00182134
-0.00169852
-0.00157246
-0.001443
-0.00131
-0.00117332
-0.00101094
-0.00084699
-0.00068151
-0.000595726
-0.000510917
-0.000427252
-0.000344915
-0.000264111
-0.000185062
-9.77669e-05
-1.02683e-05
7.73584e-05
7.22755e-05
6.44008e-05
5.3501e-05
3.93225e-05
2.15891e-05
-2.71198e-15
-2.61131e-15
-2.64724e-15
-2.54294e-15
-2.579e-15
-2.18012e-15
-2.50694e-15
-2.39453e-15
-2.12685e-15
-2.1595e-15
-1.72322e-15
-1.59143e-15
-1.29369e-15
-1.39713e-15
-1.16981e-15
-1.01976e-15
-7.78076e-16
-6.15857e-16
-4.47814e-16
-2.73617e-16
-9.29119e-17
-9.46851e-17
0
0
0
2.05066e-16
2.09416e-16
4.27921e-16
2.18711e-16
3.35525e-16
2.28892e-16
1.17177e-16
0
-1.23061e-16
-1.26235e-16
0
1.33112e-16
0
1.40799e-16
0
0
-7.70946e-17
-7.96239e-17
-1.64656e-16
-2.55674e-16
-3.53346e-16
-2.75063e-16
-3.81227e-16
-4.96138e-16
-4.13958e-16
-4.32555e-16
-3.39693e-16
-3.56497e-16
-2.50047e-16
-1.31903e-16
-1.39591e-16
-1.48241e-16
-7.90219e-17
0
9.10873e-17
0
1.0754e-16
0
0
0
8.43263e-17
9.83314e-17
0
0
-9.81836e-17
0
0
