1
0.990823
0.982068
0.973399
0.96475
0.956364
0.948155
0.940159
0.932035
0.924026
0.916226
0.908392
0.900492
0.892711
0.885343
0.87804
0.870719
0.863651
0.856534
0.849456
0.842559
0.835556
0.828503
0.821489
0.814707
0.808183
0.801754
0.795512
0.789357
0.783453
0.777766
0.772372
0.766911
0.761281
0.755511
0.749647
0.743883
0.738358
0.732804
0.727314
0.721887
0.716458
0.710834
0.705223
0.699755
0.694319
0.688981
0.683691
0.678466
0.673451
0.668439
0.663314
0.658089
0.652822
0.64756
0.642204
0.637006
0.631799
0.62679
0.621782
0.616704
0.611725
0.606867
0.601977
0.596943
0.592078
0.587172
0.582345
0.57741
0.572599
0.567817
0.563171
0.558668
0.554131
0.549725
0.544936
0.540378
0.535844
0.531227
0.526632
0.522286
0.517973
0.51361
0.509331
0.505197
0.501146
0.496967
0.492964
0.489072
0.484948
0.48113
0.477284
0.473474
0.469634
0.465571
0.461642
0.457671
0.453724
0.449917
0.446099
0.44224
0.438095
0.434045
0.430105
0.426289
0.422493
0.418563
0.414747
0.411004
0.407458
0.40382
0.400351
0.396956
0.393556
0.390086
0.386657
0.3834
0.380239
0.37721
0.374234
0.371287
0.368261
0.365356
0.362359
0.359394
0.356545
0.353642
0.350563
0.347471
0.344498
0.341482
0.338512
0.335478
0.332557
0.329642
0.326701
0.323618
0.320524
0.317449
0.314562
0.311344
0.308249
0.305109
0.30208
0.29906
0.295874
0.292813
0.289683
0.286662
0.283743
0.280864
0.278185
0.275469
0.272689
0.269981
0.267242
0.264564
0.26182
0.259141
0.256784
0.25445
0.252268
0.249911
0.247414
0.244995
0.242643
0.240399
0.238391
0.236248
0.234036
0.231809
0.229718
0.227805
0.225723
0.223523
0.221416
0.219559
0.217564
0.215663
0.213659
0.211603
0.209389
0.207403
0.20544
0.20343
0.201374
0.199192
0.196968
0.19489
0.192846
0.190991
0.189215
0.187615
0.18593
0.184258
0.182792
0.181309
0.179875
0.178339
0.176815
0.175096
0.173496
0.171868
0.170389
0.169171
0.168175
0.167231
0.166305
0.165519
0.164991
0.164576
0.164205
0.163766
0.163541
0.163216
0.162707
0.162404
0.162065
0.161835
0.161364
0.160966
0.160499
0.159995
0.159274
0.158708
0.158125
0.157754
0.157623
0.15763
0.157717
0.157846
0.15808
0.158394
0.158546
0.158749
0.159
0.159206
0.159168
0.158952
0.158893
0.158873
0.158935
0.159119
0.159274
0.159598
0.159716
0.159749
0.159759
0.15976
0.159647
0.159556
0.159136
0.158652
0.158199
0.157711
0.157187
0.156532
0.155749
0.15514
0.154705
0.154175
0.153629
0.153253
0.153169
0.152852
0.152639
0.152431
0.152044
0.151846
0.151513
0.151213
0.150622
0.149967
0.149351
0.148581
0.147976
0.147641
0.147369
0.14706
0.14677
0.146488
0.1461
0.145673
0.145432
0.145003
0.144765
0.144329
0.143952
0.143719
0.143532
0.143333
0.142812
0.14213
0.141402
0.140832
0.140215
0.139511
0.138755
0.137915
0.137269
0.136683
0.136021
0.135348
0.134549
0.133676
0.132683
0.131548
0.130504
0.12946
0.128208
0.126741
0.125408
0.124011
0.122595
0.121307
0.120185
0.119215
0.118507
0.117591
0.116813
0.11598
0.114988
0.114068
0.112852
0.111578
0.110228
0.108979
0.107734
0.106675
0.105532
0.10433
0.10337
0.10246
0.101482
0.1004
0.099283
0.0981842
0.097173
0.0959561
0.0948952
0.0938488
0.0928002
0.0918139
0.0908755
0.0898183
0.0887881
0.0879014
0.0871319
0.0865147
0.0855984
0.084441
0.0832907
0.0821141
0.0808966
0.0796904
0.0786426
0.0774314
0.0760148
0.074587
0.0732598
0.0720387
0.0709158
0.0697841
0.0686825
0.0676899
0.0667789
0.0657682
0.0648097
0.0641666
0.0633542
0.062601
0.061545
0.0605244
0.0595187
0.0585449
0.0577016
0.0568555
0.0560413
0.0553757
0.0546078
0.0536066
0.0525956
0.0514048
0.0500375
0.0486867
0.0473497
0.0455858
0.0438721
0.0422973
0.0409032
0.0396704
0.0387922
0.0378985
0.0369552
0.0359192
0.0347982
0.0336557
0.0325547
0.0314251
0.0303401
0.0292274
0.027985
0.0265547
0.0250383
0.0233766
0.021622
0.019571
0.0176759
0.0158524
0.0141771
0.0126561
0.011148
0.00979392
0.00830346
0.00684071
0.00564331
0.00438589
0.00302769
0.00146774
-0.000100198
-0.0015707
-0.00281497
-0.00416355
-0.00565064
-0.00706482
-0.00839465
-0.00964191
-0.0108485
-0.0119133
-0.0131088
-0.0142367
-0.0153033
-0.0163783
-0.0175011
-0.0184883
-0.0194506
-0.0204541
-0.0213792
-0.02225
-0.0229493
-0.0238378
-0.0246319
-0.0253844
-0.0260857
-0.0267727
-0.027345
-0.0279481
-0.0284383
-0.0289115
-0.0294361
-0.0296986
-0.0302323
-0.0306246
-0.031261
-0.031985
-0.0326437
-0.0332372
-0.0338569
-0.034353
-0.0345395
-0.0348251
-0.0349171
-0.0351699
-0.03557
-0.0361961
-0.036988
-0.0375362
-0.037972
-0.038363
-0.0386905
-0.0391628
-0.0395878
-0.0401165
-0.0407625
-0.0414718
-0.0420473
-0.0426107
-0.0431024
-0.0436923
-0.0444162
-0.0451594
-0.0457918
-0.0465739
-0.0472889
-0.0478986
-0.0484881
-0.0490831
-0.0496847
-0.0504332
-0.0511158
-0.0518317
-0.0526567
-0.0535236
-0.0540774
-0.0546059
-0.0549906
-0.0551927
-0.0551225
-0.0548788
-0.0549107
-0.05498
-0.0551894
-0.0552114
-0.0551782
-0.0549804
-0.0549596
-0.0548758
-0.0549589
-0.0547811
-0.054633
-0.054473
-0.0544574
-0.0543566
-0.0541559
-0.0538961
-0.0534952
-0.0528155
-0.0521882
-0.051664
-0.0514426
-0.0511848
-0.0507327
-0.0504085
-0.050355
-0.0503333
-0.0501612
-0.0498694
-0.0496021
-0.0494972
-0.0493249
-0.0492288
-0.0490011
-0.0487478
-0.0483811
-0.0480955
-0.0475803
-0.0469912
-0.046376
-0.0459485
-0.0457322
-0.0452819
-0.0448629
-0.0443739
-0.0437054
-0.0429593
-0.0423032
-0.04169
-0.0411134
-0.0406637
-0.0401525
-0.0397207
-0.0392703
-0.038853
-0.0385358
-0.0382484
-0.0380771
-0.0380191
-0.0379709
-0.0380324
-0.0381368
-0.0383146
-0.0383016
-0.0385629
-0.0387963
-0.0390286
-0.0393499
-0.0395968
-0.0397121
-0.0396668
-0.0397775
-0.0396256
-0.0395079
-0.0395241
-0.039559
-0.0398177
-0.0400738
-0.0403037
-0.0403116
-0.0403636
-0.0404467
-0.0403617
-0.04036
-0.0403319
-0.0402159
-0.0401007
-0.0400905
-0.0400966
-0.0399467
-0.0396352
-0.0394308
-0.0391613
-0.0388552
-0.0386762
-0.0383151
-0.0376983
-0.0370481
-0.0365182
-0.0358104
-0.0348545
-0.0342303
-0.0338188
-0.0335288
-0.0331606
-0.0328382
-0.0328131
-0.0325261
-0.0324435
-0.0324386
-0.032371
-0.0322026
-0.0318482
-0.0315032
-0.0310663
-0.0306357
-0.0302288
-0.0300133
-0.0299084
-0.0298232
-0.0296531
-0.0295357
-0.0294006
-0.0292691
-0.029166
-0.0290082
-0.0290681
-0.0291313
-0.0289778
-0.028745
-0.0283566
-0.0282275
-0.0281233
-0.0277667
-0.0272944
-0.0267179
-0.0262518
-0.0258791
-0.0256385
-0.0254832
-0.0252642
-0.024895
-0.0244309
-0.0239305
-0.0231338
-0.0223028
-0.0216415
-0.0209486
-0.0202996
-0.0198665
-0.0195789
-0.0192131
-0.018929
-0.0189585
-0.0192111
-0.019439
-0.0196889
-0.0201356
-0.0206994
-0.0211013
-0.021726
-0.0224309
-0.0229186
-0.0234385
-0.0239206
-0.0243292
-0.0246659
-0.0248748
-0.0250301
-0.0251671
-0.0252641
-0.0255984
-0.0258589
-0.026273
-0.0267013
-0.0273983
-0.0282916
-0.0290834
-0.0297347
-0.0303235
-0.0309894
-0.0313462
-0.0316476
-0.0318196
-0.0319918
-0.0322807
-0.0326237
-0.0328765
-0.0329854
-0.0329481
-0.0329773
-0.0330048
-0.0332867
-0.0337132
-0.0340848
-0.0345347
-0.0348472
-0.0351653
-0.0353053
-0.0354848
-0.0355512
-0.035612
-0.0358832
-0.0361172
-0.0362757
-0.0364676
-0.0365932
-0.0365897
-0.036806
-0.0369017
-0.0371153
-0.0372742
-0.0375754
-0.0379084
-0.038318
-0.0387776
-0.0393136
-0.0397505
-0.0402001
-0.0404848
-0.0408596
-0.0414373
-0.041915
-0.0424497
-0.0430543
-0.0436644
-0.0441691
-0.0446326
-0.0452025
-0.0457742
-0.046297
-0.046912
-0.0476218
-0.0483105
-0.0487298
-0.0492004
-0.0496899
-0.0503444
-0.050911
-0.0512765
-0.0517446
-0.0520229
-0.0520224
-0.0519133
-0.0517874
-0.0518124
-0.0519653
-0.0524326
-0.0528179
-0.0532781
-0.0536605
-0.0539568
-0.0542924
-0.0547864
-0.0551629
-0.0554874
-0.0556324
-0.055854
-0.0561651
-0.0563447
-0.0563079
-0.0559103
-0.0555714
-0.0554563
-0.0553349
-0.0549803
-0.054722
-0.054336
-0.0541908
-0.0540686
-0.0540477
-0.0538184
-0.0534314
-0.0528781
-0.052591
-0.0524212
-0.0521172
-0.0519554
-0.0518876
-0.0518004
-0.0517055
-0.0514042
-0.0510168
-0.0505253
-0.0501357
-0.0499735
-0.0499158
-0.0498987
-0.0499543
-0.050081
-0.0502817
-0.0504105
-0.0508635
-0.0514038
-0.0517453
-0.0519789
-0.0521553
-0.0524212
-0.0528987
-0.0533329
-0.0536736
-0.0539984
-0.054189
-0.0542366
-0.054313
-0.0542221
-0.0541885
-0.0540536
-0.0539052
-0.0539592
-0.0541029
-0.0541264
-0.0543156
-0.0543777
-0.0542729
-0.0540694
-0.0541745
-0.0543046
-0.0540997
-0.053832
-0.0537802
-0.0535917
-0.0535024
-0.0533213
-0.0532169
-0.0532814
-0.0532515
-0.0529502
-0.0525575
-0.0521762
-0.0516953
-0.0514477
-0.051254
-0.0509264
-0.0505552
-0.0498696
-0.0493796
-0.0491642
-0.048994
-0.0487084
-0.0481089
-0.0476799
-0.0473146
-0.0466915
-0.0459311
-0.0449694
-0.0440762
-0.0434171
-0.0426961
-0.0418877
-0.0411882
-0.0403274
-0.0395716
-0.0389132
-0.0383517
-0.0377172
-0.0370704
-0.0365353
-0.0362149
-0.0358567
-0.0354792
-0.0350508
-0.0346513
-0.034227
-0.0338086
-0.0332672
-0.0327568
-0.0323919
-0.0320798
-0.0317873
-0.0313276
-0.0310626
-0.0307733
-0.0304484
-0.0303224
-0.03019
-0.0300376
-0.0297421
-0.0293572
-0.0289527
-0.028432
-0.0279373
-0.0274841
-0.0268557
-0.0260787
-0.0251536
-0.0242446
-0.0233308
-0.0226613
-0.0220097
-0.0213992
-0.0208505
-0.0202416
-0.019612
-0.0188767
-0.0181255
-0.0173547
-0.0167523
-0.0162967
-0.0156747
-0.0151856
-0.0147042
-0.0140822
-0.0136064
-0.0133086
-0.0129336
-0.0128525
-0.0128295
-0.0127723
-0.0129592
-0.0132796
-0.0135389
-0.0137591
-0.0139404
-0.01424
-0.014553
-0.0147166
-0.0151878
-0.0154643
-0.0157862
-0.0160184
-0.0161274
-0.0163907
-0.0167513
-0.0173972
-0.0180986
-0.0188626
-0.0196453
-0.020281
-0.0208508
-0.0216082
-0.0221224
-0.0226568
-0.0229506
-0.0232345
-0.0235436
-0.023827
-0.0239852
-0.0243537
-0.0247053
-0.024912
-0.0254851
-0.0261548
-0.026766
-0.0274356
-0.0280283
-0.0284733
-0.0287749
-0.0289606
-0.0290141
-0.0292087
-0.0294782
-0.0296021
-0.0296944
-0.0297668
-0.0297391
-0.0299935
-0.0300906
-0.0303832
-0.0307843
-0.0312883
-0.0318164
-0.0322555
-0.032749
-0.0331788
-0.0335008
-0.0337261
-0.0339799
-0.0341517
-0.0344641
-0.0347208
-0.0350173
-0.0352389
-0.0354879
-0.0356917
-0.0358929
-0.0359527
-0.0357521
-0.0356149
-0.035514
-0.0355334
-0.0354734
-0.0354904
-0.0355483
-0.0356735
-0.0356051
-0.0354824
-0.035472
-0.0353291
-0.0350668
-0.0349367
-0.034965
-0.0348737
-0.0348154
-0.0347027
-0.034361
-0.0338969
-0.0334254
-0.0329794
-0.0324751
-0.0319692
-0.0313736
-0.0310062
-0.0307308
-0.0303628
-0.0301195
-0.0295825
-0.0290018
-0.0282982
-0.027743
-0.0273189
-0.0270397
-0.0269005
-0.0266934
-0.0263596
-0.0260853
-0.0257489
-0.0257112
-0.0256201
-0.0254956
-0.0253357
-0.0251983
-0.0252302
-0.0251867
-0.0251124
-0.0251943
-0.0251781
-0.0251111
-0.0249829
-0.0249352
-0.0250515
-0.0251442
-0.0254503
-0.0259582
-0.0265259
-0.0272199
-0.0279758
-0.0287708
-0.0297597
-0.0308901
-0.0319878
-0.0331168
-0.0342779
-0.0354877
-0.0366848
-0.0378037
-0.0388137
-0.0398018
-0.0406869
-0.0416061
-0.0424343
-0.0431126
-0.0439401
-0.0448555
-0.0457754
-0.046677
-0.047614
-0.0485611
-0.0494305
-0.0502166
-0.0512686
-0.0523605
-0.0532138
-0.053916
-0.0546959
-0.055649
-0.0564564
-0.0572422
-0.0580475
-0.0587994
-0.0593627
-0.0599576
-0.0605717
-0.0611935
-0.0617965
-0.0623176
-0.0632129
-0.0640868
-0.0649709
-0.0658467
-0.0665435
-0.0675062
-0.0683617
-0.0692268
-0.0698066
-0.0704395
-0.0710554
-0.0717721
-0.0726528
-0.0734292
-0.073853
-0.0741885
-0.0743596
-0.0744459
-0.0743781
-0.0746055
-0.0747879
-0.0749658
-0.0751174
-0.0750347
-0.0750335
-0.0751433
-0.0755106
-0.076141
-0.0765894
-0.0770796
-0.0776528
-0.0783281
-0.0789894
-0.0797441
-0.0804041
-0.0808523
-0.0811186
-0.0813267
-0.0811376
-0.0809665
-0.0808511
-0.0806258
-0.0804488
-0.0801426
-0.0797378
-0.0793112
-0.0789551
-0.0787125
-0.0784902
-0.0782967
-0.0779953
-0.0777966
-0.077294
-0.0766471
-0.0760498
-0.0751894
-0.0743862
-0.0735865
-0.0729088
-0.072334
-0.0718342
-0.0713693
-0.0708099
-0.0703327
-0.0696811
-0.068956
-0.0681709
-0.0673241
-0.0664768
-0.0656695
-0.06465
-0.0637328
-0.0630434
-0.0621775
-0.0613649
-0.0606768
-0.05991
-0.0593702
-0.0589939
-0.0588107
-0.0585691
-0.0583431
-0.0581391
-0.0577647
-0.057521
-0.0570636
-0.0569258
-0.0568708
-0.0569669
-0.0572409
-0.0575007
-0.0577334
-0.0581219
-0.0585083
-0.0585228
-0.0586273
-0.058938
-0.0589615
-0.0591476
-0.0593999
-0.0597607
-0.0601994
-0.0605883
-0.0611669
-0.0618242
-0.0624703
-0.0630463
-0.0636687
-0.064333
-0.0651502
-0.0659866
-0.0669735
-0.0677953
-0.0688949
-0.070013
-0.0710255
-0.0721845
-0.0733493
-0.074608
-0.0758334
-0.076934
-0.0779849
-0.0791216
-0.0800575
-0.0810058
-0.0818155
-0.0826408
-0.0832923
-0.0838348
-0.0842393
-0.0844492
-0.0846769
-0.0849655
-0.0852241
-0.0854411
-0.0857103
-0.0858133
-0.0859237
-0.0861521
-0.0861961
-0.0863683
-0.0866998
-0.086731
-0.0866254
-0.0866839
-0.0868219
-0.0871713
-0.0874063
-0.0876797
-0.0880069
-0.088305
-0.0887495
-0.0891496
-0.0895401
-0.0900078
-0.0904594
-0.0909598
-0.0913305
-0.0916465
-0.091962
-0.0924111
-0.0930052
-0.0935191
-0.0940437
-0.0945659
-0.0950431
-0.0951734
-0.0953624
-0.0957026
-0.0959329
-0.0962058
-0.0965057
-0.0967747
-0.0971168
-0.0973705
-0.09722
-0.0972111
-0.0971271
-0.0970642
-0.0971121
-0.0973641
-0.097642
-0.0979468
-0.0984176
-0.0985989
-0.0987839
-0.0988777
-0.0989488
-0.0991037
-0.099405
-0.0996433
-0.0997305
-0.0997393
-0.0997388
-0.0997817
-0.0998603
-0.100087
-0.100195
-0.100426
-0.100792
-0.10121
-0.101487
-0.101881
-0.102287
-0.10275
-0.103126
-0.103679
-0.104014
-0.10409
-0.104264
-0.104555
-0.104932
-0.105143
-0.105347
-0.105471
-0.10552
-0.105713
-0.106023
-0.106492
-0.106906
-0.107459
-0.107962
-0.108477
-0.108988
-0.109514
-0.110126
-0.110626
-0.111283
-0.111676
-0.112126
-0.11247
-0.112811
-0.113094
-0.1135
-0.113917
-0.11429
-0.114524
-0.11467
-0.11458
-0.114421
-0.114094
-0.113626
-0.113087
-0.112753
-0.112593
-0.11245
-0.112447
-0.11254
-0.112627
-0.112518
-0.112691
-0.112884
-0.113097
-0.113242
-0.113397
-0.113534
-0.113733
-0.113785
-0.114109
-0.114541
-0.114846
-0.115066
-0.115097
-0.115131
-0.11502
-0.115079
-0.115248
-0.115275
-0.115266
-0.115116
-0.11477
-0.114331
-0.113801
-0.113223
-0.112611
-0.112085
-0.111786
-0.111515
-0.111175
-0.110874
-0.110387
-0.109956
-0.10958
-0.109151
-0.108677
-0.10829
-0.107896
-0.107579
-0.107378
-0.107108
-0.106429
-0.105724
-0.105047
-0.104554
-0.103859
-0.103
-0.10217
-0.101473
-0.100739
-0.100106
-0.0995392
-0.0988252
-0.0979456
-0.0971582
-0.0962051
-0.0951772
-0.0942
-0.0932111
-0.0923766
-0.0917129
-0.0911449
-0.0906424
-0.0903725
-0.0898667
-0.0893242
-0.0890655
-0.0887024
-0.0882472
-0.0879114
-0.0874876
-0.0871817
-0.0870213
-0.0869197
-0.0868703
-0.0868533
-0.0867675
-0.0863191
-0.0858379
-0.0857086
-0.0855554
-0.0853069
-0.0850951
-0.0851995
-0.0854543
-0.0856602
-0.0859493
-0.0864837
-0.0868398
-0.0872157
-0.0875291
-0.0877571
-0.0877475
-0.0876633
-0.0875505
-0.0874651
-0.087182
-0.0869063
-0.086523
-0.0862528
-0.0860549
-0.0857302
-0.0854371
-0.0848738
-0.0844185
-0.0839722
-0.0836022
-0.0833094
-0.0830721
-0.082864
-0.0829528
-0.0830557
-0.0831223
-0.0832085
-0.0832081
-0.0830122
-0.0828156
-0.0826848
-0.0823752
-0.0824307
-0.0822638
-0.0818242
-0.0814325
-0.0808765
-0.0802763
-0.0797671
-0.0791219
-0.0786514
-0.0780679
-0.0774742
-0.0766204
-0.0757378
-0.0748425
-0.073844
-0.072938
-0.0718131
-0.0707366
-0.0699698
-0.0691762
-0.0683868
-0.0675909
-0.0668035
-0.0660223
-0.0652957
-0.0645855
-0.0637396
-0.062832
-0.0621122
-0.0612998
-0.0605295
-0.0597619
-0.0590204
-0.0583445
-0.0578901
-0.0575027
-0.057037
-0.0568256
-0.0567757
-0.0565783
-0.0561674
-0.0556544
-0.0553314
-0.0546748
-0.0543332
-0.0538832
-0.0535359
-0.0531263
-0.0525811
-0.0518599
-0.0511451
-0.0504644
-0.0500797
-0.0495482
-0.0489218
-0.0482388
-0.047644
-0.046985
-0.0462545
-0.0456458
-0.044927
-0.044235
-0.043453
-0.0427367
-0.0420518
-0.0416074
-0.0410753
-0.0403344
-0.0396474
-0.0388839
-0.0383094
-0.037922
-0.0374743
-0.0371284
-0.0367737
-0.0366923
-0.0367178
-0.0368428
-0.0369452
-0.0371347
-0.0369596
-0.0368294
-0.0366559
-0.0364152
-0.0362079
-0.0361526
-0.0360967
-0.0358032
-0.0353001
-0.0348951
-0.0344751
-0.0340872
-0.0339627
-0.0337049
-0.033361
-0.0330468
-0.0329542
-0.0329131
-0.0327711
-0.0325162
-0.0321765
-0.0316906
-0.0312035
-0.0307532
-0.0302041
-0.0296702
-0.0292395
-0.0286644
-0.0281074
-0.0274868
-0.0267442
-0.0257317
-0.0246241
-0.0234296
-0.0224186
-0.0216913
-0.0209862
-0.0202405
-0.0195547
-0.0190079
-0.0181415
-0.0172265
-0.0162817
-0.0149736
-0.013471
-0.0119081
-0.0105568
-0.00924528
-0.00794949
-0.00666707
-0.00527029
-0.0038467
-0.00284322
-0.00178097
-0.000737543
0.000129393
0.000623602
0.00118842
0.00167464
0.00228455
0.00290342
0.00337351
0.00383047
0.00436581
0.00501195
0.00561324
0.00632954
0.00721362
0.00794298
0.00861781
0.0091859
0.00987174
0.0106181
0.0113209
0.0119941
0.0124664
0.0129806
0.0134391
0.0139662
0.0144705
0.014931
0.0151782
0.01548
0.0157388
0.0161358
0.0165333
0.0167979
0.017037
0.0171361
0.0170538
0.0170147
0.0167384
0.0167685
0.0167017
0.0165101
0.0163342
0.016215
0.0159614
0.0156613
0.0154148
0.0151633
0.0147454
0.0141272
0.0136709
0.0131362
0.012479
0.0118852
0.0111821
0.0103094
0.00942294
0.00845124
0.00748202
0.00670711
0.00587017
0.00518364
0.00464281
0.00414711
0.00373275
0.00348722
0.00338629
0.00321946
0.00307742
0.00304343
0.00312907
0.00323064
0.00326711
0.00330789
0.00341424
0.00336839
0.00309465
0.00275379
0.0025443
0.00220674
0.00183714
0.00140385
0.00112848
0.0010194
0.00090549
0.000901107
0.000997331
0.00105791
0.00110517
0.000998271
0.00105381
0.00102812
0.00112044
0.00109832
0.00103824
0.00109493
0.00106007
0.00081669
0.000688003
0.000609652
0.000346696
0.000425264
0.000857176
0.00103037
0.00110448
0.00133901
0.00144437
0.00153911
0.00148389
0.00164173
0.0018726
0.00212302
0.00227315
0.00236109
0.0023045
0.00232179
0.00241181
0.00283802
0.00351796
0.00423964
0.0052439
0.00633499
0.00739686
0.00842096
0.00948391
0.0102657
0.0109782
0.0115297
0.0119944
0.0121792
0.0123847
0.0127263
0.0131941
0.0137706
0.0146058
0.015599
0.0166377
0.0176871
0.018437
0.0191305
0.0199578
0.0207229
0.0214242
0.0222415
0.0229097
0.0237518
0.024596
0.0254063
0.0258468
0.0264142
0.026897
0.0272963
0.0276365
0.0279806
0.0283486
0.028721
0.0290799
0.0296934
0.0302612
0.0310275
0.0317604
0.0322897
0.0327017
0.0332839
0.0336356
0.0340257
0.0342999
0.034634
0.0350032
0.0352314
0.0356672
0.0362032
0.0365328
0.0367889
0.0369608
0.0371108
0.037006
0.0370596
0.036943
0.0368184
0.0367606
0.0365576
0.0366286
0.036633
0.036746
0.0370263
0.0375338
0.0379167
0.0385002
0.0390575
0.0397992
0.0404738
0.0413062
0.0423457
0.0434037
0.044089
0.0447715
0.0454315
0.0459834
0.0465381
0.0472019
0.04797
0.0488624
0.0496998
0.0503392
0.0510631
0.0520245
0.0528984
0.0535796
0.0541905
0.0551038
0.0561584
0.0573252
0.0583414
0.059584
0.0607968
0.0619488
0.0630745
0.0641916
0.0652589
0.066199
0.0672224
0.0683309
0.0693414
0.0706325
0.0719751
0.0735571
0.0752197
0.0767751
0.0783076
0.0799212
0.0814598
0.0830142
0.0846134
0.0860286
0.0873947
0.0886226
0.0897121
0.0907038
0.0915684
0.0924155
0.0933868
0.0945192
0.0952453
0.095841
0.0963678
0.0971077
0.0977901
0.098535
0.0991048
0.0996558
0.10056
0.101561
0.102457
0.10323
0.104091
0.105266
0.10658
0.107769
0.108854
0.1099
0.110904
0.112053
0.113371
0.114677
0.115655
0.116669
0.117544
0.118564
0.119538
0.120382
0.121135
0.121775
0.122531
0.123274
0.123691
0.124086
0.12472
0.125238
0.125879
0.126644
0.127325
0.128086
0.128691
0.129673
0.130258
0.130758
0.131454
0.132533
0.133523
0.134263
0.135084
0.13584
0.136681
0.137613
0.138667
0.139861
0.140816
0.141699
0.14263
0.143701
0.144396
0.144959
0.145398
0.145709
0.145735
0.145829
0.145982
0.145858
0.145895
0.145846
0.145811
0.145797
0.145827
0.145875
0.146225
0.146823
0.147108
0.147358
0.147668
0.147926
0.148043
0.148296
0.148292
0.148446
0.148568
0.14876
0.148823
0.149159
0.149674
0.149954
0.150297
0.150568
0.150654
0.150613
0.150513
0.150598
0.150613
0.150788
0.150994
0.151225
0.151686
0.15192
0.152254
0.152314
0.152205
0.152087
0.151882
0.151549
0.151429
0.151395
0.151491
0.151478
0.151462
0.151387
0.151216
0.151119
0.151041
0.150809
0.15029
0.149635
0.149065
0.148326
0.147452
0.146366
0.145345
0.144326
0.143345
0.142674
0.142125
0.141922
0.141558
0.14121
0.140794
0.140063
0.139349
0.1387
0.137704
0.136815
0.13597
0.135295
0.134553
0.133686
0.132891
0.132175
0.13141
0.130651
0.130063
0.129334
0.128658
0.127697
0.126836
0.126124
0.125134
0.123991
0.122946
0.121794
0.120655
0.119535
0.118518
0.117466
0.116276
0.115174
0.114157
0.113096
0.111913
0.110997
0.110008
0.108972
0.107915
0.106699
0.105572
0.104401
0.103212
0.10186
0.100541
0.0990729
0.0977081
0.0964339
0.0952024
0.0939546
0.0926416
0.0912117
0.0899429
0.0888657
