1
0.245607
0.0165938
-0.00657602
-0.00995537
0.0100028
-0.0168771
0.0357346
0.0430558
-0.00812907
-0.0420715
0.0102702
-0.00551556
0.00414759
-0.00968304
0.0197024
-0.0312053
-0.0185839
-0.0252926
0.000146839
-0.00765608
-0.0596381
-0.0558197
-0.000312348
0.0115693
-0.00384464
-0.00514654
-0.0522533
-0.0483384
-0.0615949
-0.0275676
0.0169146
-0.000730847
0.0449142
-0.0140788
-0.0521672
0.00555135
0.0255066
0.0529146
0.015085
-0.0103391
-0.0242319
0.00149799
0.0219859
0.010808
0.013537
0.00868062
0.016804
-0.0119017
-0.0418295
-0.0335823
-0.0173849
0.00569856
0.024734
0.000101242
-0.0136223
0.0107764
0.025353
-0.00190197
-0.0461743
-0.0240459
0.0327742
0.0331622
-0.021968
-0.0244035
-0.00281775
-0.00611902
-0.0422831
-0.0116842
0.0234737
0.00260261
0.0337249
-0.0104828
-0.0229704
-0.0189802
-0.00285422
0.0641516
0.0291911
0.0112293
0.0142634
0.0232693
-0.017891
-0.0239283
-0.0130214
0.026032
0.0434442
0.0182877
0.0217022
-0.00365417
0.0511127
0.0204793
-0.00867657
0.000214705
-0.0196973
0.0104859
0.0121753
-0.00485443
-0.0194628
-0.0243235
0.0501509
0.0582513
0.0171608
0.0226618
-0.000178051
0.0157398
-0.00289586
-0.0256912
0.0271647
0.0349167
0.0190918
-0.00757035
-0.00385272
-0.0156793
-0.028269
-0.0425057
-0.0118654
-0.0126919
-0.0400962
-0.0366261
0.00192578
-0.00736122
-0.0155785
-0.00850882
0.0107748
-0.02872
-0.0109559
0.0193195
0.0156492
0.00839574
-0.0292396
-0.0369278
-0.02036
0.0287505
0.0396881
0.0334365
0.00459602
0.0090634
-0.00186174
-0.00864298
-0.0191746
-0.0358351
-0.0213317
-0.000649032
-0.0431542
-0.0185475
-0.00877787
0.0360602
0.024619
-0.00280272
0.00954606
0.0232342
0.0337106
0.0043301
-0.0348134
-0.0243298
0.00699751
0.0176464
0.00436882
-0.0236242
-0.0260849
0.0190179
0.00273182
-0.0130045
-0.00153907
0.0169827
0.0442683
0.00509334
0.00757817
-0.0130565
-0.0333864
-0.00891714
0.01394
0.0507753
-0.00794759
-0.0028387
-0.0251194
-0.0131934
0.030418
0.0290314
0.0175523
0.0131177
0.0212243
-0.0102506
0.000459919
0.0352759
0.00393151
0.0335441
0.0326482
0.0203537
0.0467947
0.0246161
0.00874859
0.0213796
0.00120926
0.0232127
0.0221608
-0.0259816
0.0089591
0.0238169
0.012008
-0.0280349
-0.0409325
-0.0210628
-0.0196541
0.00992034
-0.0146661
-0.0244603
0.00019792
0.00885065
-0.0198138
-0.0456313
-0.0457816
-0.0140994
-0.00274912
0.00556504
0.00605445
-0.0165145
0.0102316
0.0267495
0.0166809
-0.00350038
-0.0194736
-0.0129726
-0.0485038
-0.0247938
-0.000253505
0.0193324
0.000163843
-0.00576859
-0.0258174
-0.0207553
-0.0170623
0.0258583
0.0355183
-0.00127586
-0.00284781
0.021961
0.0231997
0.000264035
0.0133381
0.00149755
-0.0372019
-0.0666953
-0.00873618
0.0131402
0.0258205
-0.0491848
-0.0695999
-0.055019
-0.00667014
0.00174867
-0.0279749
0.00075044
0.0228498
0.00506113
0.00201386
0.0356292
0.0277985
0.00795124
-0.00129919
-0.00993018
-0.0160511
-0.0082613
0.032086
0.00974448
0.0159678
-0.00844171
0.0469675
0.0527918
0.053603
0.076648
0.0234524
-0.0125986
-0.00595166
-0.010591
0.0148139
0.0325023
0.0416931
0.0251562
0.0109632
-0.0190743
-0.0265131
0.0216957
0.0518948
0.0359319
-0.0363393
-0.0372407
-0.0132626
0.0200364
0.0167332
-0.0123107
0.0141291
-0.0446247
-0.0298544
0.0125267
-0.0138407
0.0141583
0.0080815
0.0146789
-0.0226246
-0.0323974
0.00135849
-0.0271248
-0.0370239
-0.0465618
0.00281517
0.0260562
-0.0112418
-0.031625
0.028295
0.0137982
-0.00319559
-0.0513947
-0.0533699
0.00226545
-0.0138314
0.0316885
-0.0035611
-0.0572488
-0.0310788
-0.0199687
0.0116164
0.00462462
0.00586339
0.0340799
0.0483295
0.00790444
-0.0340874
-0.0089678
-0.01234
-0.0675126
-0.0293582
-0.00365287
0.0171866
0.00584591
-0.0431683
-0.0267767
-0.0471041
-0.0255702
0.0220489
0.0115789
0.0269193
0.0047686
0.038956
0.0767895
0.050762
-0.0017248
-0.00841272
0.00403102
-0.00926398
-0.033598
-0.0638801
0.0202149
0.0295883
-0.00624685
-0.048931
-0.0514865
-0.0467446
0.026985
0.0427002
0.0227375
0.0171824
-0.000559264
-0.0188779
0.0468259
0.0262549
-0.00927905
0.0372876
0.0243252
0.0489966
0.0352254
0.0580611
0.0148243
-0.0142271
-0.0649125
-0.0465383
-0.0123076
0.0494693
0.0702511
0.0123181
-0.0076973
-0.0224553
-0.00950888
0.0135167
0.0214353
0.0585993
0.0345558
-0.0219883
-0.0110294
-0.00378426
-0.0063604
-0.0180419
-0.0211996
-0.0547745
-0.0597286
-0.0601731
-0.0537258
-0.0519919
-0.06471
-0.00330174
0.0025819
0.00509481
0.0274455
0.0180838
-0.00842359
-0.0229845
-0.0573155
-0.0281885
0.00205619
0.0502035
0.0339162
0.0163857
0.00523629
-0.0289189
-0.0133486
-0.000813017
0.034353
-0.00256911
0.0204087
0.00666045
0.0303608
0.0542517
0.00706963
0.0401991
0.015516
-0.0189056
0.00792912
-0.0546952
-0.0528567
-0.0196365
0.00970538
0.0332017
0.0569397
0.0449263
-0.000372611
0.0281138
-0.0233489
-0.0170332
-0.0243608
-0.0236213
-0.0205685
-0.010637
-0.000986268
-0.00184627
0.0626233
0.0363928
0.029486
0.0792973
0.0666977
0.0407785
-0.0395599
-0.0123162
-0.0190494
0.0153424
0.0486304
-0.0423627
-0.000172173
0.0286507
-0.0233541
0.00846574
0.0239557
0.0352511
0.0132383
0.0148781
-0.0204299
0.00948101
0.0105169
-0.0215127
0.0304773
-0.0167065
-0.0135329
0.017104
0.0103291
-0.00837151
-0.00396383
-0.0052932
-0.0328308
0.00398855
0.00176804
-0.0342674
-0.0425754
-0.0313546
-0.0197746
0.0022614
-0.00829646
-0.0220295
0.0232261
0.0207356
-0.00779168
-0.00511687
0.00211399
0.00212412
0.0224516
0.0502644
0.0147865
0.00168036
0.0201413
0.0316092
0.0195879
-0.00639437
-0.019741
-0.0117669
-0.0372974
-0.00566538
-0.00258185
0.00576382
0.0352669
-0.0177033
0.0173801
-0.0204707
0.0386317
0.0102227
0.00131972
0.00365721
-0.0123873
0.0271856
0.0214902
-0.0237723
0.0283304
0.0227024
0.0225255
0.0221685
-0.000180095
0.0530141
0.0137237
-0.0539959
-0.029747
-0.0309605
-0.0157247
-0.0459917
-0.00858458
0.00374736
-0.0174498
0.0206604
0.0245416
0.00784525
-0.00752612
-0.0138466
0.0112843
0.0253332
0.0140534
-0.0491478
-0.0770959
0.0107923
-0.00579975
-0.0533656
0.00671815
0.0340717
0.021054
0.0313397
0.0369669
0.0437593
0.0302754
-0.0318373
0.00786088
0.016758
-0.0216562
0.0336591
0.0395633
0.0300089
0.0268403
0.00956386
-0.00107708
-0.0276156
-0.00434122
0.0101862
0.0466969
-0.00732086
0.0122378
0.0131092
-0.0106947
-0.0305137
-0.0176821
-0.0284268
-0.0638079
-0.0429028
-0.0226838
0.0180817
-0.0328697
-0.0226772
-0.000155038
0.00170838
-0.0138513
-0.0195303
-0.0230044
-0.0228922
0.0104125
-0.0364666
-0.0126875
-0.078644
-0.0706043
-0.0202376
0.0158485
0.0358774
0.0147022
0.0308089
0.0142496
0.0340304
0.0172215
-0.0121813
-0.0130048
-0.00758518
-0.0253143
0.0199901
0.0383556
0.0463426
0.0128146
0.0115866
0.0565115
0.0100755
0.0259935
0.0264217
0.0120624
0.0207222
-0.0363392
-0.018622
0.017525
-0.00228134
-0.0115471
-0.00153787
0.0191398
0.00186644
-0.0184129
0.0485402
0.0303562
0.0159539
-0.0619495
-0.0722108
-0.0488329
-0.0451622
-0.0103314
-0.0210662
-0.0596391
-0.0475085
-0.0282199
-0.022962
-0.00150832
0.010333
0.0208587
0.053395
0.0254404
0.0064667
0.0400136
0.00816843
0.0631816
-0.0200487
-0.0022194
0.0323927
0.0636088
0.0913371
-0.0125757
-0.0576528
-0.0567327
-0.0446593
-0.00290507
-0.00288708
0.0267983
0.00820763
-0.0559075
-0.045197
-0.0510442
-0.0042782
-0.0445527
-0.038749
-0.0315035
0.00380655
-0.00234992
-0.00539545
-0.0144443
0.00927074
-0.00829331
-0.0287619
0.00216636
-0.0477368
-0.0339601
-0.016853
-0.000158356
0.0511287
0.00798739
-0.0223986
0.0340226
0.0245752
0.0244177
0.00866715
0.0715255
0.0877211
0.0608084
0.0934575
0.0345305
0.0104903
0.000620774
-0.0328979
-0.0200405
-0.0188327
0.000234671
-0.0361194
-0.0583045
-0.0397355
-0.00805971
-0.0177516
-0.0149654
-0.000919308
-0.00187391
-0.00799692
-0.041897
0.00941702
-0.0361922
-0.0146002
-0.0128754
-0.0408982
0.0433333
-0.0169083
0.00420246
-0.0016237
0.00639306
-0.0316464
-0.0232478
-0.00195596
0.0171654
-0.0122084
0.0112078
0.0252606
0.0140801
-0.00851461
-0.0154873
-0.0165897
-0.0296801
-0.000816474
-0.0124791
0.0110235
0.0329186
0.0149462
0.0234188
0.0359538
-0.0625425
-0.0549475
0.0353958
0.0138911
-0.0118447
-0.0756905
-0.025989
0.0271044
0.0108284
0.0208028
0.0102032
0.0106628
0.0120862
-0.0119139
0.0406004
-0.0229821
-0.0274
0.0145053
0.0116298
0.00904982
-0.0263579
0.0318762
0.0196666
-0.012041
0.00204754
-0.0217142
-0.020438
-0.0440827
-0.0812996
0.00449265
-0.034291
-0.00295756
0.0213366
-0.0240756
-0.0194304
0.00344818
0.0323767
0.00763139
0.0154806
0.0163264
0.00525438
-0.0510762
0.0265433
-0.00874384
-0.0290766
-0.0165692
-0.00358224
-0.0187492
-0.0166853
0.0113437
0.0236258
0.026506
0.00851568
0.000920732
0.0243787
0.0413617
0.0293184
-0.00413256
-0.0392362
-0.0297734
-0.0182556
-0.0440724
-0.0220018
0.0181746
-0.0317341
0.00234714
0.00959871
0.0330221
0.0266368
0.0372727
0.00207013
-0.0120204
-0.0294102
-0.00451659
-0.0113947
-0.0376879
-0.0113618
-0.00598639
-0.00262246
0.0153925
-0.00923616
-0.0304857
0.0291204
0.00208823
-0.0477737
-0.0568452
-0.0280594
0.042655
0.0218846
-0.0413711
0.00290147
0.00633303
0.0140071
0.0214954
0.00367446
0.0256683
0.0125594
0.01733
-0.00633219
0.0165856
-0.00757235
-0.00437638
0.0346957
0.0361522
-0.0248151
-0.00167557
-0.0136991
-0.0117084
-0.000983903
-0.0404926
0.0109765
-0.00958008
-0.0616799
-0.0543674
-0.0261778
-0.0173805
-0.00433737
-0.0259221
-0.02393
-0.0436421
-0.0115109
0.0563961
0.0998825
0.0112105
-0.0592627
-0.0213836
0.018745
-0.00282701
0.00312979
0.0261521
0.0221703
6.12351e-05
-0.0014299
0.0717667
0.09097
0.0122562
0.00258706
-0.00329312
-0.0416853
0.0253064
0.0356904
0.0742548
0.0182986
-0.0186845
-0.0296477
-0.000714724
0.018705
-0.00192558
0.056699
0.0523876
-0.0112066
-0.0690299
-0.0243943
-0.0198591
-0.0378727
-0.0374331
-0.0653691
-0.023244
0.0287848
0.0564961
-0.0387006
-0.120543
-0.0963331
-0.0254619
0.00673115
-0.00266543
0.0161351
0.052598
0.0308355
-0.0397524
0.0405055
0.040158
0.0358545
0.0691698
0.0118799
-0.0300625
-0.00464039
-0.0296472
-0.0198739
0.00065792
-0.0175502
-0.0143074
0.0121801
-0.00169789
-0.00200975
0.00756824
-0.0106176
-0.032515
0.0052222
-0.0575057
-0.0159469
0.0330794
0.0130983
-0.0250457
-0.0393836
-0.0297204
0.024328
0.007422
-0.00288872
0.0204705
-0.0053626
0.0474729
0.0521683
0.0621546
0.00593258
0.0315527
0.0279997
0.0127157
-0.00186027
-0.0294619
0.0110735
0.0158157
0.0179528
-0.0163319
-0.0474289
0.00651863
0.0571439
-0.0272689
0.013786
-0.049582
0.0116803
0.0652007
0.00752851
0.0200621
0.0207825
0.0367932
-0.00482433
-0.00318595
0.00167051
0.0398906
0.00742834
0.0345996
0.0164795
0.0159074
0.0608412
0.0194117
0.0166487
0.000383281
0.0337289
-0.0447204
-0.100538
0.0219059
0.0337976
-0.00120313
0.00672396
-0.0506089
-0.0121024
0.0104452
0.0473065
-0.00260595
-0.00369415
0.00419569
0.00808421
0.018602
0.0344403
0.0204303
-0.0261698
0.0145191
0.00758838
-0.0166727
0.0167681
-0.0406806
-0.0373411
-0.0490278
-0.0489228
-0.031204
-0.0309568
0.0331698
0.0262504
-0.0100695
-0.0491726
-0.0312169
-0.0201168
-0.0312906
0.0540592
0.0684649
0.018932
0.0277283
-0.019514
-0.0174062
0.0174365
0.042053
-4.05186e-05
0.020734
0.0104079
-0.00655203
-0.0590573
-0.0683126
-0.0328334
-0.0255879
-0.00140279
0.0179784
0.0768297
0.0450214
0.025235
-0.0102807
-0.0372711
-0.0521139
-0.00585034
0.0473949
0.0437283
-0.0495414
-0.0385191
-0.023226
-0.0103231
0.0401024
-0.00886107
0.0577178
0.048213
-0.0120019
-0.020642
-0.0275904
0.0806901
0.0273075
0.00508698
0.0139865
-0.0629671
-0.0431888
-0.0323619
0.00956963
0.106143
0.0432084
0.0672106
0.0984772
0.0347097
-0.0303764
-0.0399413
-0.0537552
-0.00487593
-0.0747794
-0.0100669
0.0123823
-0.00618969
0.00476131
-0.0429342
-0.0273708
0.0543717
0.0584927
0.00926593
-0.0607382
-0.0340382
-0.0371861
-0.0845861
-0.0602003
-0.0320943
0.00851693
-0.0480064
-0.051158
-0.074272
-0.068287
-0.0473292
-0.0332555
-0.0118388
0.041314
0.00536449
-0.0202091
0.0306736
0.0155773
-0.0121316
0.0183176
0.0594972
0.0510067
0.0347248
-0.0016865
0.0120493
-0.0339185
-0.0178908
0.0509162
-0.0265286
0.00752267
0.0256951
-0.0124356
-0.0592768
0.007697
0.0247704
0.0397207
0.00857892
-0.00704627
0.042346
-0.0238304
-0.00321568
0.00531832
0.0129857
0.0570208
0.0246454
0.0392369
0.000887165
-0.0208922
0.00719098
-0.0230293
-0.0151797
-0.00905604
0.0224845
-0.0233379
-0.0399399
-0.0369787
0.0160103
0.0854204
0.0633389
0.0509406
-0.00462969
-0.0379607
0.0177059
-0.0384878
0.017737
-0.0686145
0.0161742
0.00985867
0.0065222
0.0356571
0.028398
0.0190258
-0.0385026
-0.00671717
-0.0140565
-0.0126873
0.0356769
0.0174934
-0.0100329
0.00540969
0.0319443
0.0132023
-0.0460376
-0.0528666
-0.0541316
0.00610199
-0.00871075
-0.0432883
7.9114e-05
-0.0160888
0.00831909
0.00536305
-0.0436466
-0.0610117
-0.0584172
-0.00209558
0.0302441
-0.0058522
-0.00264805
-8.79995e-05
0.0498773
0.0409434
0.0130702
0.0150079
-0.0109502
-0.0259424
-0.00775912
-0.00900425
-0.049046
0.0096193
-0.0079054
0.00940077
-0.0390484
-0.0647997
-0.0305534
0.0402469
0.000738853
-0.0527318
-0.0467045
-0.0286871
0.016737
0.00725348
-0.00931501
-0.0219884
0.0355358
0.0248005
0.0236354
-0.0110788
0.0285413
0.0073653
0.0598471
0.0169802
0.0190831
0.0497081
0.0554616
0.0566591
-0.0383122
-0.0356991
0.0211208
0.0435661
0.0219067
0.0255521
0.048268
0.0100807
-0.0445007
-0.0154629
0.0214734
0.0439309
-0.016497
-0.022547
-0.016784
0.00607119
0.0219887
-0.00927038
-0.0327703
-0.0403624
-0.0398098
0.0337158
0.0289694
0.0181642
-0.0256151
-0.022665
-0.0021868
0.0199622
0.0168856
-0.0751982
-0.0436351
0.0303034
0.0302606
-0.0217405
0.0316867
0.0860204
0.0509215
0.0295639
0.0368151
-0.0208557
-0.0204579
0.0629095
0.0433551
-0.02674
-0.0230946
-0.0070943
-0.025309
-0.052173
-0.0439107
0.0567993
0.000411281
-0.0867394
-0.094025
-0.0568989
0.0325822
0.0089525
-0.0818606
-0.127966
-0.0604465
-0.0010901
-0.0191768
0.0156864
-0.05644
-0.0587938
-0.0566526
-0.0444711
-0.0379991
-0.0296118
0.000121572
-0.00612824
-0.0343945
-0.0139204
0.037092
0.0154314
0.0497716
0.0656093
0.0663568
0.0327321
0.0271039
0.0245276
0.0107073
0.039298
0.026577
0.0754801
0.0714592
0.00321832
0.00335558
-0.0453251
0.000758129
0.0140774
0.0262114
0.00903301
0.0749476
0.0133924
-0.0708951
0.0169495
0.0354201
0.00548945
0.0162559
0.0011751
0.0162862
0.00455267
-0.0505204
-0.00371939
-0.0630525
-0.0524768
0.040335
0.0385909
-0.0805841
-0.0354192
-0.0103535
-0.00126632
-0.00694493
0.0136739
0.0843359
0.102546
0.02251
0.0333774
0.0132653
-0.046646
0.0276006
0.0273575
-0.0172996
-0.023767
0.0313004
-0.0165715
0.0120643
1.10909e-05
-0.0666038
-0.0750044
-0.022337
-0.0251394
-0.0438516
-0.0282138
-0.0367184
-0.041224
-0.00803666
-0.0314281
-0.00578023
0.0313529
-0.0162231
0.0282325
-0.0461611
0.0132505
0.0160698
-0.0469683
-0.0535704
-0.0701459
-0.0361708
-0.0390489
-0.0173785
-0.0392996
-0.0036838
-0.0241764
0.0277984
-0.0208998
-0.0445972
0.048502
0.0206856
-0.00311546
0.0513122
0.0126162
-0.00197293
-0.0313564
-0.0605959
-0.0406274
0.00742345
0.0307364
0.0638233
0.117855
0.0616573
0.044483
0.0198659
-0.0484225
-0.0195933
0.012045
-0.000700792
0.0734262
0.025526
-0.0159754
0.019524
0.0325648
0.0305726
0.0507663
0.0337299
-0.02588
0.00493364
0.0088342
0.0153191
0.0562039
0.022087
0.0849808
0.0326204
0.00354097
-0.0642165
-0.0305767
-0.0474076
0.0480207
0.0257638
-0.0481721
0.0213789
-0.0255294
-0.0361295
-0.0101796
0.00255186
0.0527988
0.0170125
-0.0388142
0.0337428
0.0581044
0.0825001
0.00193044
0.0478266
0.0297765
0.0176235
0.022094
0.0214521
0.0249296
-0.0644435
0.00802283
-0.0195149
0.0297213
0.0741666
0.0392835
-0.0338667
0.0024171
-0.0107209
-0.0242607
0.0254739
-0.0558339
0.00889326
0.0439901
0.0201018
-0.00249007
-0.114191
-0.0608815
-0.0655599
-0.0853014
0.00560368
0.0197706
0.00293611
-0.0499706
-0.0203958
0.000148858
-0.0224027
-0.014411
0.0962609
0.0614334
0.0103568
-0.0224139
-0.0324048
-0.0577692
0.00966868
0.0713781
0.050704
0.0258429
-0.0206544
-0.0160193
0.0461697
0.0236125
0.00542128
-0.00224946
0.048452
0.0913155
0.0506627
0.0467138
0.0813552
0.0331701
0.00170724
0.0973692
0.0456719
-0.028538
-0.0885793
-0.0448221
0.0115615
-0.0312393
0.0310702
0.0463814
0.0782418
-0.0276084
0.02341
-0.0129207
-0.00608722
-0.0157905
-0.0434877
-0.00386137
-0.0336169
-0.0430032
-0.0331613
0.00453157
0.0234607
0.00556769
0.0116049
0.086623
-0.0181637
-0.0620221
-0.07635
-0.0804431
0.00518833
0.052598
0.0262888
0.0242211
-0.0604938
-0.0892344
0.0243668
0.0572202
-0.00402958
-0.0564838
-0.00934381
-0.00880772
0.0194567
0.0484127
-0.0187566
-0.0515298
-0.0265558
-0.0255356
-0.0318064
0.0433829
-0.0706564
-0.0626433
-0.0245256
-0.0364591
-0.0239344
-0.0534011
-0.0461094
-0.07841
-0.166907
-0.0935255
-0.00490059
-0.0414495
0.027318
0.128714
0.102985
0.0542811
-0.0686829
-0.0180029
0.021378
0.0594855
0.0578732
0.0553311
-0.0558077
-0.0593496
0.0308406
0.0333976
0.0872003
0.0778503
0.101495
0.0918375
0.00954525
-0.109553
-0.0501004
0.0108592
0.0824271
0.0528232
0.0802805
0.0554726
0.0317285
-0.105025
-0.0331101
-0.0119823
-0.0274687
-0.0638988
-0.0813027
0.0671325
0.0303753
0.047469
-0.0289724
0.0605038
-0.005937
0.0368351
0.120192
0.0767232
-0.0639077
-0.0786691
0.0357295
0.0758612
-0.009766
0.0554046
0.116291
0.0246578
0.000432852
-0.0393372
0.0276208
-0.0347812
0.0458346
0.0622272
0.113163
0.0384288
-0.0399228
0.0316419
-0.05144
-0.0722838
-0.071371
0.0414034
0.0299012
-0.00475623
-0.0604319
-0.000150818
0.0369249
0.0330054
0.0413304
0.0335491
-0.00488512
-0.0133236
0.0340252
-0.0288695
-0.025342
-0.0457559
0.0357018
0.0713233
-0.0324034
-0.0208235
0.00887828
-0.0464237
-0.00821349
-0.0109142
0.0470925
0.0406134
-0.0304776
-0.0650374
-0.00956008
-0.0514313
-0.0762568
-0.00653899
0.0245836
-0.0401966
-0.0906933
0.050544
-0.0528071
-0.0965715
0.0114954
0.0455444
0.024343
-0.133388
-0.067498
-0.0308526
0.0422722
0.0579492
-0.0214999
0.0252207
0.051185
0.0239809
0.065019
0.0990904
0.0179536
0.00590781
0.080017
0.0811443
0.00935766
-0.0544968
0.000450169
-0.0619636
-0.0139008
0.101145
0.117273
0.0288064
0.0164955
-0.0186731
0.0163504
0.0113672
0.0617106
0.0393383
-0.0150385
-0.0498823
-0.0310967
-0.00402035
0.018968
-0.0143866
-0.0167079
-0.135147
-0.152732
-0.0810244
-0.0786427
-0.0309511
-0.081736
-0.0111944
-0.0955569
-0.0424871
-0.00422603
0.027666
-0.00806902
-0.0144964
-0.101563
-0.0974216
0.0114432
0.126978
0.0549985
-0.0576706
0.0701473
-0.0371934
-0.150287
-0.025342
0.0865804
0.0675949
0.0500658
-0.0441668
0.0234617
0.0307665
0.046721
-0.00390525
0.0146419
-0.0181768
-0.00733428
0.0322374
-0.0821557
-0.0490571
-0.0669028
-0.0631145
-0.016195
-0.00750434
-0.00821019
-0.0576108
-0.0994008
-0.0946962
-0.0659345
0.0780099
0.0702415
0.0311522
0.0709807
0.0796271
-0.0880155
0.0292653
0.082269
-0.0396788
0.0116404
0.0859311
0.026237
-0.0294645
0.00416735
-0.0328706
0.0412462
0.0102223
-0.0151356
-0.0435753
-0.0461181
-0.0649544
0.0311469
0.0366564
-0.0895804
-0.0796663
-0.229206
-0.0151326
0.0598871
-0.0363278
-0.00755193
0.104899
0.026781
-0.034169
0.0075102
0.0913693
0.126842
0.0404894
-0.00146577
0.0585049
0.0413327
0.0592818
0.0719023
0.0161937
0.0761551
0.00292165
0.0135455
-0.0143701
0.00325927
-0.0129799
0.0562562
0.0778364
-0.0508281
-0.0616121
-0.0300714
-0.0228145
-0.0641081
-0.054116
-0.00405266
-0.05499
0.0108028
-0.0607973
-0.251706
-0.210624
-0.109786
-0.0680876
-0.0276841
-0.0296532
-0.00323955
-0.0571285
-0.0896764
-0.0404901
-0.0780936
0.024053
0.0688666
0.115535
-0.00754159
-0.0682844
0.0771789
0.0199463
0.0122573
-0.0107367
-0.0201718
0.0425216
0.10182
0.112059
0.065916
0.0235401
0.170494
0.0592328
0.136326
0.0183581
-0.0346409
0.120446
0.0827143
-0.117624
0.0317861
0.0499368
-0.182869
-0.0860584
-0.0196521
0.105759
-0.0734707
-0.0650258
-0.0761222
-0.0816291
-0.132111
-0.00169379
0.0595098
-0.0992235
-0.121761
-0.1095
-0.0153131
-0.00117704
-0.118002
-0.0159276
0.104994
0.0373791
-0.107298
-0.0763158
0.0128691
0.00233571
-0.0185711
-0.123315
0.141736
-0.0123165
0.0276062
0.138051
0.234026
0.0620348
0.0804887
0.16322
0.0407399
0.0999723
0.0243345
0.105158
0.0149867
0.0749792
0.230753
0.214671
0.107142
-0.0478209
-0.106522
0.0211761
0.041252
0.0359251
-0.0244925
-0.0644653
-0.118121
-0.0929113
0.0468566
0.0758082
-0.214794
-0.333655
-0.164801
-0.235349
-0.195866
-0.194509
0.136973
0.049191
-0.112321
-0.0323613
0.0747871
0.0157636
-0.0249183
0.0388097
0.0774924
-0.0505461
-0.0416316
0.0265145
0.0698941
-0.0461056
0.125246
0.237298
0.0513562
0.0679795
0.124397
0.269316
0.0878292
-0.0667087
-0.21377
0.061224
0.145025
-0.0305731
0.0575024
-0.0027518
-0.082867
-0.174246
-0.0893854
-0.00671044
-0.0928402
-0.188015
-0.1361
0.00414831
-0.0372907
0.213718
0.188799
0.0657614
-0.0366595
-0.0924075
-0.00890016
0.173702
0.199439
0.0803662
0.158815
-0.0212837
0.00337043
0.0114664
0.0896108
0.092227
0.0468388
0.0922733
0.0736547
-0.0496366
-0.111749
0.107392
0.246999
-0.10995
-0.383445
-0.214402
-0.136921
-0.130058
-0.0385071
0.0115652
-0.276379
-0.354023
-0.147556
-0.072637
-0.119422
-0.00355999
-0.158459
-0.137492
-0.124008
-0.100397
0.0660065
0.187732
0.0917932
0.103908
0.498265
0.315902
0.0109918
-0.00945734
0.348695
0.146481
-0.0346434
0.0358397
0.0418305
0.104373
0.239973
0.47165
0.184874
0.103938
0.0169039
-0.213882
-0.286566
-0.263274
-0.435483
-0.536419
-0.0300299
0.211384
0.457341
0.0669608
-0.21152
-0.313059
-0.278726
-0.200247
-0.636517
-0.281687
-0.274959
0.253993
0.43874
0.80177
0.381056
0.152115
-0.0885792
0
