1.00443
0.995281
0.986525
0.97815
0.970212
0.96212
0.954514
0.947235
0.939892
0.932792
0.925691
0.919004
0.912195
0.905379
0.898562
0.89163
0.884631
0.877734
0.871438
0.865013
0.858753
0.852654
0.84665
0.840903
0.835406
0.8299
0.82441
0.818989
0.813546
0.808153
0.802637
0.797277
0.791862
0.786369
0.780887
0.775616
0.77043
0.765182
0.759761
0.754186
0.748791
0.743557
0.738735
0.734055
0.729451
0.724672
0.719792
0.715222
0.710595
0.706023
0.70197
0.697838
0.69363
0.689378
0.685239
0.681242
0.677174
0.672993
0.668706
0.664222
0.659433
0.654927
0.650137
0.645793
0.641634
0.637451
0.633262
0.628847
0.624482
0.620411
0.616673
0.613121
0.609682
0.606114
0.602653
0.599113
0.595603
0.592098
0.588537
0.585349
0.582636
0.579687
0.576555
0.573315
0.570021
0.567164
0.564335
0.561293
0.55808
0.554951
0.552031
0.548901
0.54577
0.542608
0.539426
0.536427
0.533634
0.530947
0.528172
0.525362
0.522901
0.520517
0.51829
0.515996
0.51353
0.511284
0.508866
0.506485
0.504182
0.502036
0.499671
0.497348
0.495167
0.49312
0.491121
0.489377
0.487691
0.485874
0.483824
0.481888
0.480148
0.478329
0.476477
0.474504
0.472608
0.470899
0.469181
0.467726
0.466084
0.464454
0.462936
0.461423
0.459787
0.458352
0.456711
0.455326
0.453768
0.452342
0.450943
0.449413
0.447967
0.446611
0.444797
0.442812
0.440925
0.439298
0.437687
0.436107
0.434595
0.43285
0.431164
0.429576
0.428107
0.426812
0.425275
0.423474
0.422018
0.420668
0.419217
0.417967
0.416803
0.41562
0.414549
0.413704
0.412751
0.411534
0.410297
0.408871
0.407359
0.405779
0.404364
0.403091
0.402
0.400757
0.399272
0.397862
0.396432
0.395025
0.39357
0.392262
0.390722
0.389351
0.387954
0.386781
0.38523
0.383978
0.382611
0.381096
0.379655
0.378414
0.377178
0.375972
0.374861
0.373717
0.372536
0.371364
0.370215
0.369159
0.368314
0.367281
0.366275
0.365495
0.364681
0.363814
0.363033
0.362214
0.361264
0.360584
0.359964
0.359209
0.358388
0.357494
0.356643
0.355675
0.354765
0.353998
0.353184
0.352214
0.351288
0.350199
0.349106
0.348056
0.347151
0.346275
0.345119
0.344195
0.343322
0.342351
0.341335
0.34026
0.339184
0.337842
0.336361
0.334955
0.333669
0.332461
0.331402
0.330715
0.329944
0.329189
0.328333
0.327536
0.326642
0.325891
0.325296
0.324661
0.324179
0.323643
0.323104
0.322637
0.322314
0.321793
0.321342
0.321053
0.320762
0.320337
0.319802
0.319243
0.318656
0.318034
0.317407
0.316724
0.316002
0.315122
0.314217
0.313422
0.312554
0.311477
0.310473
0.30941
0.308177
0.307011
0.305933
0.304814
0.303629
0.302577
0.301429
0.300204
0.298983
0.297989
0.297094
0.296288
0.295447
0.294624
0.293802
0.29276
0.29176
0.290658
0.289608
0.288735
0.288065
0.287353
0.286594
0.285888
0.285296
0.284594
0.28374
0.282815
0.281961
0.281153
0.280332
0.279588
0.278967
0.278387
0.277659
0.276889
0.276008
0.275077
0.274343
0.273621
0.272767
0.271945
0.271181
0.270339
0.269506
0.268484
0.267489
0.266461
0.265578
0.264656
0.263735
0.262838
0.261875
0.260797
0.259772
0.258669
0.257648
0.256575
0.255316
0.254047
0.252786
0.251609
0.250455
0.249289
0.248011
0.246758
0.245742
0.244638
0.243525
0.242591
0.241662
0.240618
0.239627
0.238644
0.237697
0.236854
0.236112
0.235192
0.234229
0.233336
0.23261
0.23176
0.230756
0.229849
0.228927
0.227979
0.227189
0.226325
0.225491
0.224503
0.223586
0.222677
0.221865
0.221057
0.220287
0.219538
0.218821
0.218037
0.217083
0.216136
0.215335
0.21457
0.213715
0.212648
0.211722
0.210862
0.210054
0.209308
0.208563
0.207869
0.207102
0.206551
0.205914
0.205302
0.204675
0.203949
0.203234
0.20249
0.201791
0.201008
0.200252
0.199419
0.198431
0.197256
0.196123
0.194953
0.193697
0.192532
0.191337
0.190263
0.189214
0.188234
0.187299
0.18629
0.185192
0.183967
0.182751
0.18138
0.180217
0.179069
0.178024
0.176908
0.175777
0.174651
0.173649
0.172627
0.171763
0.170933
0.170086
0.169396
0.168648
0.167877
0.167155
0.166469
0.165765
0.165242
0.164854
0.164475
0.164112
0.163758
0.163449
0.163143
0.162751
0.162356
0.161779
0.161311
0.160838
0.160398
0.159968
0.159552
0.159084
0.158689
0.158389
0.158048
0.157598
0.157068
0.156504
0.155816
0.154947
0.153943
0.153037
0.152224
0.151367
0.150654
0.150037
0.149533
0.149119
0.148729
0.148331
0.147944
0.147359
0.146827
0.146435
0.146035
0.145628
0.145284
0.145113
0.144955
0.144758
0.144638
0.144322
0.143943
0.143644
0.143408
0.143235
0.143073
0.142885
0.142632
0.142258
0.141817
0.141408
0.141128
0.140613
0.140158
0.139898
0.139602
0.139288
0.139055
0.138896
0.138591
0.138142
0.137725
0.137481
0.137217
0.136942
0.136674
0.136418
0.136198
0.136023
0.135824
0.135531
0.135187
0.134785
0.13432
0.133859
0.133463
0.133087
0.132721
0.132307
0.132007
0.131744
0.131319
0.131121
0.130988
0.130757
0.130404
0.130129
0.129883
0.129628
0.129392
0.129097
0.12887
0.12869
0.128522
0.128321
0.128159
0.127896
0.127589
0.127351
0.127136
0.126972
0.126858
0.126549
0.126184
0.125708
0.125252
0.124774
0.124362
0.123929
0.12344
0.123002
0.12256
0.122157
0.121739
0.121233
0.120883
0.120477
0.120133
0.119825
0.119509
0.119152
0.118816
0.118441
0.118208
0.117843
0.117417
0.117031
0.116566
0.116164
0.115762
0.115389
0.115043
0.114799
0.114554
0.114462
0.114386
0.114391
0.114559
0.114709
0.11484
0.114853
0.114826
0.114774
0.114774
0.114919
0.115102
0.115203
0.115129
0.115012
0.11489
0.114823
0.114599
0.114356
0.114041
0.113623
0.113197
0.112918
0.112606
0.112159
0.11184
0.111433
0.110896
0.110304
0.109758
0.109182
0.108695
0.108098
0.10761
0.107109
0.106618
0.106163
0.105861
0.105536
0.105362
0.105389
0.105221
0.105065
0.104852
0.104565
0.104189
0.103887
0.103645
0.103357
0.102917
0.102496
0.102046
0.101622
0.101186
0.100745
0.100375
0.0999296
0.0994485
0.0991165
0.0986461
0.0980345
0.0975213
0.0971566
0.0968752
0.0965956
0.0962647
0.0960022
0.0957568
0.09543
0.0952245
0.095132
0.094932
0.09474
0.0945437
0.0944239
0.0942417
0.0942573
0.0942514
0.0942549
0.0940605
0.0938106
0.0936186
0.0933437
0.0930204
0.0927812
0.0925059
0.0921538
0.0918207
0.0914579
0.091081
0.0906416
0.090223
0.0898374
0.0893352
0.0889145
0.0882025
0.0875315
0.08684
0.0861662
0.0853954
0.0845558
0.0837319
0.0829439
0.082112
0.0810836
0.0801618
0.0793561
0.0785998
0.0778722
0.0771062
0.0762633
0.0753763
0.0744123
0.0734131
0.0725278
0.0716915
0.0709089
0.0701172
0.0693093
0.0686364
0.0681947
0.067916
0.0675604
0.0671296
0.0666181
0.0661766
0.0656013
0.0651206
0.0648338
0.0645563
0.0642815
0.0639682
0.0636902
0.0634188
0.0630732
0.0628167
0.0625579
0.0621346
0.0617845
0.0615234
0.0612404
0.060973
0.0608099
0.0605973
0.0604385
0.060237
0.0598801
0.0594688
0.0590284
0.0586021
0.058265
0.0578304
0.0573668
0.0569004
0.0563717
0.0556983
0.0550379
0.0545002
0.0539274
0.0533432
0.0525685
0.0516536
0.0507363
0.0499
0.0493007
0.0485165
0.0477362
0.0470528
0.0462839
0.0453686
0.0444141
0.0433697
0.0424416
0.0414436
0.0405695
0.0396536
0.0386843
0.0376982
0.0368041
0.0359903
0.0351113
0.0343426
0.0336147
0.0328565
0.0320448
0.031347
0.0306084
0.029889
0.0292592
0.0286687
0.0279891
0.0272612
0.0265571
0.0258533
0.0252161
0.0246808
0.0241105
0.0234969
0.0227502
0.0220086
0.0212341
0.0205292
0.0197339
0.0190178
0.0182976
0.0175346
0.0167287
0.0159481
0.0152491
0.0144622
0.0137395
0.0130741
0.012429
0.0117555
0.0112315
0.0106774
0.0101329
0.00943397
0.00877873
0.00822742
0.00755476
0.00688538
0.00622989
0.0056283
0.00504835
0.00451476
0.00400777
0.0035348
0.00308182
0.00264604
0.00208805
0.00151477
0.000947635
0.000528044
1.59806e-05
-0.000569395
-0.00128836
-0.00192724
-0.00236242
-0.00266558
-0.00299177
-0.00337151
-0.00371601
-0.00417758
-0.004566
-0.00495045
-0.00548308
-0.00599514
-0.0062704
-0.00661409
-0.00687165
-0.00724785
-0.00769196
-0.00829736
-0.00876543
-0.00906653
-0.00938521
-0.00968129
-0.0101349
-0.0105616
-0.0110054
-0.0114587
-0.0120347
-0.0126545
-0.0131799
-0.0136403
-0.0140646
-0.0145118
-0.0149454
-0.015437
-0.0159077
-0.01645
-0.0169919
-0.0176453
-0.0183702
-0.0189804
-0.0196443
-0.0201946
-0.0207528
-0.0211533
-0.0214432
-0.0216338
-0.0217539
-0.0218255
-0.0217385
-0.0216599
-0.0216102
-0.0216779
-0.021832
-0.0220092
-0.0221925
-0.0222526
-0.0220703
-0.0219917
-0.0218466
-0.0215985
-0.0213022
-0.0210407
-0.020857
-0.0205727
-0.0202448
-0.0199718
-0.0196768
-0.0194053
-0.0191173
-0.0187197
-0.018437
-0.0181368
-0.0178395
-0.0174588
-0.0171239
-0.0167702
-0.0162835
-0.0158825
-0.0154578
-0.0148523
-0.014304
-0.0137515
-0.0134125
-0.0131554
-0.012788
-0.0124081
-0.0120653
-0.0115131
-0.0109565
-0.0105485
-0.0101811
-0.00980199
-0.00948759
-0.00918022
-0.00873883
-0.00821759
-0.00778633
-0.00734716
-0.00692407
-0.00644009
-0.00594733
-0.00537046
-0.00470717
-0.00414476
-0.0037982
-0.00352368
-0.00320271
-0.0028578
-0.00267963
-0.00253354
-0.0025327
-0.00233548
-0.00222177
-0.00208997
-0.00204374
-0.00193751
-0.00189734
-0.0018963
-0.00199595
-0.00195808
-0.00202728
-0.00215145
-0.00236267
-0.00250705
-0.0026309
-0.00269439
-0.00267108
-0.00291119
-0.00303344
-0.00315047
-0.00312525
-0.0027868
-0.00228407
-0.00194866
-0.00151288
-0.0011566
-0.000806023
-0.000533694
-0.000371329
-0.000303304
-0.00018238
-0.000172047
-0.000227337
-0.000371243
-0.000464593
-0.00053294
-0.000500865
-0.000605645
-0.00068769
-0.000837309
-0.00106243
-0.00113612
-0.0011727
-0.0012372
-0.00138785
-0.00152862
-0.00154289
-0.00133523
-0.00114598
-0.00100271
-0.000856793
-0.000625013
-0.00041504
-0.000415939
-0.000424874
-0.000419708
-0.00040724
-0.000409764
-0.000239587
7.80222e-05
0.000281168
0.000593146
0.000955492
0.00116162
0.00120008
0.00104212
0.000930379
0.000846088
0.0007026
0.000483368
-1.06208e-06
-0.000521986
-0.00103526
-0.00156197
-0.00200603
-0.00255747
-0.00331208
-0.00418276
-0.00490524
-0.00544382
-0.00594595
-0.00654322
-0.00720971
-0.00786126
-0.00872265
-0.00938779
-0.0101605
-0.0108295
-0.0114555
-0.0121634
-0.0129384
-0.0137556
-0.0145602
-0.0153849
-0.0161699
-0.0167695
-0.0172891
-0.0174925
-0.0177109
-0.0178204
-0.0182383
-0.0183292
-0.0182988
-0.0183966
-0.0183052
-0.0183505
-0.0182921
-0.0182153
-0.0180044
-0.0178963
-0.017634
-0.0175466
-0.0171439
-0.0167896
-0.0165893
-0.0165697
-0.0164565
-0.0162418
-0.0162039
-0.0160823
-0.0161322
-0.016381
-0.016523
-0.0165543
-0.0165906
-0.0167799
-0.0169996
-0.0171528
-0.0173306
-0.017568
-0.0177949
-0.0181241
-0.0184282
-0.0186099
-0.0186845
-0.0185634
-0.018688
-0.0187121
-0.0187005
-0.0186139
-0.0184524
-0.0183103
-0.0180769
-0.0179789
-0.0178943
-0.0179028
-0.017897
-0.0180041
-0.0181846
-0.0183378
-0.0185424
-0.0188346
-0.0191208
-0.019349
-0.0195036
-0.0196911
-0.0198968
-0.0200698
-0.0203346
-0.0205502
-0.020572
-0.0205201
-0.0204544
-0.0202597
-0.0199505
-0.0197245
-0.019435
-0.0190413
-0.0186056
-0.0182033
-0.0179823
-0.0177142
-0.0176609
-0.0175327
-0.0173294
-0.0170511
-0.0167255
-0.0165543
-0.0161726
-0.0158572
-0.015657
-0.0155251
-0.0153573
-0.0153203
-0.0151235
-0.0146096
-0.0140363
-0.0135483
-0.0129171
-0.012177
-0.0114439
-0.0110091
-0.0105614
-0.0101419
-0.00945577
-0.0089535
-0.00858107
-0.00824961
-0.00786584
-0.00737909
-0.00687245
-0.00628471
-0.00579828
-0.00549891
-0.00516231
-0.00486956
-0.00472216
-0.0045029
-0.00446156
-0.00467099
-0.00491896
-0.0052711
-0.00568052
-0.00614527
-0.0065462
-0.00678798
-0.0070966
-0.00758299
-0.00804517
-0.00828705
-0.00829216
-0.00822766
-0.00816278
-0.0081895
-0.00824943
-0.00830821
-0.00834584
-0.00857623
-0.00879261
-0.0088159
-0.00878006
-0.00867716
-0.0083961
-0.00807887
-0.00783296
-0.00773778
-0.00781798
-0.00783118
-0.00781613
-0.00769906
-0.00759014
-0.00743047
-0.00737009
-0.00724692
-0.00707455
-0.00684768
-0.00679243
-0.00678589
-0.00678909
-0.00661372
-0.00633045
-0.00609223
-0.00593237
-0.00583596
-0.00573981
-0.00560278
-0.005717
-0.00589165
-0.00600618
-0.00617261
-0.00645219
-0.00679399
-0.00713406
-0.00754759
-0.00798572
-0.00829644
-0.00864366
-0.00918724
-0.00965165
-0.0100684
-0.010333
-0.0104561
-0.0107288
-0.0111216
-0.0114873
-0.0118891
-0.0120998
-0.0122669
-0.0124465
-0.0126514
-0.0126648
-0.0128016
-0.0129972
-0.0129476
-0.0128512
-0.0126854
-0.0127487
-0.0124608
-0.012235
-0.0120882
-0.0122067
-0.0123879
-0.0125374
-0.0126826
-0.01304
-0.0133209
-0.0134296
-0.0136927
-0.0139533
-0.0142713
-0.0146523
-0.0149294
-0.0151233
-0.0153389
-0.0157523
-0.0159624
-0.0160429
-0.0158891
-0.0158309
-0.0158702
-0.0157337
-0.0156159
-0.0155121
-0.0151732
-0.0148944
-0.0147542
-0.0145522
-0.0143185
-0.0142963
-0.0141523
-0.0139043
-0.0134762
-0.0130701
-0.0125012
-0.0119233
-0.0111938
-0.0106906
-0.0100386
-0.0093025
-0.008546
-0.00784871
-0.00715115
-0.00643027
-0.00592264
-0.00557755
-0.00482508
-0.00414224
-0.00365941
-0.00307526
-0.00238893
-0.00168123
-0.00108417
-0.000231208
0.000609484
0.00126602
0.00188993
0.00267667
0.00338393
0.00394104
0.00452672
0.00502133
0.00589429
0.00666329
0.00732636
0.00812433
0.00884755
0.00945889
0.0101684
0.0108299
0.0114058
0.0119386
0.0126562
0.0132972
0.0140275
0.0147869
0.0155746
0.0164266
0.0171746
0.0179376
0.0186425
0.0192433
0.0198226
0.0205791
0.0213501
0.0220573
0.0227806
0.0233996
0.0239622
0.024515
0.0251249
0.0257935
0.0263443
0.0268919
0.0274444
0.0276789
0.0277248
0.0279611
0.0281176
0.0284401
0.0286504
0.0288117
0.0290309
0.0292702
0.0294348
0.0295927
0.0294632
0.0295169
0.0296404
0.0295981
0.0295823
0.0294788
0.0294576
0.0292911
0.029286
0.0292225
0.0290904
0.0289551
0.0287677
0.0283625
0.0278964
0.0275576
0.027228
0.0270091
0.0266581
0.0264239
0.0264788
0.0263823
0.0260588
0.0260179
0.0258314
0.0255492
0.0250819
0.0248077
0.0244962
0.0243034
0.0241093
0.024047
0.0237862
0.0236842
0.0235129
0.0231429
0.022854
0.0225955
0.0224047
0.0222346
0.022004
0.021832
0.0216429
0.0215946
0.0214044
0.0211767
0.0207658
0.0201156
0.0194261
0.0189585
0.0181465
0.0174462
0.0170031
0.0165039
0.0162295
0.0159503
0.0158155
0.015903
0.0159914
0.0160055
0.016306
0.0164119
0.0162507
0.0160203
0.0156796
0.0152241
0.0147054
0.0143535
0.0140826
0.0136408
0.0130711
0.0127131
0.0123526
0.0118678
0.0114424
0.0108084
0.0103304
0.00950732
0.00872921
0.00773401
0.00658452
0.00546274
0.00430067
0.00325517
0.00242648
0.00177997
0.00101856
0.000256258
-0.000530282
-0.00102099
-0.00156833
-0.00215764
-0.00290045
-0.00345445
-0.00386415
-0.00443916
-0.00490983
-0.00537067
-0.00588074
-0.00636877
-0.0068952
-0.00731971
-0.00764821
-0.00793267
-0.00819953
-0.00846697
-0.00888928
-0.00938955
-0.00989225
-0.0104479
-0.0109891
-0.0113921
-0.011763
-0.0117415
-0.0119785
-0.0122122
-0.0125567
-0.0130274
-0.0135665
-0.0138307
-0.0140085
-0.0142943
-0.0148555
-0.0153916
-0.0162083
-0.0172072
-0.0180759
-0.0192396
-0.0203091
-0.0212427
-0.022022
-0.022477
-0.0229059
-0.0232155
-0.0235131
-0.0238502
-0.0242355
-0.0249219
-0.0257731
-0.0266948
-0.0274747
-0.0279663
-0.0287031
-0.0292988
-0.0298831
-0.030326
-0.0306328
-0.031095
-0.0314353
-0.0314291
-0.03149
-0.0318083
-0.0320866
-0.0324267
-0.0330212
-0.0339244
-0.034756
-0.0350899
-0.0354181
-0.0356549
-0.035717
-0.0356226
-0.0355627
-0.0357607
-0.0360112
-0.0359966
-0.0360299
-0.0362444
-0.0366418
-0.0369147
-0.0371545
-0.0375267
-0.0376545
-0.0377248
-0.0377144
-0.0378871
-0.0381298
-0.0384738
-0.0383246
-0.0383879
-0.0386928
-0.0389719
-0.0393573
-0.0396621
-0.0400151
-0.0402217
-0.0405657
-0.0408179
-0.0412693
-0.0418998
-0.0422024
-0.0423602
-0.0426315
-0.0422651
-0.0418229
-0.0415827
-0.0412498
-0.0407964
-0.0404368
-0.0399758
-0.0395868
-0.0389798
-0.0382764
-0.037543
-0.0370968
-0.0367078
-0.0360068
-0.0353836
-0.0349302
-0.0341777
-0.0334674
-0.0328364
-0.0323579
-0.0318152
-0.0312544
-0.0305865
-0.0297086
-0.0287402
-0.0280061
-0.0274041
-0.0265817
-0.0254647
-0.0242786
-0.023213
-0.0221786
-0.0212015
-0.0201811
-0.0193457
-0.0185452
-0.0180892
-0.0173784
-0.0166995
-0.0160059
-0.0153019
-0.0143038
-0.0131304
-0.0121599
-0.01124
-0.0101345
-0.00919422
-0.00821528
-0.00740783
-0.00659449
-0.00568687
-0.00501954
-0.00480602
-0.0042246
-0.00361762
-0.00296565
-0.00206069
-0.000976379
-0.000133639
0.000805845
0.00174014
0.00282769
0.00373792
0.00453942
0.00510741
0.00553722
0.00612299
0.00690357
0.00756165
0.00813205
0.00833616
0.00881097
0.00904923
0.00906437
0.00903284
0.00915248
0.00926562
0.00967385
0.0101898
0.0107825
0.0112596
0.0118301
0.0122791
0.0125385
0.012665
0.0128872
0.0133383
0.0138123
0.0145513
0.0157182
0.0169563
0.0181586
0.0192942
0.0203089
0.0213678
0.0222631
0.0232071
0.0241657
0.0251347
0.0258133
0.0264993
0.027068
0.0273424
0.0276574
0.0280067
0.0284237
0.0289269
0.0295291
0.0296565
0.029867
0.0297738
0.0297684
0.0297615
0.0300119
0.0304308
0.030404
0.0302451
0.0301259
0.0300858
0.0301093
0.0302215
0.0307269
0.0313909
0.0317076
0.0319438
0.0324117
0.0329829
0.0335178
0.0339383
0.0344977
0.0352111
0.0361046
0.0368755
0.0376542
0.0380739
0.0384798
0.0388309
0.0391635
0.0392432
0.0393659
0.0391634
0.0389489
0.0389225
0.0387376
0.0382916
0.0378801
0.0374717
0.0369901
0.0363286
0.0358036
0.0353553
0.035133
0.0344173
0.0337222
0.0328699
0.0319518
0.0310031
0.0300807
0.0294784
0.0290049
0.0283625
0.0276918
0.0271658
0.0265268
0.0260587
0.0255172
0.0250302
0.024619
0.0243493
0.0242467
0.0244124
0.0244272
0.0245167
0.0245303
0.024579
0.0244799
0.0242961
0.0241501
0.0240644
0.0238025
0.0239692
0.0240426
0.0243095
0.024516
0.0245769
0.0243379
0.0243245
0.0242835
0.0239962
0.0236524
0.0231519
0.0226713
0.0221935
0.0215658
0.0211451
0.0207616
0.0203846
0.0198295
0.0191949
0.0183739
0.017323
0.0161729
0.01509
0.0141493
0.0128336
0.011542
0.0102378
0.00902901
0.00792646
0.0068051
0.00589156
0.00474973
0.00353023
0.00219726
0.00124054
0.000153165
-0.00115987
-0.00237701
-0.00367185
-0.00503748
-0.00622553
-0.00742992
-0.0082374
-0.00894699
-0.00964174
-0.0102997
-0.01105
-0.0119654
-0.0128757
-0.0137059
-0.0146231
-0.015496
-0.0163211
-0.0170837
-0.0181064
-0.0192182
-0.0202643
-0.0214412
-0.022577
-0.0235376
-0.024395
-0.0253923
-0.026128
-0.0270145
-0.0279377
-0.029064
-0.0299193
-0.0306953
-0.0316233
-0.0327856
-0.0337017
-0.0346096
-0.035429
-0.036288
-0.0366195
-0.0372693
-0.0381679
-0.0389172
-0.0394391
-0.0398042
-0.0398613
-0.0400867
-0.0401076
-0.040262
-0.0404734
-0.0409782
-0.0412917
-0.0417067
-0.0423752
-0.0427417
-0.0430761
-0.0435166
-0.0433071
-0.0429496
-0.0427642
-0.0425221
-0.0424264
-0.0425005
-0.0423684
-0.0419428
-0.0417125
-0.0417071
-0.0417522
-0.0416612
-0.0413195
-0.0409083
-0.0407681
-0.0402908
-0.0398497
-0.0392803
-0.0386546
-0.0382319
-0.0378485
-0.0376935
-0.0369551
-0.0363905
-0.0357291
-0.0349482
-0.0344224
-0.0336616
-0.0328157
-0.0319156
-0.0312392
-0.0305401
-0.0297242
-0.0289329
-0.0278051
-0.0263893
-0.0250999
-0.023652
-0.0225814
-0.021256
-0.0196756
-0.0183838
-0.0173178
-0.016301
-0.0153081
-0.0144502
-0.0138688
-0.0128651
-0.0121553
-0.0117009
-0.0108797
-0.0095882
-0.0085331
-0.00748462
-0.0065452
-0.00557299
-0.00491306
-0.00416431
-0.00320693
-0.00228861
-0.00112205
-0.000177378
0.00111471
0.00230491
0.00352802
0.00487747
0.00600621
0.00719787
0.00841351
0.00969203
0.0110599
0.0125286
0.0142925
0.0161848
0.0175814
0.0187553
0.0199992
0.0213293
0.0225198
0.023814
0.0247155
0.0258255
0.0264633
0.0274971
0.0283868
0.0290253
0.0294123
0.0301582
0.0309866
0.0316366
0.032352
0.0333287
0.0345338
0.0355852
0.0366514
0.0378436
0.0385975
0.0392606
0.0398131
0.0404072
0.0408605
0.0412642
0.041886
0.0423324
0.0425857
0.0429132
0.0430705
0.0433711
0.0439186
0.0449245
0.0457556
0.0463417
0.0469893
0.047567
0.0479986
0.0483318
0.0487196
0.0491136
0.0494258
0.0497377
0.0502523
0.0510171
0.05165
0.0524343
0.0529456
0.0534994
0.0537246
0.0540133
0.0539579
0.0534041
0.0527942
0.0516
0.0503517
0.0491601
0.0470281
0.0446197
0.0418256
0.0391589
0.0361398
0.0329226
0.0311073
0.0289989
0.0274972
0.0251801
0.0231625
0.0212635
0.0190992
0.0166946
0.0144279
0.0123217
0.0105685
0.00930854
0.00835887
0.00829531
0.00965485
0.0106332
0.0124318
0.0138477
0.0148468
0.015427
0.0153355
0.0157526
0.0154704
0.0158877
0.0162355
0.0161598
0.016438
0.0167699
0.0171083
0.0171733
0.0165326
0.0155476
0.0133936
0.0128237
0.0121878
0.0115092
0.0107474
0.00887659
0.00625586
0.00270683
-0.000367435
-0.00295134
-0.0035294
-0.00389888
-0.00663421
-0.00888223
-0.01038
-0.012579
-0.0146621
-0.0155589
-0.0165329
-0.016742
-0.01645
-0.0174278
-0.0179567
-0.0181697
-0.0184025
-0.0179969
-0.0164663
-0.0153939
-0.0140639
-0.0118652
-0.00980052
-0.00692647
-0.00380988
-0.00263118
-0.00124474
-0.00107494
-0.00103421
-0.00143202
-0.000698203
-0.000663139
-0.00208601
-0.00186871
-0.00232788
-0.00197311
-0.000822701
-0.000212689
0.000968417
0.00066488
0.000812302
1.72029e-05
-0.000605734
-9.2627e-05
-0.00122932
-0.00143603
-0.00102833
-0.000146275
0.000287739
0
