1
-0.998998
0.996994
-0.994987
0.992979
-0.990968
0.988956
-0.986941
0.984925
-0.982906
0.980885
-0.978863
0.976838
-0.974811
0.972782
-0.970751
0.968718
-0.966683
0.964646
-0.962607
0.960566
-0.958523
0.956478
-0.95443
0.952381
-0.950329
0.948276
-0.94622
0.944162
-0.942103
0.940041
-0.937977
0.93591
-0.933842
0.931772
-0.929699
0.927625
-0.925548
0.923469
-0.921388
0.919305
-0.91722
0.915133
-0.913043
0.910952
-0.908858
0.906762
-0.904664
0.902564
-0.900462
0.898357
-0.896251
0.894142
-0.892031
0.889918
-0.887802
0.885685
-0.883565
0.881443
-0.879319
0.877193
-0.875581
0.875
-0.874935
0.874871
-0.874806
0.874741
-0.874676
0.874611
-0.874546
0.874481
-0.874416
0.874351
-0.874286
0.87422
-0.874155
0.874089
-0.874024
0.873958
-0.873893
0.873827
-0.873761
0.873695
-0.873629
0.873563
-0.873497
0.873431
-0.873365
0.873298
-0.873232
0.873166
-0.873099
0.873033
-0.872966
0.872899
-0.872832
0.872766
-0.872699
0.872632
-0.872564
0.872497
-0.87243
0.872363
-0.872295
0.872228
-0.872161
0.872093
-0.872025
0.871958
-0.87189
0.871822
-0.871754
0.871686
-0.871618
0.87155
-0.871482
0.871413
-0.871345
0.871277
-0.871208
0.87114
-0.871071
0.871002
-0.870933
0.870864
-0.870795
0.870726
-0.870657
0.870588
-0.870519
0.87045
-0.87038
0.870311
-0.870241
0.870172
-0.870102
0.870032
-0.869962
0.869892
-0.869822
0.869752
-0.869682
0.869612
-0.869542
0.869471
-0.869401
0.86933
-0.86926
0.869189
-0.869118
0.869048
-0.868977
0.868906
-0.868835
0.868764
-0.868692
0.868621
-0.86855
0.868478
-0.868407
0.868335
-0.868263
0.868192
-0.86812
0.868048
-0.867976
0.867904
-0.867832
0.86776
-0.867687
0.867615
-0.867542
0.86747
-0.867397
0.867325
-0.867252
0.867179
-0.867106
0.867033
-0.86696
0.866887
-0.866813
0.86674
-0.866667
0.866593
-0.86652
0.866446
-0.866372
0.866298
-0.866224
0.86615
-0.866076
0.866002
-0.865928
0.865854
-0.865779
0.865705
-0.86563
0.865556
-0.865481
0.865406
-0.865331
0.865256
-0.865181
0.865106
-0.865031
0.864955
-0.86488
0.864804
-0.864729
0.864653
-0.864577
0.864502
-0.864426
0.86435
-0.864274
0.864198
-0.864121
0.864045
-0.863968
0.863892
-0.863815
0.863739
-0.863662
0.863585
-0.863508
0.863431
-0.863354
0.863277
-0.863199
0.863122
-0.863045
0.862967
-0.862889
0.862812
-0.862734
0.862656
-0.862578
0.8625
-0.862422
0.862344
-0.862265
0.862187
-0.862108
0.86203
-0.861951
0.861872
-0.861793
0.861714
-0.861635
0.861556
-0.861477
0.861397
-0.861318
0.861239
-0.861159
0.861079
-0.860999
0.86092
-0.860839
0.860759
-0.860679
0.860599
-0.860519
0.860438
-0.860358
0.860277
-0.860196
0.860116
-0.860035
0.859954
-0.859873
0.859791
-0.85971
0.859629
-0.859547
0.859466
-0.859384
0.859302
-0.85922
0.859139
-0.859056
0.858974
-0.858892
0.85881
-0.858727
0.858645
-0.858562
0.85848
-0.858397
0.858314
-0.858231
0.858148
-0.858064
0.857981
-0.857898
0.857814
-0.857731
0.857647
-0.857563
0.857479
-0.857395
0.857311
-0.857227
0.857143
-0.857058
0.856974
-0.856889
0.856805
-0.85672
0.856635
-0.85655
0.856465
-0.85638
0.856295
-0.856209
0.856124
-0.856038
0.855952
-0.855866
0.855781
-0.855695
0.855609
-0.855522
0.855436
-0.85535
0.855263
-0.855176
0.85509
-0.855003
0.854916
-0.854829
0.854742
-0.854655
0.854567
-0.85448
0.854392
-0.854305
0.854217
-0.854129
0.854041
-0.853953
0.853865
-0.853776
0.853688
-0.853599
0.853511
-0.853422
0.853333
-0.853244
0.853155
-0.853066
0.852977
-0.852887
0.852798
-0.852708
0.852619
-0.852529
0.852439
-0.852349
0.852259
-0.852168
0.852078
-0.851988
0.851897
-0.851806
0.851716
-0.851625
0.851534
-0.851442
0.851351
-0.85126
0.851169
-0.851077
0.850985
-0.850893
0.850801
-0.850709
0.850617
-0.850525
0.850433
-0.85034
0.850248
-0.850155
0.850062
-0.849969
0.849876
-0.849783
0.849689
-0.849596
0.849502
-0.849409
0.849315
-0.849221
0.849127
-0.849033
0.848939
-0.848844
0.84875
-0.848655
0.848561
-0.848466
0.848371
-0.848276
0.848181
-0.848085
0.84799
-0.847894
0.847799
-0.847703
0.847607
-0.847511
0.847415
-0.847318
0.847222
-0.847126
0.847029
-0.846932
0.846835
-0.846738
0.846641
-0.846544
0.846447
-0.846349
0.846252
-0.846154
0.846056
-0.845958
0.84586
-0.845761
0.845663
-0.845565
0.845466
-0.845367
0.845269
-0.845169
0.84507
-0.844971
0.844872
-0.844772
0.844673
-0.844573
0.844473
-0.844373
0.844273
-0.844172
0.844072
-0.843971
0.843871
-0.84377
0.843669
-0.843568
0.843467
-0.843366
0.843264
-0.843163
0.843061
-0.842959
0.842857
-0.842755
0.842653
-0.84255
0.842448
-0.842345
0.842243
-0.842139
0.842037
-0.841933
0.84183
-0.841726
0.841623
-0.841519
0.841415
-0.841311
0.841207
-0.841103
0.840999
-0.840894
0.840789
-0.840685
0.84058
-0.840474
0.840369
-0.840264
0.840159
-0.840053
0.839947
-0.839841
0.839735
-0.839629
0.839523
-0.839416
0.839309
-0.839202
0.839096
-0.838989
0.838881
-0.838774
0.838667
-0.838559
0.838451
-0.838343
0.838235
-0.838127
0.838019
-0.83791
0.837802
-0.837693
0.837584
-0.837475
0.837366
-0.837256
0.837147
-0.837037
0.836927
-0.836817
0.836707
-0.836597
0.836486
-0.836376
0.836265
-0.836154
0.836043
-0.835932
0.835821
-0.835709
0.835598
-0.835486
0.835374
-0.835262
0.83515
-0.835037
0.834925
-0.834812
0.834699
-0.834586
0.834473
-0.83436
0.834247
-0.834133
0.834019
-0.833905
0.833791
-0.833677
0.833563
-0.833448
0.833333
-0.833218
0.833103
-0.832988
0.832873
-0.832757
0.832642
-0.832526
0.83241
-0.832294
0.832178
-0.832061
0.831944
-0.831827
0.831711
-0.831593
0.831476
-0.831476
0.832753
-0.83403
0.835311
-0.836592
0.837876
-0.839161
0.840448
-0.841736
0.843027
-0.844319
0.845614
-0.84691
0.848208
-0.849507
0.850809
-0.852112
0.853418
-0.854725
0.856034
-0.857344
0.858657
-0.859971
0.861288
-0.862606
0.863926
-0.865248
0.866572
-0.867897
0.869225
-0.870554
0.871886
-0.873219
0.874555
-0.875891
0.877231
-0.878571
0.879914
-0.881259
0.882606
-0.883954
0.885305
-0.886657
0.888012
-0.889368
0.890726
-0.892086
0.893449
-0.894812
0.896179
-0.897547
0.898917
-0.900289
0.901663
-0.903039
0.904417
-0.905797
0.907179
-0.908563
0.909949
-0.911337
0.911337
-0.911273
0.911208
-0.911143
0.911079
-0.911014
0.910949
-0.910884
0.910819
-0.910753
0.910688
-0.910623
0.910557
-0.910491
0.910426
-0.91036
0.910294
-0.910228
0.910162
-0.910096
0.910029
-0.909963
0.909897
-0.90983
0.909763
-0.909696
0.90963
-0.909562
0.909496
-0.909428
0.909361
-0.909293
0.909226
-0.909158
0.909091
-0.909023
0.908955
-0.908887
0.908819
-0.908751
0.908683
-0.908614
0.908546
-0.908477
0.908408
-0.908339
0.908271
-0.908201
0.908133
-0.908063
0.907994
-0.907924
0.907855
-0.907785
0.907716
-0.907645
0.907576
-0.907505
0.907436
-0.907365
0.907295
-0.907224
0.907154
-0.907083
0.907012
-0.906941
0.90687
-0.906799
0.906728
-0.906656
0.906585
-0.906513
0.906442
-0.90637
0.906298
-0.906226
0.906154
-0.906081
0.906009
-0.905937
0.905864
-0.905791
0.905719
-0.905646
0.905573
-0.905499
0.905426
-0.905353
0.90528
-0.905206
0.905132
-0.905058
0.904984
-0.90491
0.904836
-0.904762
0.904687
-0.904613
0.904538
-0.904463
0.904389
-0.904313
0.904239
-0.904163
0.904088
-0.904012
0.903937
-0.903861
0.903785
-0.903709
0.903633
-0.903557
0.903481
-0.903404
0.903328
-0.903251
0.903175
-0.903097
0.903021
-0.902943
0.902866
-0.902789
0.902711
-0.902633
0.902556
-0.902478
0.9024
-0.902322
0.902244
-0.902165
0.902087
-0.902008
0.901929
-0.90185
0.901771
-0.901692
0.901613
-0.901533
0.901454
-0.901374
0.901294
-0.901214
0.901135
-0.901054
0.900974
-0.900893
0.900813
-0.900732
0.900651
-0.90057
0.900489
-0.900408
0.900327
-0.900245
0.900164
-0.900082
0.9
-0.899918
0.899836
-0.899753
0.899671
-0.899588
0.899506
-0.899423
0.89934
-0.899257
0.899174
-0.89909
0.899007
-0.898923
0.898839
-0.898755
0.898671
-0.898587
0.898502
-0.898418
0.898333
-0.898248
0.898164
-0.898078
0.897993
-0.897908
0.897822
-0.897736
0.897651
-0.897565
0.897479
-0.897392
0.897306
-0.89722
0.897133
-0.897046
0.896959
-0.896872
0.896785
-0.896697
0.89661
-0.896522
0.896435
-0.896346
0.896259
-0.89617
0.896082
-0.895993
0.895904
-0.895815
0.895726
-0.895637
0.895548
-0.895458
0.895369
-0.895279
0.895189
-0.895099
0.895009
-0.894918
0.894828
-0.894736
0.894646
-0.894555
0.894464
-0.894372
0.894281
-0.894189
0.894097
-0.894005
0.893913
-0.89382
0.893728
-0.893635
0.893543
-0.893449
0.893357
-0.893263
0.89317
-0.893076
0.892982
-0.892888
0.892794
-0.8927
0.892606
-0.892511
0.892416
-0.892321
0.892226
-0.89213
0.892035
-0.891939
0.891844
-0.891748
0.891652
-0.891555
0.891459
-0.891362
0.891266
-0.891168
0.891071
-0.890974
0.890877
-0.890778
0.890681
-0.890583
0.890485
-0.890386
0.890288
-0.890189
0.89009
-0.889991
0.889892
-0.889792
0.889693
-0.889592
0.889493
-0.889392
0.889292
-0.889191
0.889091
-0.88899
0.888889
-0.888787
0.888686
-0.888584
0.888483
-0.88838
0.888278
-0.888176
0.888073
-0.88797
0.887868
-0.887764
0.887661
-0.887557
0.887454
-0.88735
0.887246
-0.887141
0.887037
-0.886932
0.886827
-0.886722
0.886617
-0.886511
0.886406
-0.8863
0.886194
-0.886087
0.885981
-0.885874
0.885768
-0.88566
0.885553
-0.885446
0.885338
-0.88523
0.885122
-0.885014
0.884906
-0.884797
0.884688
-0.884579
0.88447
-0.88436
0.88425
-0.88414
0.88403
-0.88392
0.88381
-0.883698
0.883588
-0.883476
0.883365
-0.883253
0.883142
-0.883029
0.882917
-0.882804
0.882692
-0.882579
0.882466
-0.882352
0.882239
-0.882125
0.882012
-0.881897
0.881783
-0.881668
0.881553
-0.881438
0.881323
-0.881207
0.881092
-0.880975
0.880859
-0.880742
0.880626
-0.880509
0.880392
-0.880274
0.880157
-0.880039
0.879921
-0.879802
0.879684
-0.879565
0.879447
-0.879327
0.879208
-0.879088
0.878968
-0.878848
0.878728
-0.878606
0.878486
-0.878364
0.878244
-0.878121
0.878
-0.877877
0.877756
-0.877632
0.87751
-0.877386
0.877264
-0.877139
0.877016
-0.876891
0.876768
-0.876642
0.876518
-0.876393
0.876268
-0.876142
0.876016
-0.87589
0.875764
-0.875637
0.87551
-0.875382
0.875256
-0.875127
0.875
-0.874871
0.874743
-0.874614
0.874486
-0.874356
0.874227
-0.874096
0.873967
-0.873836
0.873706
-0.873575
0.873444
-0.873312
0.873181
-0.873048
0.872917
-0.872784
0.872651
-0.872518
0.872385
-0.872251
0.872117
-0.871983
0.871849
-0.871713
0.871579
-0.871443
0.871308
-0.871171
0.871036
-0.870899
0.870763
-0.870625
0.870488
-0.87035
0.870213
-0.870074
0.869936
-0.869797
0.869658
-0.869518
0.869379
-0.869238
0.869099
-0.868957
0.868817
-0.868675
0.868534
-0.868392
0.868251
-0.868107
0.867965
-0.867822
0.867679
-0.867535
0.867391
-0.867246
0.867102
-0.866957
0.866812
-0.866666
0.866521
-0.866374
0.866228
-0.86608
0.865934
-0.865786
0.865639
-0.86549
0.865342
-0.865193
0.865044
-0.864894
0.864745
-0.864594
0.864444
-0.864293
0.864143
-0.86399
0.863839
-0.863686
0.863535
-0.863381
0.863229
-0.863074
0.862921
-0.862766
0.862613
-0.862457
0.862302
-0.862146
0.861991
-0.861834
0.861678
-0.86152
0.861364
-0.861205
0.861048
-0.860889
0.860731
-0.860571
0.860412
-0.860251
0.860092
-0.85993
0.85977
-0.859608
0.859447
-0.859284
0.859122
-0.858959
0.858796
-0.858632
0.858469
-0.858303
0.85814
-0.857974
0.857809
-0.857642
0.857477
-0.857309
0.857143
-0.856975
0.856808
-0.856638
0.856471
-0.856301
0.856132
-0.855961
0.855792
-0.85562
0.85545
-0.855278
0.855107
-0.854934
0.854762
-0.854588
0.854415
-0.85424
0.854067
-0.853891
0.853717
-0.85354
0.853365
-0.853188
0.853012
-0.852834
0.852657
-0.852478
0.8523
-0.85212
0.851942
-0.851761
0.851582
-0.8514
0.85122
-0.851037
0.850856
-0.850672
0.85049
-0.850306
0.850123
-0.849938
0.849754
-0.849567
0.849383
-0.849196
0.84901
-0.848822
0.848635
-0.848446
0.848259
-0.848069
0.84788
-0.847689
0.8475
-0.847308
0.847118
-0.846925
0.846734
-0.84654
0.846348
-0.846153
0.84596
-0.845764
0.84557
-0.845373
0.845178
-0.84498
0.844784
-0.844585
0.844388
-0.844188
0.84399
-0.843789
0.84359
-0.843388
0.843188
-0.842985
0.842784
-0.84258
0.842377
-0.842172
0.841969
-0.841763
0.841558
-0.841351
0.841146
-0.840938
0.840731
-0.840522
0.840314
-0.840104
0.839895
-0.839683
0.839474
-0.839261
0.83905
-0.838836
0.838624
-0.838409
0.838196
-0.83798
0.837766
-0.837549
0.837333
-0.837115
0.836898
-0.836679
0.836461
-0.83624
0.836022
-0.8358
0.83558
-0.835356
0.835135
-0.834911
0.834688
-0.834463
0.834239
-0.834012
0.833787
-0.833559
0.833333
-0.833104
0.832877
-0.832646
0.832418
-0.832186
0.831956
-0.831723
0.831492
-0.831257
0.831025
-0.830789
0.830556
-0.830319
0.830084
-0.829845
0.829609
-0.829369
0.829132
-0.828891
0.828652
-0.828409
0.828169
-0.827925
0.827684
-0.827438
0.827195
-0.826949
0.826705
-0.826457
0.826211
-0.825961
0.825714
-0.825463
0.825215
-0.824963
0.824713
-0.824459
0.824207
-0.823952
0.823699
-0.823443
0.823188
-0.82293
0.822674
-0.822415
0.822157
-0.821896
0.821637
-0.821375
0.821114
-0.82085
0.820588
-0.820322
0.820059
-0.819792
0.819527
-0.819258
0.818991
-0.818721
0.818452
-0.81818
0.81791
-0.817637
0.817365
-0.81709
0.816817
-0.81654
0.816265
-0.815986
0.81571
-0.815429
0.815152
-0.814869
0.81459
-0.814306
0.814024
-0.813739
0.813456
-0.813168
0.812883
-0.812594
0.812308
-0.812017
0.811728
-0.811436
0.811146
-0.810851
0.810559
-0.810263
0.809969
-0.809671
0.809375
-0.809075
0.808777
-0.808475
0.808176
-0.807872
0.807571
-0.807265
0.806962
-0.806654
0.806349
-0.806039
0.805732
-0.805421
0.805112
-0.804798
0.804487
-0.80578
0.808682
-0.811595
0.814517
-0.817449
0.820389
-0.82334
0.826299
-0.82927
0.832248
-0.835238
0.838236
-0.841245
0.844263
-0.847292
0.85033
-0.853379
0.856436
-0.859506
0.862583
-0.865673
0.868771
-0.871882
0.875001
-0.878132
0.881272
-0.884424
0.887585
-0.890758
0.89394
-0.897135
0.900339
-0.903555
0.90678
-0.910018
0.913266
-0.916526
0.919796
-0.923078
0.926371
-0.929676
0.93299
-0.936318
0.939656
-0.943007
0.946367
-0.949742
0.953126
-0.956523
0.959931
-0.963352
0.966784
-0.970229
0.973685
-0.977154
0.980635
-0.984129
0.987633
-0.991152
0.994682
-0.998225
1
-0.999998
1
-0.999998
1
-0.999998
1
-0.999998
1
-0.999998
1
-0.999998
1
-0.999998
1
-0.999998
1
-0.999998
1
-0.999998
1
-0.999998
1
-0.999997
1
-0.999997
1
-0.999997
1
-0.999997
1
-0.999997
1
-0.999997
1
-0.999997
1
-0.999997
1
-0.999997
1
-0.999997
1
-0.999997
1
-0.999997
1
-0.999997
1
-0.999997
1
-0.999997
1
-0.999997
1
-0.999997
1
-0.999997
1
-0.999997
1
-0.999997
1
-0.999997
1
-0.999997
1
-0.999997
1
-0.999997
1
-0.999997
1
-0.999997
1
-0.999997
1
-0.999997
1
-0.999997
1
-0.999997
1
-0.999997
1
-0.999997
1
-0.999997
1
-0.999997
1
-0.999997
1
-0.999997
1
-0.999996
1
-0.999996
1
-0.999996
1
-0.999996
1
-0.999996
1
-0.999996
1
-0.999996
1
-0.999996
1
-0.999996
1
-0.999996
1
-0.999996
1
-0.999996
1
-0.999996
1
-0.999996
1
-0.999996
1
-0.999996
1
-0.999996
1
-0.999996
1
-0.999996
1
-0.999996
1
-0.999996
1
-0.999996
1
-0.999996
1
-0.999996
1
-0.999995
1
-0.999995
1
-0.999995
1
-0.999995
1
-0.999995
1
-0.999995
1
-0.999995
1
-0.999995
1
-0.999995
1
-0.999995
1
-0.999995
1
-0.999995
1
-0.999995
1
-0.999995
1
-0.999995
1
-0.999995
1
-0.999995
1
-0.999995
1
-0.999994
1
-0.999994
1
-0.999994
1
-0.999994
1
-0.999994
1
-0.999994
1
-0.999994
1
-0.999994
1
-0.999994
1
-0.999994
1
-0.999994
1
-0.999994
1
-0.999994
1
-0.999994
1
-0.999993
1
-0.999993
1
-0.999993
1
-0.999993
1
-0.999993
1
-0.999993
1
-0.999993
1
-0.999993
1
-0.999993
1
-0.999993
1
-0.999993
1
-0.999992
1
-0.999992
1
-0.999992
1
-0.999992
1
-0.999992
1
-0.999992
1
-0.999992
1
-0.999992
1
-0.999992
1
-0.999992
1
-0.999991
1
-0.999991
1
-0.999991
1
-0.999991
1
-0.999991
1
-0.999991
1
-0.999991
1
-0.99999
1
-0.99999
1
-0.99999
1
-0.99999
1
-0.99999
1
-0.99999
1
-0.99999
1
-0.999989
1
-0.999989
1
-0.999989
1
-0.999989
1
-0.999989
1
-0.999989
1
-0.999988
1
-0.999988
1
-0.999988
1
-0.999988
1
-0.999988
1
-0.999987
1
-0.999987
1
-0.999987
1
-0.999987
1
-0.999987
1
-0.999986
1
-0.999986
1
-0.999986
1
-0.999986
1
-0.999985
1
-0.999985
1
-0.999985
1
-0.999985
1
-0.999984
1
-0.999984
1
-0.999984
1
-0.999983
1
-0.999983
1
-0.999983
1
-0.999982
1
-0.999982
1
-0.999982
1
-0.999981
1
-0.999981
1
-0.999981
1
-0.99998
1
-0.99998
1
-0.99998
1
-0.999979
1
-0.999979
1
-0.999978
1
-0.999978
1
-0.999977
1
-0.999977
1
-0.999976
1
-0.999976
1
-0.999975
1
-0.999975
1
-0.999974
1
-0.999973
1
-0.999973
1
-0.999972
1
-0.999972
1
-0.999971
1
-0.99997
1
-0.999969
1
-0.999969
1
-0.999968
1
-0.999967
1
-0.999966
1
-0.999965
1
-0.999965
1
-0.999964
1
-0.999963
1
-0.999962
1
-0.999961
1
-0.999959
1
-0.999958
1
-0.999957
1
-0.999956
1
-0.999955
1
-0.999953
1
-0.999952
1
-0.99995
1
-0.999949
1
-0.999947
1
-0.999946
1
-0.999944
1
-0.999942
1
-0.99994
1
-0.999938
1
-0.999936
1
-0.999934
1
-0.999931
1
-0.999929
1
-0.999926
1
-0.999923
1
-0.99992
1
-0.999917
1
-0.999914
1
-0.999911
1
-0.999907
1
-0.999903
1
-0.999899
1
-0.999894
1
-0.99989
1
-0.999885
1
-0.999879
1
-0.999874
1
-0.999867
1
-0.999861
1
-0.999854
1
-0.999846
1
-0.999838
1
-0.999829
1
-0.999819
1
-0.999809
1
-0.999797
1
-0.999785
1
-0.999771
1
-0.999756
1
-0.999739
1
-0.999721
1
-0.999701
1
-0.999679
1
-0.999653
1
-0.999625
1
-0.999594
1
-0.999558
1
-0.999517
1
-0.999471
1
-0.999417
1
-0.999355
1
-0.999283
1
-0.999198
1
-0.999097
1
-0.998976
1
-0.998828
1
-0.998647
1
-0.99842
1
-0.998131
1
-0.997756
1
-0.997256
1
-0.996569
1
-0.995589
1
-0.994121
1
-0.991781
1
-0.987709
1
-0.979662
1
-0.960096
1
-0.889037
1
0
