1.00036
0.995484
0.990352
0.985461
0.979938
0.97373
0.96837
0.962476
0.956185
0.949762
0.943353
0.936414
0.928952
0.921668
0.914793
0.907933
0.901112
0.894242
0.887237
0.880244
0.873444
0.866466
0.859791
0.852824
0.845763
0.838933
0.832104
0.824772
0.817419
0.810323
0.803278
0.796914
0.790614
0.784334
0.778409
0.772446
0.766222
0.760125
0.753936
0.748003
0.742473
0.736921
0.731178
0.725193
0.718809
0.712155
0.70589
0.6999
0.693669
0.687656
0.682221
0.676593
0.671045
0.665894
0.661274
0.656625
0.652402
0.64854
0.644508
0.640263
0.636041
0.631943
0.628146
0.624164
0.620641
0.617153
0.613504
0.609546
0.606
0.602786
0.599909
0.597228
0.594872
0.593297
0.591842
0.590404
0.588661
0.58706
0.58498
0.58311
0.581788
0.581148
0.580588
0.580027
0.580019
0.579513
0.578582
0.578181
0.577951
0.577154
0.576759
0.577146
0.577643
0.578397
0.579909
0.581542
0.583098
0.585167
0.587609
0.590559
0.593205
0.595716
0.598201
0.600535
0.60297
0.605811
0.608984
0.612561
0.616227
0.619804
0.623147
0.626411
0.629174
0.6314
0.633822
0.636746
0.639961
0.643362
0.647075
0.650451
0.653648
0.656764
0.659656
0.662715
0.665617
0.668795
0.671767
0.674618
0.676988
0.679101
0.680708
0.682116
0.682959
0.683583
0.684257
0.684801
0.68501
0.685534
0.68576
0.686101
0.686547
0.686846
0.686761
0.686571
0.686115
0.685515
0.68486
0.683809
0.682933
0.682218
0.681283
0.68018
0.679103
0.677473
0.675462
0.673188
0.671084
0.669014
0.66705
0.664792
0.662305
0.659558
0.656974
0.653877
0.650582
0.647489
0.644624
0.641807
0.639123
0.636296
0.633063
0.629795
0.626468
0.622894
0.619334
0.615895
0.612255
0.608234
0.60402
0.599501
0.595061
0.59087
0.586827
0.583091
0.579744
0.576141
0.57243
0.568695
0.564704
0.560689
0.556623
0.55291
0.549091
0.545259
0.541616
0.538099
0.534579
0.530872
0.527486
0.524191
0.52084
0.517371
0.514279
0.511157
0.507936
0.504912
0.50192
0.49865
0.495288
0.492116
0.489335
0.486612
0.483568
0.480272
0.477083
0.473901
0.470892
0.46794
0.464993
0.461783
0.458258
0.45493
0.451689
0.448763
0.446012
0.443468
0.441163
0.438965
0.436849
0.434861
0.43307
0.431418
0.429939
0.428313
0.426923
0.425609
0.424603
0.423632
0.422867
0.422029
0.421467
0.420836
0.420104
0.419468
0.418776
0.418151
0.418045
0.418021
0.417728
0.417535
0.417485
0.417452
0.417453
0.417204
0.416535
0.415614
0.415025
0.414414
0.413713
0.412732
0.411804
0.410687
0.40943
0.407879
0.406141
0.404584
0.40327
0.401777
0.400218
0.39879
0.397364
0.396128
0.394719
0.393186
0.391572
0.389777
0.387913
0.386034
0.384053
0.381907
0.380162
0.378203
0.376251
0.374607
0.372852
0.371118
0.369796
0.368536
0.367013
0.365619
0.364146
0.36255
0.361292
0.36029
0.359309
0.358024
0.356876
0.355689
0.354599
0.353449
0.352329
0.351025
0.34971
0.348346
0.346644
0.345102
0.34367
0.34216
0.340436
0.339254
0.338072
0.336976
0.335963
0.334949
0.333858
0.33249
0.330898
0.329505
0.328062
0.32621
0.324427
0.322835
0.321034
0.319144
0.317155
0.31521
0.313111
0.311119
0.30908
0.307122
0.304751
0.302429
0.299813
0.297053
0.294292
0.291712
0.288812
0.285895
0.282904
0.279854
0.276846
0.273816
0.270833
0.267737
0.26457
0.261364
0.258282
0.255348
0.252506
0.249601
0.246639
0.243851
0.240984
0.238252
0.235401
0.232618
0.22999
0.227498
0.225118
0.222723
0.220389
0.218186
0.216069
0.213905
0.211983
0.209959
0.207636
0.205485
0.203679
0.201848
0.199964
0.198114
0.196123
0.194094
0.192043
0.19012
0.188121
0.185963
0.18398
0.181888
0.179909
0.177962
0.17615
0.174283
0.172354
0.170516
0.168712
0.166823
0.165058
0.163485
0.161763
0.160024
0.158326
0.156569
0.154931
0.153399
0.151817
0.150039
0.14843
0.146731
0.145084
0.143418
0.141822
0.140094
0.138373
0.136821
0.135147
0.133189
0.131331
0.129569
0.1278
0.126059
0.124344
0.122455
0.120701
0.118787
0.116685
0.114707
0.112871
0.110946
0.108877
0.106961
0.105285
0.103614
0.10197
0.10031
0.0988175
0.0973503
0.09598
0.0946686
0.0933084
0.0916538
0.090101
0.0885272
0.0868439
0.0849608
0.0830935
0.0813872
0.0798831
0.0783897
0.0769307
0.0752403
0.0737213
0.0721351
0.07033
0.0685749
0.0669871
0.0653074
0.0636085
0.061984
0.0606406
0.0591304
0.0577293
0.0562372
0.0547551
0.0532609
0.0518119
0.0504089
0.0490807
0.0476232
0.04616
0.0446491
0.0431587
0.0416471
0.0404371
0.0390434
0.0373812
0.0359657
0.034526
0.0331964
0.0320829
0.0308265
0.0295023
0.0280885
0.0264774
0.0247644
0.0231226
0.0213107
0.0194248
0.0174344
0.015576
0.0136143
0.0117089
0.0101304
0.0084607
0.00682796
0.00517638
0.00371966
0.00225216
0.00093021
-0.000384711
-0.00171365
-0.00305011
-0.00422122
-0.00549241
-0.00683001
-0.00793255
-0.00900158
-0.0100328
-0.0111797
-0.0125481
-0.0140981
-0.0156779
-0.0171728
-0.0186909
-0.0200516
-0.0214104
-0.0227912
-0.0243108
-0.0256937
-0.0270508
-0.0286803
-0.0303616
-0.0318608
-0.0334185
-0.0350469
-0.036554
-0.0380728
-0.0396
-0.0411676
-0.0425378
-0.0439854
-0.045231
-0.0462417
-0.047077
-0.0480972
-0.0490682
-0.0499381
-0.050509
-0.0510849
-0.0517407
-0.0522448
-0.0524747
-0.0528359
-0.0530587
-0.0533271
-0.0537879
-0.0542608
-0.0547111
-0.0552563
-0.0557203
-0.0562557
-0.0569561
-0.0579962
-0.0591404
-0.0600953
-0.0608607
-0.0618951
-0.0627895
-0.0633434
-0.0641073
-0.0648836
-0.0655216
-0.0661617
-0.0667522
-0.0675436
-0.068534
-0.0693413
-0.0700566
-0.0707893
-0.0714439
-0.0722751
-0.0733797
-0.0741677
-0.074971
-0.0759831
-0.0770611
-0.0778568
-0.0787314
-0.0795125
-0.0803311
-0.0810349
-0.0818908
-0.0829005
-0.0837186
-0.0845037
-0.0855207
-0.0866177
-0.0876529
-0.0888119
-0.0896463
-0.0904882
-0.0913286
-0.0923137
-0.0933528
-0.0945203
-0.0958412
-0.0971533
-0.0985333
-0.0999445
-0.101405
-0.102757
-0.104093
-0.105342
-0.106577
-0.107792
-0.10895
-0.110163
-0.111271
-0.112401
-0.11365
-0.114871
-0.116204
-0.117482
-0.118924
-0.120111
-0.121218
-0.122146
-0.123043
-0.12399
-0.124997
-0.125977
-0.126972
-0.127795
-0.128592
-0.129255
-0.129603
-0.129749
-0.130079
-0.130314
-0.130673
-0.131043
-0.131335
-0.131508
-0.131709
-0.131888
-0.132229
-0.132632
-0.132881
-0.133074
-0.133148
-0.133169
-0.133197
-0.133118
-0.132903
-0.132734
-0.13242
-0.132166
-0.131753
-0.13138
-0.130847
-0.130209
-0.129582
-0.129148
-0.128692
-0.128094
-0.127669
-0.127289
-0.1268
-0.126397
-0.126182
-0.126057
-0.126003
-0.125898
-0.125854
-0.125656
-0.125348
-0.124928
-0.124441
-0.12391
-0.12343
-0.123034
-0.122568
-0.12212
-0.121649
-0.121201
-0.120749
-0.120361
-0.120047
-0.119637
-0.119192
-0.118698
-0.118183
-0.117812
-0.117436
-0.116889
-0.116393
-0.11622
-0.115967
-0.115781
-0.115359
-0.114734
-0.114023
-0.113342
-0.112813
-0.112492
-0.112333
-0.112167
-0.112015
-0.111983
-0.11179
-0.111641
-0.111514
-0.111433
-0.111324
-0.111215
-0.111185
-0.111206
-0.11125
-0.111369
-0.111598
-0.111801
-0.11199
-0.112129
-0.112195
-0.112297
-0.112565
-0.112697
-0.112885
-0.11327
-0.1136
-0.113817
-0.114026
-0.114353
-0.114578
-0.114875
-0.115267
-0.115808
-0.116405
-0.117142
-0.117974
-0.118841
-0.119657
-0.12054
-0.12138
-0.122211
-0.123066
-0.123836
-0.124576
-0.125315
-0.12602
-0.126823
-0.127565
-0.12836
-0.129306
-0.130237
-0.131164
-0.132037
-0.132974
-0.133859
-0.134673
-0.135646
-0.136505
-0.137349
-0.137966
-0.138424
-0.138839
-0.139277
-0.139715
-0.140182
-0.14065
-0.140969
-0.141312
-0.141623
-0.141836
-0.14196
-0.141834
-0.141504
-0.14129
-0.140991
-0.140684
-0.140573
-0.140644
-0.140535
-0.140517
-0.140174
-0.139866
-0.139386
-0.138823
-0.137944
-0.137158
-0.136075
-0.135187
-0.134417
-0.133817
-0.133278
-0.132846
-0.13246
-0.132135
-0.131587
-0.130956
-0.130199
-0.129337
-0.12865
-0.127996
-0.127202
-0.126272
-0.125149
-0.123893
-0.122672
-0.121381
-0.119993
-0.118594
-0.117078
-0.115386
-0.11384
-0.112211
-0.110868
-0.109568
-0.108068
-0.106594
-0.105146
-0.103663
-0.102136
-0.100667
-0.0993035
-0.0979632
-0.096458
-0.0948953
-0.0935498
-0.0921811
-0.0909369
-0.0897461
-0.0886096
-0.0875295
-0.0864309
-0.0853468
-0.0844058
-0.0835406
-0.0827585
-0.0820274
-0.081378
-0.0806708
-0.0799371
-0.0793041
-0.0785198
-0.0778716
-0.0774103
-0.0769927
-0.0766345
-0.076426
-0.0761067
-0.0757975
-0.0754751
-0.0749844
-0.0745987
-0.0743927
-0.0741181
-0.0736996
-0.0733746
-0.0730365
-0.0725976
-0.0721713
-0.0717701
-0.0714913
-0.0712213
-0.0710089
-0.0709377
-0.0709727
-0.0711569
-0.0714674
-0.0718042
-0.0722977
-0.0726555
-0.0730727
-0.0734912
-0.0740112
-0.0744822
-0.0749016
-0.0752967
-0.0756227
-0.0761452
-0.0767274
-0.0772966
-0.0775759
-0.077709
-0.0777578
-0.0777888
-0.0778492
-0.0777492
-0.0775541
-0.0776157
-0.0775428
-0.0774828
-0.0775231
-0.0775988
-0.0774844
-0.0775856
-0.0775883
-0.0774175
-0.0772119
-0.0768374
-0.0763687
-0.0758266
-0.0753703
-0.0748991
-0.0745131
-0.0741833
-0.0737277
-0.0730766
-0.0724445
-0.0717571
-0.0711225
-0.0707113
-0.0703406
-0.0698412
-0.069209
-0.0686181
-0.0679178
-0.0672934
-0.0665756
-0.0659286
-0.0651318
-0.0644169
-0.0638161
-0.0631811
-0.0624164
-0.0614995
-0.0606372
-0.0599678
-0.0592768
-0.0586042
-0.0578568
-0.0571683
-0.0564973
-0.0559036
-0.0553515
-0.0546431
-0.0539889
-0.0532931
-0.0526015
-0.0518825
-0.0510021
-0.049881
-0.0488526
-0.047823
-0.0469123
-0.0461445
-0.0453242
-0.0443841
-0.0434679
-0.0425754
-0.0415723
-0.0404922
-0.0392702
-0.0380147
-0.0367564
-0.0355583
-0.034494
-0.0335202
-0.0324662
-0.0315565
-0.0306246
-0.0295799
-0.0286439
-0.0275991
-0.0264981
-0.0254786
-0.0244741
-0.0234167
-0.0224732
-0.0216349
-0.0209051
-0.020231
-0.0195923
-0.0189985
-0.0183476
-0.0178968
-0.0173292
-0.0168633
-0.0163341
-0.0158166
-0.0151953
-0.0145194
-0.0138031
-0.0130452
-0.012296
-0.0115143
-0.0107272
-0.00999642
-0.00929406
-0.00853712
-0.00780202
-0.00707322
-0.00638136
-0.00592026
-0.00555156
-0.00517583
-0.00486882
-0.00454968
-0.00420463
-0.0040448
-0.00399844
-0.00397993
-0.0040456
-0.00410308
-0.00424072
-0.00429892
-0.00446283
-0.00455833
-0.00472415
-0.00488917
-0.00507247
-0.00512811
-0.00509117
-0.00514049
-0.00526978
-0.00539092
-0.00559513
-0.00570278
-0.00577115
-0.00581426
-0.00581503
-0.00589392
-0.00601091
-0.00589066
-0.00568482
-0.00536359
-0.00500906
-0.00454308
-0.00400883
-0.00339762
-0.00284313
-0.00218845
-0.00160384
-0.00106337
-0.000449509
0.000241115
0.0010665
0.00193769
0.00280368
0.00370048
0.00467082
0.00554605
0.00649773
0.00749104
0.00845819
0.00940044
0.0104034
0.0112668
0.0119431
0.0126844
0.0135046
0.0142475
0.0150392
0.0158278
0.0164064
0.0169961
0.0174555
0.0178578
0.0181728
0.0185502
0.0189056
0.0191547
0.0193649
0.0196017
0.0198338
0.0200281
0.020223
0.0204757
0.0208002
0.0211846
0.0215964
0.021969
0.0222804
0.0226619
0.0231021
0.0234918
0.0238846
0.024315
0.0247879
0.0252631
0.0257344
0.0261987
0.0266988
0.0272385
0.0277443
0.0282455
0.028709
0.0291603
0.0295904
0.0298826
0.0301943
0.0305073
0.0308713
0.0311554
0.0314346
0.031767
0.0321016
0.0324099
0.0327015
0.033038
0.0334281
0.0338175
0.0340783
0.0342766
0.0344554
0.0346216
0.0347533
0.0348842
0.035011
0.0351917
0.0353622
0.0355146
0.0357255
0.0358841
0.0358802
0.0358191
0.0356137
0.0354656
0.0353552
0.0350662
0.0346753
0.0342923
0.0337962
0.0332498
0.032823
0.0323746
0.0320445
0.0318003
0.0315557
0.0312487
0.0309326
0.0306628
0.0304138
0.0300967
0.0299604
0.0299507
0.0298861
0.0297407
0.0296359
0.0295987
0.0296859
0.0298234
0.0298925
0.0299655
0.0301357
0.0302708
0.0304354
0.0305878
0.0307368
0.0308724
0.0309888
0.0311215
0.0312176
0.0313371
0.0315024
0.0317324
0.0319023
0.0320567
0.0321684
0.0323407
0.0324862
0.0325436
0.0325414
0.0325274
0.0325589
0.0325974
0.0326256
0.0326403
0.0327318
0.0328529
0.0329551
0.0330291
0.0331071
0.0331507
0.0331964
0.0332771
0.0333761
0.0334563
0.0335564
0.033618
0.0338105
0.0340255
0.0342429
0.0344883
0.0347063
0.0349061
0.0351285
0.0353417
0.0355784
0.0358035
0.0360362
0.0362869
0.0365587
0.036756
0.0369636
0.0371101
0.0371912
0.037265
0.0372957
0.0373351
0.0375269
0.037673
0.0376926
0.0377296
0.0377822
0.0378317
0.0378512
0.037801
0.0378986
0.0380984
0.0383025
0.0384687
0.0385861
0.0386895
0.0387503
0.0387711
0.0388089
0.0387718
0.0387486
0.0387564
0.0387994
0.0387573
0.0386891
0.0387181
0.0386435
0.0386221
0.0386657
0.0386316
0.0386099
0.0386317
0.0386512
0.0386098
0.0385909
0.0384984
0.0383484
0.0381944
0.038051
0.0378542
0.0375989
0.0373283
0.037097
0.0368867
0.0367401
0.0365805
0.0364454
0.0363038
0.0361236
0.035924
0.0357581
0.035496
0.0353003
0.0351446
0.0349497
0.0348651
0.0348625
0.0347133
0.0345816
0.0344559
0.0343477
0.0341902
0.0339312
0.0336998
0.0334026
0.0331302
0.0328809
0.0326909
0.0324042
0.0321761
0.0319007
0.0316558
0.0314928
0.0313059
0.0310568
0.0308056
0.030602
0.0303722
0.0301828
0.029995
0.0298052
0.0296267
0.0294666
0.0293021
0.0292088
0.0291517
0.0290759
0.0291191
0.0292315
0.0293153
0.0293858
0.0294739
0.0296467
0.0296916
0.0297648
0.0298263
0.0298316
0.0297368
0.0298078
0.0299578
0.0301105
0.0303931
0.0306968
0.0309849
0.0311724
0.0314339
0.031703
0.0319366
0.0320524
0.032233
0.0325222
0.032826
0.0331328
0.0334477
0.0337822
0.0341242
0.0344076
0.0346658
0.0349946
0.0353349
0.0356063
0.0359048
0.0361568
0.0364075
0.0365461
0.0367818
0.0369696
0.0371926
0.037431
0.0376417
0.037836
0.0378946
0.0378779
0.0378972
0.0378653
0.0377646
0.0376646
0.0375454
0.037409
0.0372517
0.0370517
0.0369207
0.0369024
0.0369346
0.0369459
0.0369358
0.0369297
0.0369077
0.0369328
0.0369473
0.0369216
0.0367983
0.0366898
0.0366807
0.0367439
0.0367625
0.0367626
0.0367062
0.0366697
0.0365718
0.0366502
0.0367925
0.0368997
0.0369923
0.0371545
0.037337
0.0373761
0.0372882
0.037207
0.0371419
0.0369514
0.0367027
0.0363967
0.0360803
0.0356841
0.0352724
0.0348553
0.0343338
0.0336356
0.0328975
0.0321304
0.0312036
0.0302303
0.0294478
0.0287066
0.0279944
0.0273125
0.0267247
0.0261606
0.0256453
0.0250217
0.0242733
0.0233408
0.0222768
0.0211444
0.0200533
0.0189294
0.0178843
0.0169484
0.0160996
0.0155228
0.014991
0.0145601
0.01415
0.0136452
0.0131071
0.0127064
0.0122365
0.0117401
0.0113003
0.0108317
0.0104127
0.0100469
0.00967552
0.00937215
0.0090455
0.00850354
0.00804431
0.00767898
0.00733149
0.00695298
0.00660981
0.0063328
0.00615165
0.00602503
0.00592606
0.00579877
0.00571899
0.00574798
0.00593543
0.00615246
0.00637734
0.00651734
0.00676527
0.00693064
0.00701861
0.00714051
0.00727679
0.00746309
0.00762196
0.0077564
0.00797848
0.00814579
0.00837864
0.00860302
0.00887868
0.00919312
0.00949339
0.00984024
0.0102925
0.0107661
0.0111528
0.0114337
0.0117979
0.0121994
0.0125691
0.0129433
0.0133401
0.0138056
0.0143075
0.0148658
0.0153774
0.016004
0.016683
0.0173851
0.0180406
0.0185711
0.0190224
0.0194709
0.0199129
0.0202164
0.020502
0.0209828
0.021508
0.021924
0.0223224
0.0226723
0.0228409
0.0229264
0.0233326
0.0235959
0.0236931
0.0237229
0.0239219
0.0242434
0.0246989
0.0251713
0.0256208
0.0259369
0.0262359
0.0265612
0.0266899
0.0267261
0.0266387
0.0265207
0.0264204
0.0263127
0.0261988
0.0260056
0.0260115
0.0259221
0.0256781
0.0253608
0.024994
0.0246019
0.0243248
0.0241784
0.0239152
0.0236299
0.0231608
0.0226346
0.0221798
0.021699
0.0211943
0.0208281
0.0204049
0.0200345
0.0196701
0.0190977
0.0184055
0.0175392
0.0168032
0.0159326
0.0151573
0.014526
0.0138796
0.0131337
0.012251
0.0113815
0.0103202
0.00921744
0.00814075
0.00711345
0.0061714
0.00506087
0.00377892
0.00236403
0.00105836
-0.000429948
-0.00197674
-0.00344571
-0.00486681
-0.00627148
-0.00765819
-0.00910842
-0.0106452
-0.0121345
-0.0136592
-0.0152204
-0.0165451
-0.0179562
-0.0194827
-0.020912
-0.0222125
-0.0235594
-0.0251646
-0.0266092
-0.0279622
-0.0292896
-0.0303726
-0.0308997
-0.0315586
-0.0325267
-0.0334821
-0.0343625
-0.0352423
-0.036183
-0.0370194
-0.0377502
-0.0388141
-0.0399484
-0.0410442
-0.0419394
-0.0427074
-0.0430899
-0.0433446
-0.0435084
-0.0439144
-0.0442203
-0.0446255
-0.0450048
-0.0450435
-0.0451445
-0.0452002
-0.0451943
-0.0447567
-0.044195
-0.0432781
-0.0421687
-0.0411748
-0.039949
-0.0386226
-0.0375787
-0.0364393
-0.0352223
-0.0341176
-0.0330275
-0.0320035
-0.0311673
-0.0304526
-0.0296255
-0.0286383
-0.0278256
-0.027187
-0.026565
-0.0259309
-0.0255201
-0.0248118
-0.0239181
-0.0232283
-0.0224788
-0.0217477
-0.021023
-0.0203758
-0.0196244
-0.0186726
-0.0172346
-0.0154334
-0.0135598
-0.0117474
-0.00992131
-0.00795172
-0.00619441
-0.00455925
-0.00288898
-0.00070394
0.00152545
0.00360335
0.00534173
0.00705732
0.00895337
0.0108834
0.0130716
0.0150954
0.0174062
0.019632
0.0219167
0.0240864
0.0260015
0.0279143
0.0300599
0.0323503
0.0346862
0.036811
0.0389733
0.0409063
0.042272
0.0433559
0.0446433
0.0457386
0.0466665
0.0473665
0.048246
0.0489126
0.0494004
0.0498434
0.0502282
0.050094
0.0499797
0.0498924
0.0499385
0.0497739
0.0496949
0.0493043
0.0485934
0.0474782
0.0462533
0.0448483
0.0432175
0.0414269
0.0396343
0.0375485
0.035332
0.0326875
0.0301931
0.0276554
0.0249208
0.0225309
0.0203151
0.0176561
0.0149218
0.012356
0.00964421
0.00749714
0.00577642
0.00418533
0.00294537
0.00157908
-0.000229757
-0.0020924
-0.003775
-0.00563438
-0.00738016
-0.00918917
-0.0111521
-0.0128646
-0.0145341
-0.0164993
-0.0181908
-0.0202379
-0.0220862
-0.0239456
-0.0257055
-0.0274357
-0.0291667
-0.0310182
-0.0324646
-0.0344991
-0.0373051
-0.0403575
-0.0438871
-0.0471312
-0.0499925
-0.0522578
-0.054488
-0.0565968
-0.0583493
-0.059817
-0.0608974
-0.0620397
-0.0626087
-0.0631819
-0.06373
-0.0642998
-0.0645674
-0.0646601
-0.0646287
-0.064299
-0.0634975
-0.0631066
-0.0627878
-0.0621544
-0.0615463
-0.0611845
-0.0611863
-0.0611209
-0.0608331
-0.0603755
-0.0601754
-0.0601152
-0.0599465
-0.0599249
-0.0598157
-0.0592857
-0.0590299
-0.0585649
-0.05808
-0.0577567
-0.0571289
-0.0565792
-0.0561676
-0.0561305
-0.0555994
-0.0551528
-0.0543521
-0.0540099
-0.0531844
-0.0520583
-0.0511521
-0.0497499
-0.0475545
-0.0455521
-0.0427237
-0.0398413
-0.0368502
-0.0335377
-0.0301137
-0.0268914
-0.0234248
-0.020302
-0.017029
-0.0130544
-0.00888126
-0.00527663
-0.00164732
0.0022258
0.00549811
0.00867826
0.012366
0.0161045
0.0194744
0.0226189
0.0253231
0.0279455
0.0299345
0.0319838
0.0338082
0.0357096
0.0378198
0.040133
0.0423311
0.0448101
0.0471071
0.0498612
0.052544
0.0552068
0.0573296
0.0596094
0.0610066
0.0623853
0.0637917
0.0656585
0.0674859
0.0692907
0.071387
0.0728704
0.0741247
0.0753934
0.0761338
0.0759757
0.0762639
0.0764183
0.0762462
0.0757095
0.075439
0.0748155
0.073949
0.0725449
0.0712468
0.0698574
0.0677248
0.0650282
0.0621557
0.0589329
0.0552999
0.0514728
0.0477824
0.0438
0.0396585
0.0352438
0.0308397
0.0261549
0.0211461
0.0162479
0.0110512
0.00578529
0.000573421
-0.00458132
-0.0100394
-0.0155642
-0.0210583
-0.0257376
-0.0308735
-0.035377
-0.0395746
-0.0436427
-0.0474555
-0.0505029
-0.0530721
-0.0556572
-0.0586993
-0.0608525
-0.062455
-0.0631477
-0.0636131
-0.0640684
-0.0648823
-0.0655399
-0.0660965
-0.0664979
-0.0675226
-0.0686344
-0.0698449
-0.0707064
-0.0716951
-0.0729694
-0.0745052
-0.0758513
-0.0772571
-0.0786849
-0.0799752
-0.0820972
-0.0841498
-0.0858302
-0.0870952
-0.0880585
-0.089103
-0.0898811
-0.0904223
-0.0911331
-0.091447
-0.09213
-0.0928958
-0.0933627
-0.0937706
-0.0939258
-0.0944678
-0.0953093
-0.0952798
-0.0949507
-0.0944169
-0.093722
-0.0932366
-0.0925954
-0.0923626
-0.091482
-0.0907444
-0.0908031
-0.090629
-0.0899771
-0.0894736
-0.0886757
-0.0878884
-0.086933
-0.0859082
-0.0845341
-0.0831216
-0.0820013
-0.0812839
-0.0807773
-0.0801152
-0.0791099
-0.078343
-0.0774477
-0.0763725
-0.0750812
-0.0737649
-0.0719783
-0.0700529
-0.0676229
-0.0657247
-0.0639241
-0.0626321
-0.0614088
-0.0587119
-0.0558337
-0.0535754
-0.0516476
-0.0487552
-0.0458084
-0.041992
-0.0381028
-0.0339204
-0.0308611
-0.0275206
-0.0238468
-0.0207801
-0.0180104
-0.0154299
-0.0125038
-0.00950667
-0.00696789
-0.00523428
-0.00366212
-0.00317376
-0.00237946
-0.00151759
-0.000844658
-0.000766879
-0.0008217
-0.00094129
-0.000911065
-0.000775368
-0.000712909
-0.000652221
-0.000630323
-0.000651908
-0.000643558
-0.000547559
-0.00040391
-0.000419868
-0.000337562
-0.000364443
-0.000358364
-0.000331053
-0.000420415
-0.000487525
-0.000449067
-0.000465565
-0.00046346
-0.000495184
-0.000429024
-0.000370046
-0.000291853
-0.000179407
3.01757e-05
-4.0624e-05
9.71505e-05
0.000180728
0.000169909
0.000148229
0.000155693
0.000185546
0.000121696
0.000195468
6.5902e-05
0.000287957
0.000264913
0.000231822
0.000220344
8.57e-05
0.00030104
0.000303743
0.000317868
0.000307152
0.000314471
0.000269692
0.000179464
0.000215561
-7.29634e-05
4.38229e-05
-0.000231953
-0.000166374
-0.000340131
-0.000513379
-0.000270291
-0.000377053
0
0
0
0
0
0
0
0
0
0
0
0
0
