1.19203
0.999941
0.861034
0.755889
0.673557
0.607326
0.552902
0.50737
0.468716
0.435474
0.406595
0.381273
0.358885
0.338945
0.321078
0.304975
0.290387
0.27711
0.264968
0.253818
0.24355
0.234062
0.225273
0.217107
0.209506
0.202405
0.195755
0.189511
0.183641
0.178112
0.172897
0.167974
0.163314
0.158894
0.154703
0.150717
0.146925
0.143313
0.139866
0.136573
0.133427
0.130417
0.127536
0.124777
0.122126
0.119581
0.117131
0.11478
0.112521
0.110342
0.108248
0.106228
0.104282
0.102401
0.100583
0.0988268
0.0971317
0.0954955
0.0939102
0.0923745
0.0908846
0.089438
0.0880328
0.0866692
0.0853422
0.0840524
0.0827992
0.08158
0.0803937
0.0792377
0.0781159
0.0770258
0.0759634
0.074926
0.0739143
0.0729261
0.0719616
0.0710188
0.0700995
0.0692016
0.0683218
0.0674627
0.066625
0.0658047
0.0650031
0.0642195
0.0634542
0.0627079
0.061981
0.0612694
0.0605697
0.0598815
0.0592063
0.0585468
0.0578985
0.0572664
0.0566478
0.056041
0.0554433
0.0548591
0.0542829
0.0537178
0.0531644
0.0526225
0.0520912
0.0515686
0.0510548
0.0505519
0.0500597
0.0495763
0.0491004
0.0486329
0.0481734
0.0477207
0.0472751
0.0468366
0.0464076
0.0459862
0.0455693
0.045161
0.0447596
0.044365
0.0439751
0.0435911
0.0432136
0.0428419
0.0424743
0.0421127
0.0417582
0.0414084
0.0410631
0.0407224
0.0403862
0.0400552
0.0397306
0.0394112
0.0391
0.0387924
0.0384892
0.0381903
0.0378954
0.0376044
0.0373159
0.0370333
0.0367543
0.0364801
0.0362097
0.0359433
0.0356797
0.0354191
0.0351618
0.0349099
0.0346613
0.0344173
0.0341769
0.0339397
0.0337035
0.033469
0.033236
0.0330062
0.032779
0.0325546
0.0323331
0.0321145
0.0318966
0.0316817
0.0314675
0.0312555
0.0310464
0.0308406
0.0306367
0.0304341
0.0302334
0.0300368
0.029841
0.0296461
0.0294532
0.0292626
0.0290752
0.0288909
0.0287078
0.0285273
0.0283456
0.0281654
0.0279865
0.0278098
0.0276356
0.027462
0.0272898
0.0271174
0.0269458
0.0267746
0.0266052
0.0264391
0.0262738
0.0261101
0.0259476
0.0257869
0.0256262
0.0254679
0.0253108
0.0251572
0.0250059
0.0248551
0.0247058
0.0245592
0.024414
0.0242704
0.0241266
0.0239836
0.0238419
0.023702
0.0235637
0.023426
0.0232893
0.023155
0.0230218
0.02289
0.0227605
0.0226321
0.0225039
0.0223766
0.0222517
0.0221274
0.0220042
0.0218814
0.0217597
0.0216394
0.0215179
0.021397
0.0212786
0.0211629
0.021047
0.0209313
0.0208162
0.0207024
0.0205893
0.0204774
0.020366
0.0202552
0.0201463
0.0200389
0.0199322
0.0198269
0.019723
0.0196208
0.0195195
0.0194192
0.0193205
0.0192227
0.0191257
0.0190287
0.0189328
0.0188372
0.0187417
0.0186473
0.0185544
0.018464
0.0183756
0.0182873
0.0181989
0.0181111
0.018024
0.0179377
0.0178533
0.0177688
0.0176859
0.0176035
0.0175218
0.0174404
0.0173593
0.0172783
0.0171981
0.0171182
0.0170382
0.01696
0.0168833
0.0168067
0.0167298
0.0166537
0.0165778
0.0165034
0.0164295
0.016356
0.0162821
0.0162083
0.0161353
0.0160626
0.0159897
0.0159176
0.0158471
0.0157771
0.0157067
0.0156369
0.015567
0.0154966
0.0154266
0.015357
0.0152883
0.0152192
0.0151508
0.0150835
0.0150173
0.0149516
0.014886
0.0148208
0.0147568
0.0146932
0.014631
0.0145694
0.0145083
0.014447
0.0143858
0.014325
0.0142654
0.014207
0.0141488
0.0140909
0.0140331
0.0139755
0.0139195
0.013864
0.0138089
0.0137528
0.013698
0.0136434
0.0135897
0.0135353
0.0134815
0.0134278
0.0133742
0.0133213
0.0132684
0.0132154
0.0131626
0.0131095
0.0130572
0.0130046
0.0129522
0.0129007
0.0128495
0.0127994
0.0127499
0.0127007
0.0126527
0.0126038
0.0125557
0.012508
0.0124609
0.0124132
0.0123662
0.0123187
0.0122716
0.012225
0.0121787
0.0121327
0.0120869
0.0120414
0.0119959
0.0119502
0.0119043
0.0118589
0.0118144
0.0117699
0.0117253
0.0116805
0.0116361
0.0115921
0.0115486
0.0115054
0.0114619
0.0114187
0.0113759
0.0113332
0.0112904
0.0112487
0.0112077
0.0111664
0.0111253
0.0110846
0.0110441
0.0110036
0.010963
0.0109219
0.0108809
0.0108396
0.0107986
0.0107581
0.0107179
0.0106772
0.0106363
0.0105958
0.0105551
0.0105139
0.0104722
0.0104306
0.0103888
0.0103469
0.0103055
0.0102638
0.010222
0.0101794
0.0101368
0.0100945
0.0100524
0.0100113
0.00997065
0.00993066
0.00989058
0.00985096
0.00981115
0.00977178
0.00973217
0.00969367
0.00965581
0.00961794
0.00958032
0.00954331
0.00950641
0.00946979
0.00943348
0.00939725
0.00936101
0.00932494
0.00928916
0.00925428
0.00921996
0.00918573
0.00915196
0.00911868
0.00908514
0.00905234
0.00902031
0.0089883
0.00895628
0.00892402
0.00889226
0.00886119
0.00883
0.00879886
0.0087675
0.00873606
0.00870465
0.00867438
0.00864431
0.00861484
0.00858562
0.00855644
0.00852684
0.00849725
0.00846799
0.00843899
0.00841025
0.00838169
0.00835321
0.00832412
0.00829522
0.00826557
0.00823636
0.0082073
0.00817828
0.0081488
0.00811903
0.00808981
0.00806083
0.00803244
0.00800448
0.00797645
0.00794867
0.00792177
0.007895
0.00786871
0.00784312
0.00781732
0.00779131
0.00776545
0.00774005
0.00771522
0.00769027
0.00766511
0.00764067
0.00761603
0.00759168
0.00756716
0.00754294
0.00751891
0.00749464
0.00747086
0.00744772
0.00742508
0.00740235
0.00737887
0.00735523
0.00733175
0.00730826
0.00728532
0.00726258
0.00723978
0.00721736
0.00719514
0.00717383
0.00715282
0.00713219
0.0071117
0.00709106
0.00707074
0.00705026
0.0070303
0.00701033
0.00699039
0.00697051
0.00695027
0.00693024
0.00691039
0.00689082
0.00687137
0.00685204
0.00683278
0.00681351
0.0067942
0.00677481
0.0067557
0.00673668
0.00671781
0.00669866
0.00667956
0.00666034
0.00664141
0.0066219
0.00660246
0.00658321
0.00656387
0.00654442
0.00652524
0.006506
0.00648655
0.00646748
0.00644768
0.0064281
0.00640828
0.00638848
0.00636934
0.00635019
0.00633134
0.00631265
0.00629436
0.00627604
0.00625731
0.0062388
0.00622015
0.00620132
0.00618204
0.00616298
0.0061437
0.00612459
0.00610558
0.00608637
0.00606724
0.006048
0.0060287
0.00600936
0.00599009
0.00597124
0.00595242
0.00593355
0.00591399
0.00589442
0.00587481
0.00585525
0.00583562
0.00581604
0.00579624
0.00577646
0.00575673
0.0057372
0.0057176
0.00569762
0.00567745
0.00565728
0.00563745
0.00561816
0.00559925
0.00558004
0.00556064
0.00554156
0.00552234
0.00550354
0.00548469
0.00546585
0.00544735
0.00542892
0.00541083
0.00539281
0.00537451
0.00535693
0.00533956
0.00532219
0.0053045
0.00528665
0.0052693
0.00525189
0.00523439
0.00521757
0.00520043
0.00518371
0.00516709
0.00515085
0.00513452
0.00511821
0.0051019
0.00508548
0.00506931
0.00505352
0.00503792
0.00502251
0.00500731
0.00499208
0.00497678
0.00496143
0.0049466
0.0049317
0.00491663
0.00490153
0.00488676
0.00487199
0.00485724
0.00484247
0.00482766
0.00481296
0.00479885
0.0047849
0.00477094
0.00475698
0.00474341
0.00472977
0.00471596
0.00470187
0.00468829
0.00467406
0.00465963
0.00464535
0.00463089
0.00461588
0.00460093
0.00458612
0.00457158
0.00455682
0.00454283
0.00452885
0.00451446
0.00449979
0.00448494
0.00447042
0.004456
0.00444202
0.00442815
0.00441435
0.00440065
0.00438704
0.00437369
0.00436025
0.00434683
0.0043332
0.0043201
0.0043069
0.00429405
0.00428101
0.00426797
0.00425504
0.00424222
0.00422955
0.0042174
0.00420477
0.00419199
0.00417879
0.00416566
0.0041522
0.00413866
0.0041251
0.00411166
0.00409826
0.00408494
0.00407152
0.00405802
0.00404516
0.00403253
0.00401982
0.00400715
0.00399502
0.00398275
0.00397114
0.00395983
0.0039485
0.00393715
0.00392558
0.00391414
0.00390264
0.00389152
0.00388057
0.00386976
0.00385887
0.00384809
0.00383728
0.00382624
0.00381531
0.00380442
0.00379357
0.00378249
0.00377166
0.00376069
0.00375007
0.00373973
0.00372953
0.00371923
0.00370851
0.003698
0.00368735
0.00367668
0.00366584
0.00365526
0.00364449
0.00363373
0.00362254
0.00361178
0.00360103
0.00359031
0.00357958
0.003569
0.00355839
0.00354789
0.00353729
0.00352659
0.00351594
0.00350517
0.00349443
0.00348434
0.00347432
0.00346479
0.00345526
0.00344536
0.00343504
0.00342485
0.00341487
0.00340517
0.00339526
0.00338521
0.00337537
0.00336531
0.00335538
0.00334558
0.00333555
0.00332502
0.00331464
0.00330479
0.00329511
0.0032851
0.00327503
0.00326505
0.003255
0.00324503
0.00323538
0.00322566
0.00321588
0.00320579
0.00319561
0.00318518
0.00317472
0.00316415
0.00315367
0.00314357
0.00313341
0.00312319
0.0031128
0.00310244
0.00309215
0.0030822
0.00307248
0.00306286
0.0030531
0.00304322
0.00303298
0.00302258
0.00301184
0.00300107
0.00299034
0.0029797
0.00296919
0.00295871
0.00294852
0.00293805
0.00292762
0.00291713
0.00290678
0.00289643
0.00288633
0.00287618
0.00286592
0.00285523
0.00284476
0.0028336
0.00282253
0.00281158
0.00280072
0.00278971
0.00277889
0.00276801
0.00275684
0.00274561
0.00273431
0.00272332
0.00271241
0.00270109
0.00268994
0.0026787
0.00266787
0.00265674
0.00264624
0.00263568
0.0026252
0.00261449
0.00260419
0.00259418
0.00258428
0.00257435
0.00256435
0.00255423
0.00254438
0.00253454
0.00252461
0.00251458
0.00250439
0.00249399
0.00248365
0.00247324
0.00246324
0.00245353
0.00244431
0.00243486
0.00242555
0.00241598
0.00240637
0.00239681
0.00238749
0.00237791
0.00236829
0.00235888
0.00234981
0.00234035
0.00233084
0.00232143
0.00231197
0.00230232
0.00229279
0.00228318
0.00227379
0.00226408
0.00225436
0.00224461
0.00223531
0.00222568
0.00221635
0.00220695
0.00219751
0.00218796
0.0021787
0.00216961
0.00216096
0.00215205
0.00214321
0.00213419
0.00212509
0.00211622
0.00210722
0.00209835
0.00208944
0.00208079
0.00207211
0.00206362
0.00205568
0.00204741
0.00203945
0.00203116
0.00202295
0.00201503
0.00200706
0.001999
0.00199108
0.00198321
0.00197525
0.00196746
0.0019597
0.00195195
0.00194412
0.00193635
0.00192866
0.00192104
0.0019136
0.00190646
0.00189966
0.00189289
0.00188621
0.00187929
0.00187228
0.00186533
0.00185812
0.00185076
0.00184327
0.00183576
0.00182798
0.0018203
0.00181218
0.00180408
0.00179631
0.0017886
0.00178082
0.00177307
0.00176568
0.0017585
0.00175144
0.00174411
0.0017368
0.00172937
0.00172193
0.0017149
0.0017077
0.00170037
0.00169288
0.00168499
0.00167722
0.00166911
0.0016609
0.00165295
0.0016449
0.00163687
0.001629
0.00162102
0.0016129
0.00160478
0.00159661
0.00158878
0.00158087
0.00157274
0.00156494
0.0015573
0.00154936
0.00154128
0.00153307
0.00152484
0.00151676
0.00150883
0.00150136
0.00149394
0.00148625
0.00147829
0.00147027
0.00146238
0.00145422
0.00144614
0.00143778
0.00142955
0.00142123
0.00141332
0.00140552
0.00139786
0.0013901
0.00138239
0.0013745
0.00136656
0.00135864
0.00135086
0.00134295
0.00133514
0.00132731
0.00131992
0.00131252
0.00130529
0.00129797
0.00129043
0.00128298
0.00127563
0.00126833
0.00126123
0.00125421
0.00124715
0.00123989
0.00123266
0.00122549
0.00121846
0.00121117
0.00120397
0.00119677
0.00118976
0.00118277
0.00117567
0.00116869
0.0011622
0.00115554
0.00114919
0.00114269
0.00113629
0.00113015
0.0011241
0.00111825
0.00111254
0.00110656
0.0011009
0.00109537
0.00109011
0.00108486
0.00107962
0.00107433
0.00106913
0.00106383
0.0010586
0.00105307
0.00104737
0.0010419
0.0010368
0.00103155
0.00102627
0.00102106
0.00101608
0.00101089
0.00100615
0.00100177
0.000997519
0.000993142
0.000988961
0.00098494
0.000981148
0.000977195
0.000973166
0.000969061
0.000965134
0.000960946
0.000956985
0.000953134
0.000949172
0.000945065
0.000941101
0.000936993
0.000932941
0.000929064
0.000925448
0.00092164
0.000918111
0.000914342
0.000910833
0.000907283
0.000903556
0.000899685
0.000895654
0.000891994
0.000888342
0.000884833
0.000881179
0.000877499
0.000873742
0.000869641
0.00086565
0.000861831
0.000858139
0.000854454
0.000850784
0.000846991
0.000842856
0.00083856
0.000834288
0.000830311
0.000826444
0.000822862
0.000819355
0.000815771
0.000812087
0.000808343
0.000804247
0.000800192
0.000796197
0.000792278
0.000788524
0.000784676
0.000780785
0.000776937
0.000772978
0.000769062
0.000765381
0.000761928
0.000758482
0.000755109
0.000751776
0.000748558
0.000745209
0.000741588
0.000737888
0.000734127
0.000730476
0.00072719
0.000724013
0.000720639
0.000717375
0.000713947
0.000710338
0.000707047
0.000703473
0.00070002
0.000696659
0.000693462
0.00069053
0.000687327
0.000684193
0.000681269
0.000678325
0.000675319
0.000672328
0.000669188
0.000665812
0.000662407
0.000659058
0.00065592
0.000653063
0.000650374
0.000647562
0.000644893
0.000641902
0.000639028
0.000636383
0.00063357
0.000630641
0.000627664
0.000624501
0.000621362
0.000618297
0.000615133
0.000612002
0.000608856
0.00060556
0.000602463
0.000599358
0.000596452
0.000593497
0.000590238
0.000586879
0.000583727
0.000580094
0.000576582
0.000573276
0.000569921
0.000566237
0.000562812
0.000559635
0.000556739
0.000553913
0.000550976
0.000547782
0.000544522
0.000541177
0.00053802
0.000534868
0.000531685
0.000528417
0.000525083
0.000521786
0.000518614
0.000515365
0.000512137
0.00050859
0.000505272
0.000502
0.000499054
0.000496145
0.000493491
0.000490893
0.000488192
0.000485493
0.000482673
0.000479769
0.000476936
0.000474019
0.000471138
0.000467978
0.000464821
0.000461785
0.000458711
0.000455546
0.000452542
0.00044934
0.000446458
0.000443388
0.00044057
0.000437521
0.000434636
0.000431507
0.000428362
0.000425517
0.000422851
0.000420204
0.000417254
0.000414289
0.00041129
0.00040831
0.000405492
0.000402498
0.000399648
0.000396575
0.000393487
0.000390125
0.000386872
0.000383676
0.0003805
0.00037738
0.000374156
0.000370917
0.000367609
0.000364072
0.000360751
0.000357451
0.000354171
0.000350876
0.000347601
0.000344365
0.000341036
0.000337882
0.000334815
0.000331753
0.000328729
0.000325665
0.000322959
0.000320415
0.000318
0.000315751
0.000313506
0.000311228
0.000309116
0.0003072
0.000305397
0.000303513
0.000301434
0.00029945
0.000297488
0.000295249
0.000292977
0.000290764
0.000288564
0.000286468
0.000284385
0.00028236
0.00028034
0.000278306
0.000276203
0.00027444
0.000272862
0.000271217
0.000269631
0.000268067
0.000266342
0.000264748
0.000262848
0.000260988
0.000259113
0.000257484
0.000255834
0.000254262
0.000252806
0.000251132
0.000249444
0.000247996
0.000246535
0.000245425
0.000244172
0.000242997
0.000241844
0.000240768
0.000239678
0.00023861
0.000237581
0.0002365
0.000235477
0.000234495
0.000233683
0.000232927
0.000232159
0.000231208
0.000230223
0.00022926
0.000228151
0.000227045
0.000225816
0.000224647
0.000223227
0.000221699
0.000220194
0.000218701
0.000217156
0.000215577
0.0002142
0.000212901
0.000211436
0.000209973
0.000208382
0.000206519
0.000204716
0.000202953
0.000200966
0.000198869
0.000197048
0.000195198
0.000193616
0.000192339
0.000190894
0.000189148
0.000187442
0.000185871
0.00018448
0.000182952
0.000181279
0.000179571
0.000177693
0.000175587
0.000173468
0.000171641
0.000169796
0.00016799
0.000165935
0.000163977
0.000162192
0.000160408
0.00015864
0.000156796
0.000154972
0.000153227
0.000151557
0.000149989
0.00014848
0.000146894
0.000145097
0.000143336
0.000141401
0.00013945
0.000137539
0.000135802
0.000134148
0.000132611
0.000131095
0.00012964
0.000128185
0.000126693
0.000125065
0.000123478
0.000121717
0.000119995
0.00011845
0.000116945
0.000115191
0.000113398
0.000111547
0.000109676
0.000107555
0.000105591
0.000103648
0.000101646
9.97054e-05
9.77461e-05
9.58274e-05
9.39125e-05
9.22008e-05
9.05079e-05
8.87213e-05
8.70363e-05
8.54137e-05
8.39634e-05
8.24157e-05
8.10898e-05
7.95066e-05
7.796e-05
7.63751e-05
7.47919e-05
7.32504e-05
7.1542e-05
6.97552e-05
6.80985e-05
6.61139e-05
6.39493e-05
6.17658e-05
5.97231e-05
5.78426e-05
5.58818e-05
5.41242e-05
5.22662e-05
5.03886e-05
4.84711e-05
4.70064e-05
4.55834e-05
4.41003e-05
4.25775e-05
4.11986e-05
3.98318e-05
3.88173e-05
3.79276e-05
3.69394e-05
3.57249e-05
3.46644e-05
3.37491e-05
3.30957e-05
3.27127e-05
3.24758e-05
3.24063e-05
3.21738e-05
3.20263e-05
3.20455e-05
3.23477e-05
3.26312e-05
3.30387e-05
3.34656e-05
3.38724e-05
3.43422e-05
3.44165e-05
3.47204e-05
3.50455e-05
3.57136e-05
3.64038e-05
3.69125e-05
3.75633e-05
3.81943e-05
3.89525e-05
3.95858e-05
4.03467e-05
4.09535e-05
4.16247e-05
4.25414e-05
4.33532e-05
4.40809e-05
4.48726e-05
4.57074e-05
4.66279e-05
4.78895e-05
4.90675e-05
5.0247e-05
5.12407e-05
5.21081e-05
5.29558e-05
5.39614e-05
5.50109e-05
5.61901e-05
5.73277e-05
5.82515e-05
5.91115e-05
5.99936e-05
6.05961e-05
6.1177e-05
6.17579e-05
6.21873e-05
6.2637e-05
6.3087e-05
6.34954e-05
6.41452e-05
6.48969e-05
6.5564e-05
6.63299e-05
6.68798e-05
6.75631e-05
6.81392e-05
6.88757e-05
6.97013e-05
7.04682e-05
7.12977e-05
7.19437e-05
7.26791e-05
7.3438e-05
7.43882e-05
7.53624e-05
7.62944e-05
7.7073e-05
7.77422e-05
7.82792e-05
7.87531e-05
7.92833e-05
7.95467e-05
7.9855e-05
8.01113e-05
8.01677e-05
8.04046e-05
8.04411e-05
8.03212e-05
8.01795e-05
7.98581e-05
7.96498e-05
7.95776e-05
7.95062e-05
7.9345e-05
7.9366e-05
7.93199e-05
7.89926e-05
7.85744e-05
7.82246e-05
7.78294e-05
7.76722e-05
7.75842e-05
7.74284e-05
7.7411e-05
7.74635e-05
7.75634e-05
7.76186e-05
7.75269e-05
7.75269e-05
7.73878e-05
7.71088e-05
7.69447e-05
7.70213e-05
7.7028e-05
7.71742e-05
7.7157e-05
7.68662e-05
7.65524e-05
7.6342e-05
7.63946e-05
7.65738e-05
7.67061e-05
7.68384e-05
7.70178e-05
7.70785e-05
7.70931e-05
7.6943e-05
7.67792e-05
7.66873e-05
7.64086e-05
7.60362e-05
7.55551e-05
7.50271e-05
7.4476e-05
7.3581e-05
7.29829e-05
7.2731e-05
7.2625e-05
7.24333e-05
7.22189e-05
7.18851e-05
7.13429e-05
7.07657e-05
7.00662e-05
6.93009e-05
6.84526e-05
6.75426e-05
6.65828e-05
6.55487e-05
6.46457e-05
6.37482e-05
6.29239e-05
6.19684e-05
6.12109e-05
6.02577e-05
5.93863e-05
5.85917e-05
5.79775e-05
5.74117e-05
5.66399e-05
5.58931e-05
5.51963e-05
5.49022e-05
5.46334e-05
5.44726e-05
5.43111e-05
5.4074e-05
5.37881e-05
5.34277e-05
5.32231e-05
5.32974e-05
5.33704e-05
5.32458e-05
5.31628e-05
5.30807e-05
5.30569e-05
5.31549e-05
5.32789e-05
5.34092e-05
5.34882e-05
5.35416e-05
5.3653e-05
5.37968e-05
5.3915e-05
5.41376e-05
5.43347e-05
5.46305e-05
5.49533e-05
5.54341e-05
5.57855e-05
5.61116e-05
5.62284e-05
5.63981e-05
5.66012e-05
5.70578e-05
5.76397e-05
5.83902e-05
5.90625e-05
5.97628e-05
6.01709e-05
6.05845e-05
6.08636e-05
6.13334e-05
6.20168e-05
6.27264e-05
6.33273e-05
6.36733e-05
6.41805e-05
6.44157e-05
6.45403e-05
6.46801e-05
6.51436e-05
6.54402e-05
6.56815e-05
6.59378e-05
6.62192e-05
6.64154e-05
6.65537e-05
6.68163e-05
6.69928e-05
6.72493e-05
6.75583e-05
6.77252e-05
6.79723e-05
6.83124e-05
6.87076e-05
6.91019e-05
6.96924e-05
7.03517e-05
7.1068e-05
7.16716e-05
7.2332e-05
7.2949e-05
7.35379e-05
7.41557e-05
7.46879e-05
7.49048e-05
7.50055e-05
7.51331e-05
7.5259e-05
7.53542e-05
7.56516e-05
7.60331e-05
7.60927e-05
7.58877e-05
7.56068e-05
7.54396e-05
7.5166e-05
7.50946e-05
7.50203e-05
7.50612e-05
7.51292e-05
7.5106e-05
7.49313e-05
7.45446e-05
7.43325e-05
7.386e-05
7.33714e-05
7.27596e-05
7.24778e-05
7.2075e-05
7.18528e-05
7.15227e-05
7.13611e-05
7.12303e-05
7.10693e-05
7.08258e-05
7.05497e-05
7.03504e-05
7.02728e-05
6.97749e-05
6.92294e-05
6.86941e-05
6.84044e-05
6.82063e-05
6.79884e-05
6.77372e-05
6.73266e-05
6.68499e-05
6.637e-05
6.5954e-05
6.55689e-05
6.52148e-05
6.49742e-05
6.47792e-05
6.47126e-05
6.45827e-05
6.46328e-05
6.44904e-05
6.42836e-05
6.39795e-05
6.37075e-05
6.36169e-05
6.38728e-05
6.41356e-05
6.41587e-05
6.40694e-05
6.38519e-05
6.38372e-05
6.37371e-05
6.35059e-05
6.32937e-05
6.31166e-05
6.25377e-05
6.18235e-05
6.11587e-05
6.04965e-05
5.97297e-05
5.87868e-05
5.79438e-05
5.72017e-05
5.63893e-05
5.55068e-05
5.46774e-05
5.37441e-05
5.27099e-05
5.17116e-05
5.11839e-05
5.05893e-05
5.00402e-05
4.93549e-05
4.8426e-05
4.7429e-05
4.66129e-05
4.62655e-05
4.5889e-05
4.56365e-05
4.53182e-05
4.50423e-05
4.45474e-05
4.45138e-05
4.43268e-05
4.42445e-05
4.41635e-05
4.39425e-05
4.35945e-05
4.29162e-05
4.22309e-05
4.14365e-05
4.06819e-05
3.993e-05
3.92275e-05
3.8632e-05
3.83066e-05
3.8024e-05
3.78613e-05
3.76279e-05
3.75118e-05
3.72495e-05
3.69906e-05
3.6579e-05
3.61644e-05
3.56275e-05
3.49781e-05
3.46043e-05
3.41925e-05
3.39417e-05
3.35349e-05
3.32104e-05
3.27259e-05
3.23229e-05
3.18e-05
3.12644e-05
3.09726e-05
3.07182e-05
3.05055e-05
3.00002e-05
2.94875e-05
2.88061e-05
2.80439e-05
2.7278e-05
2.65923e-05
2.58115e-05
2.4857e-05
2.41595e-05
2.33934e-05
2.25613e-05
2.18757e-05
2.11861e-05
2.03082e-05
1.95134e-05
1.85408e-05
1.74323e-05
1.61861e-05
1.5154e-05
1.41341e-05
1.34772e-05
1.28173e-05
1.24687e-05
1.19254e-05
1.14701e-05
1.1195e-05
1.06763e-05
1.01549e-05
9.8148e-06
9.88964e-06
9.78107e-06
9.81322e-06
9.68081e-06
9.5203e-06
9.26701e-06
8.99533e-06
8.60806e-06
8.36203e-06
8.21103e-06
8.06626e-06
8.07275e-06
8.37198e-06
8.72313e-06
8.97359e-06
8.97999e-06
8.93753e-06
8.74577e-06
8.05191e-06
7.50804e-06
6.78232e-06
6.0244e-06
5.23413e-06
4.43318e-06
3.78074e-06
3.46173e-06
3.35041e-06
3.44994e-06
3.60573e-06
3.71297e-06
3.90983e-06
4.00809e-06
4.06002e-06
3.82154e-06
3.71529e-06
3.8854e-06
3.95258e-06
4.24596e-06
4.27991e-06
4.2551e-06
3.95538e-06
3.77054e-06
3.53269e-06
3.4555e-06
3.42493e-06
3.73444e-06
4.04449e-06
4.21399e-06
4.17761e-06
4.15032e-06
3.89756e-06
3.76804e-06
3.70414e-06
3.58656e-06
3.47514e-06
3.18708e-06
3.09494e-06
3.07491e-06
3.37714e-06
3.49504e-06
3.6862e-06
3.80927e-06
3.87586e-06
3.56448e-06
3.31965e-06
3.07784e-06
3.06072e-06
3.11417e-06
2.85443e-06
2.55185e-06
2.3571e-06
2.43268e-06
2.85207e-06
3.1432e-06
3.37243e-06
3.46916e-06
3.26525e-06
3.12755e-06
2.43681e-06
1.73088e-06
9.37421e-07
5.44162e-08
-7.01563e-07
-1.33491e-06
-2.01809e-06
-2.71627e-06
-3.38757e-06
-4.00033e-06
-4.36604e-06
-4.58939e-06
-4.50562e-06
-4.34449e-06
-4.10422e-06
-4.02066e-06
-4.1369e-06
-4.4995e-06
-4.83047e-06
-5.00561e-06
-5.02107e-06
-4.87288e-06
-4.97667e-06
-4.66164e-06
-4.08775e-06
-3.42058e-06
-2.95866e-06
-2.18002e-06
-1.3887e-06
-6.73689e-07
2.33278e-07
9.2047e-07
9.18136e-07
6.30022e-07
6.68322e-07
2.62943e-07
-1.90778e-07
-8.5178e-07
-1.4615e-06
-1.71831e-06
-1.51419e-06
-1.12893e-06
-7.09667e-07
-1.10527e-07
8.80488e-07
1.5782e-06
2.26091e-06
2.45941e-06
2.55315e-06
2.53849e-06
2.41158e-06
2.50487e-06
2.25873e-06
1.7756e-06
1.08247e-06
4.89351e-07
-1.56895e-07
-5.23379e-07
-9.06136e-07
-1.18212e-06
-1.09601e-06
-1.34552e-06
-1.47593e-06
-2.13718e-06
-2.88336e-06
-3.86402e-06
-5.01444e-06
-6.20369e-06
-7.43379e-06
-8.2776e-06
-8.09427e-06
-7.61862e-06
-6.83669e-06
-5.73361e-06
-4.63343e-06
-3.33335e-06
-1.98324e-06
-1.43371e-06
-1.57922e-06
-1.39546e-06
-1.03695e-06
-6.70036e-07
-6.85975e-07
-1.53244e-07
-1.29648e-15
3.52991e-07
9.14322e-07
1.51175e-06
2.14391e-06
2.39802e-06
2.64356e-06
2.68193e-06
2.94402e-06
3.21788e-06
3.73876e-06
4.69512e-06
5.4365e-06
5.43533e-06
5.1484e-06
4.54811e-06
3.46456e-06
3.10837e-06
3.03158e-06
3.73702e-06
4.51404e-06
6.02804e-06
8.15655e-06
1.01162e-05
1.18887e-05
1.28029e-05
1.22323e-05
1.03581e-05
8.72616e-06
6.56852e-06
4.3048e-06
3.30548e-06
3.69516e-06
2.99568e-06
2.23169e-06
7.24246e-07
0
-2.59765e-06
-4.71136e-06
-6.13494e-06
-6.53313e-06
-5.15498e-06
-4.35532e-06
-2.09115e-06
0
0
-1.89433e-16
0
