1
0.997561
0.995205
0.99295
0.990827
0.988539
0.986234
0.983867
0.981463
0.979148
0.976762
0.974399
0.972044
0.969702
0.967229
0.964648
0.962193
0.959595
0.95712
0.954633
0.952094
0.949626
0.947232
0.944882
0.942579
0.940158
0.937799
0.935543
0.933212
0.930693
0.928428
0.926
0.923638
0.921312
0.919027
0.916649
0.914144
0.911623
0.909154
0.906726
0.904247
0.901812
0.899389
0.897052
0.89475
0.892533
0.890362
0.888175
0.885841
0.88368
0.881649
0.879583
0.877552
0.875451
0.873335
0.87125
0.869027
0.866947
0.864806
0.862797
0.860818
0.858868
0.856777
0.854801
0.852837
0.850832
0.848744
0.846666
0.844671
0.84271
0.840586
0.838532
0.836515
0.834379
0.831992
0.829582
0.827067
0.824582
0.822025
0.819622
0.817357
0.815139
0.813052
0.810882
0.808692
0.806467
0.804348
0.802186
0.799879
0.797622
0.79512
0.792734
0.790436
0.788009
0.785656
0.78347
0.781162
0.778832
0.776437
0.774051
0.771646
0.769136
0.766731
0.764299
0.761901
0.759485
0.757238
0.755212
0.753281
0.751192
0.749073
0.746809
0.744628
0.742545
0.740551
0.738432
0.736154
0.733736
0.731318
0.728891
0.726321
0.72374
0.721089
0.718304
0.715418
0.712511
0.709688
0.706808
0.704115
0.701495
0.698926
0.696405
0.693862
0.691326
0.688844
0.686405
0.684129
0.681865
0.679667
0.67744
0.675256
0.673186
0.671213
0.669031
0.666932
0.664866
0.662766
0.660649
0.658596
0.656416
0.65425
0.652021
0.649767
0.647461
0.645018
0.642641
0.640384
0.638159
0.63572
0.633499
0.631557
0.629575
0.627473
0.625164
0.622922
0.620683
0.618261
0.615917
0.613695
0.61136
0.608879
0.606506
0.60421
0.60183
0.599449
0.597159
0.594976
0.59297
0.591047
0.589064
0.587059
0.585088
0.583258
0.58147
0.57973
0.577926
0.576317
0.574534
0.572619
0.570541
0.568536
0.566372
0.564036
0.561753
0.559589
0.557434
0.555194
0.552764
0.550468
0.548191
0.546074
0.54403
0.541914
0.539639
0.537371
0.53533
0.533405
0.531338
0.52904
0.52673
0.524491
0.522446
0.52061
0.518725
0.516888
0.514931
0.512812
0.51072
0.508464
0.506272
0.504163
0.502157
0.500269
0.498503
0.496779
0.495043
0.493279
0.491612
0.490071
0.488371
0.486578
0.484831
0.483258
0.481698
0.480113
0.478479
0.476837
0.475127
0.4733
0.471584
0.469841
0.468121
0.466409
0.464488
0.462592
0.46071
0.458768
0.456733
0.454822
0.453032
0.451292
0.449636
0.448186
0.446754
0.445293
0.44368
0.442089
0.440505
0.438914
0.437288
0.435557
0.433846
0.432193
0.430453
0.428605
0.42649
0.424258
0.422092
0.419754
0.41733
0.414888
0.412565
0.410128
0.407558
0.405207
0.402933
0.400446
0.397852
0.395296
0.392572
0.389861
0.386999
0.384072
0.381281
0.378512
0.375919
0.373431
0.370964
0.368485
0.365724
0.362995
0.36028
0.357476
0.35454
0.35168
0.348877
0.346141
0.343451
0.340827
0.338369
0.335763
0.333326
0.330917
0.328361
0.325958
0.323462
0.32092
0.318207
0.31528
0.312429
0.309642
0.306851
0.304274
0.301634
0.299132
0.296436
0.293749
0.290858
0.287977
0.285081
0.282106
0.27919
0.276319
0.273295
0.270267
0.267411
0.264691
0.26209
0.259608
0.257161
0.254719
0.252114
0.249478
0.246557
0.243476
0.240418
0.237203
0.234065
0.230949
0.2278
0.224546
0.221379
0.21824
0.215172
0.212119
0.208986
0.205918
0.202798
0.199776
0.19684
0.193952
0.191194
0.1884
0.185735
0.183076
0.180432
0.177929
0.175521
0.17322
0.170966
0.168618
0.166452
0.164132
0.161922
0.159856
0.157658
0.155454
0.153346
0.151009
0.148644
0.146299
0.144019
0.141862
0.139666
0.137413
0.134932
0.132358
0.129785
0.127154
0.124596
0.121984
0.11919
0.116385
0.113447
0.110572
0.107721
0.104791
0.101716
0.0986758
0.095492
0.0922818
0.0890656
0.085868
0.0827037
0.0796384
0.0767788
0.0739878
0.0712595
0.0685012
0.0656992
0.062941
0.060366
0.0576383
0.054883
0.0520988
0.0492011
0.0462999
0.0434472
0.0405142
0.0376856
0.0348152
0.031806
0.0289144
0.0261174
0.0235854
0.0208688
0.0179599
0.0149975
0.0121478
0.00921512
0.00632335
0.00356344
0.00075108
-0.00209712
-0.00487961
-0.0076325
-0.0103633
-0.0128942
-0.0155487
-0.0184159
-0.0212417
-0.0240244
-0.0268984
-0.0299499
-0.032927
-0.0358643
-0.0387005
-0.0416504
-0.0445517
-0.0474789
-0.0502101
-0.0529404
-0.055633
-0.058323
-0.0608412
-0.0633465
-0.0657809
-0.0680294
-0.070223
-0.072507
-0.0748539
-0.0772271
-0.0794907
-0.0817
-0.0838221
-0.0860485
-0.0882986
-0.0904378
-0.0926038
-0.0947264
-0.0968616
-0.098849
-0.100886
-0.102875
-0.10489
-0.10682
-0.108629
-0.110548
-0.112459
-0.114269
-0.116183
-0.11812
-0.120039
-0.121839
-0.123622
-0.125244
-0.126809
-0.12823
-0.129651
-0.131124
-0.132601
-0.134035
-0.135403
-0.1368
-0.138171
-0.139454
-0.140738
-0.141874
-0.142946
-0.144126
-0.145246
-0.146448
-0.147647
-0.148831
-0.150015
-0.151064
-0.152186
-0.153498
-0.154854
-0.156254
-0.157569
-0.158831
-0.160174
-0.161564
-0.163043
-0.164536
-0.16611
-0.167796
-0.16964
-0.171434
-0.17311
-0.174782
-0.176256
-0.177583
-0.178733
-0.17975
-0.180553
-0.181226
-0.181811
-0.182612
-0.183465
-0.184385
-0.185299
-0.186174
-0.187163
-0.188238
-0.189424
-0.190609
-0.191769
-0.19273
-0.193655
-0.194656
-0.195778
-0.196993
-0.198243
-0.199506
-0.200847
-0.202399
-0.204039
-0.205677
-0.207093
-0.208459
-0.209925
-0.211272
-0.212642
-0.214021
-0.215423
-0.21672
-0.217952
-0.219199
-0.22054
-0.221951
-0.223409
-0.225004
-0.226515
-0.227934
-0.229345
-0.230817
-0.232387
-0.234036
-0.235833
-0.237733
-0.239502
-0.241315
-0.243004
-0.244719
-0.246268
-0.247749
-0.249229
-0.250836
-0.252334
-0.253784
-0.255371
-0.256943
-0.258365
-0.259686
-0.261078
-0.26235
-0.263542
-0.264748
-0.265945
-0.267122
-0.268263
-0.269434
-0.270666
-0.271788
-0.27298
-0.273995
-0.274998
-0.276108
-0.277143
-0.27808
-0.278891
-0.279641
-0.280543
-0.28156
-0.282562
-0.283483
-0.284405
-0.285217
-0.285927
-0.286601
-0.287156
-0.287731
-0.288229
-0.288786
-0.289398
-0.290128
-0.290834
-0.29149
-0.292188
-0.292927
-0.293827
-0.294627
-0.295621
-0.296604
-0.297579
-0.298554
-0.299291
-0.300146
-0.301065
-0.301928
-0.302833
-0.303754
-0.304812
-0.306
-0.307064
-0.308051
-0.309086
-0.309988
-0.311006
-0.312026
-0.312983
-0.313972
-0.314673
-0.315299
-0.315867
-0.316409
-0.316808
-0.317321
-0.31788
-0.318433
-0.318959
-0.319396
-0.319971
-0.320581
-0.321338
-0.32213
-0.322783
-0.323447
-0.324195
-0.324891
-0.325725
-0.326556
-0.327518
-0.328502
-0.329427
-0.330196
-0.331123
-0.332043
-0.332915
-0.333729
-0.334479
-0.335208
-0.335776
-0.336522
-0.337068
-0.337597
-0.338041
-0.338668
-0.339224
-0.339617
-0.339863
-0.340049
-0.340298
-0.340667
-0.341032
-0.341419
-0.341627
-0.341843
-0.341939
-0.342026
-0.342233
-0.342544
-0.34285
-0.343146
-0.343242
-0.343423
-0.343678
-0.343721
-0.343788
-0.343766
-0.343648
-0.343518
-0.343479
-0.343256
-0.343055
-0.34284
-0.342803
-0.342838
-0.342706
-0.342579
-0.342217
-0.34196
-0.341779
-0.3416
-0.341461
-0.341337
-0.341203
-0.341033
-0.340814
-0.340378
-0.339876
-0.33943
-0.339264
-0.338909
-0.338292
-0.337694
-0.337028
-0.336099
-0.335195
-0.334496
-0.33393
-0.333132
-0.332251
-0.331309
-0.330358
-0.329367
-0.328324
-0.327332
-0.326341
-0.325285
-0.324321
-0.323521
-0.322902
-0.322327
-0.321848
-0.321498
-0.32139
-0.321317
-0.321479
-0.321525
-0.321552
-0.32137
-0.321187
-0.321043
-0.320961
-0.321031
-0.321133
-0.321158
-0.321088
-0.321042
-0.321024
-0.320826
-0.320683
-0.320566
-0.320286
-0.319995
-0.319792
-0.319639
-0.319474
-0.319322
-0.319213
-0.319215
-0.319125
-0.319207
-0.319147
-0.319165
-0.319312
-0.319574
-0.319888
-0.320122
-0.32042
-0.320653
-0.320952
-0.321259
-0.321335
-0.321442
-0.321745
-0.321824
-0.321686
-0.32136
-0.320884
-0.320352
-0.319807
-0.319377
-0.318794
-0.318249
-0.317609
-0.317005
-0.316504
-0.315835
-0.315121
-0.314396
-0.313771
-0.313128
-0.312501
-0.311821
-0.311249
-0.310675
-0.310137
-0.309653
-0.309228
-0.30897
-0.308567
-0.308227
-0.30784
-0.307311
-0.306605
-0.305735
-0.305017
-0.304188
-0.303349
-0.302646
-0.302104
-0.30151
-0.300794
-0.300117
-0.299262
-0.298441
-0.297575
-0.29683
-0.295955
-0.295207
-0.2945
-0.29379
-0.293381
-0.293053
-0.292806
-0.292574
-0.292446
-0.292275
-0.292154
-0.292049
-0.291939
-0.291709
-0.291416
-0.291223
-0.29119
-0.29109
-0.291078
-0.291036
-0.290823
-0.29036
-0.2899
-0.289322
-0.288667
-0.288013
-0.287236
-0.286404
-0.285662
-0.284964
-0.284173
-0.283327
-0.282467
-0.281571
-0.280875
-0.280166
-0.279434
-0.278891
-0.278495
-0.277924
-0.277154
-0.276273
-0.275434
-0.274676
-0.273956
-0.273201
-0.272411
-0.271701
-0.271153
-0.270649
-0.270096
-0.269468
-0.268902
-0.268374
-0.267749
-0.267093
-0.266517
-0.265892
-0.265063
-0.264102
-0.263201
-0.262237
-0.260987
-0.25979
-0.258773
-0.257874
-0.256978
-0.256119
-0.255389
-0.25474
-0.254145
-0.25346
-0.252959
-0.252387
-0.251708
-0.251134
-0.250651
-0.250109
-0.249737
-0.249615
-0.249464
-0.249073
-0.24864
-0.248051
-0.24738
-0.246631
-0.245853
-0.24509
-0.244208
-0.243445
-0.242481
-0.241508
-0.240595
-0.239522
-0.238471
-0.23726
-0.236223
-0.235175
-0.234117
-0.233061
-0.232086
-0.231034
-0.23011
-0.229083
-0.227874
-0.226738
-0.225549
-0.224496
-0.223356
-0.222057
-0.220608
-0.219303
-0.218014
-0.216721
-0.215566
-0.214541
-0.213566
-0.21245
-0.211571
-0.210679
-0.20962
-0.208568
-0.207344
-0.206019
-0.204781
-0.203606
-0.202403
-0.200981
-0.199512
-0.198046
-0.196657
-0.195192
-0.193552
-0.192081
-0.190552
-0.188859
-0.187152
-0.185471
-0.183946
-0.182477
-0.181081
-0.179627
-0.178114
-0.176509
-0.174844
-0.173114
-0.171487
-0.169922
-0.168349
-0.166563
-0.164669
-0.162849
-0.161306
-0.159912
-0.158716
-0.157182
-0.155614
-0.153896
-0.152272
-0.150882
-0.149514
-0.148145
-0.146708
-0.145326
-0.144135
-0.142861
-0.141399
-0.140044
-0.138706
-0.137343
-0.136179
-0.134929
-0.133677
-0.132391
-0.131144
-0.129844
-0.128471
-0.126939
-0.125438
-0.124123
-0.122919
-0.121491
-0.119953
-0.1185
-0.117146
-0.115733
-0.114173
-0.11253
-0.111003
-0.109569
-0.108201
-0.107003
-0.105589
-0.104149
-0.102941
-0.101912
-0.100725
-0.0995532
-0.0983091
-0.0971107
-0.0960244
-0.0947725
-0.0934015
-0.0919011
-0.0906057
-0.089424
-0.0883719
-0.087397
-0.0863828
-0.0851577
-0.0838523
-0.0825714
-0.0814112
-0.0803144
-0.0791629
-0.0777125
-0.0763177
-0.0750322
-0.0739117
-0.0728285
-0.0718784
-0.0710591
-0.0701596
-0.0691622
-0.0680473
-0.0671315
-0.0661271
-0.0650521
-0.0638878
-0.0627658
-0.0615548
-0.0602299
-0.0588397
-0.0575439
-0.0564433
-0.0552961
-0.0539994
-0.0526358
-0.0511684
-0.0497445
-0.0485057
-0.0471121
-0.0459435
-0.0448963
-0.0439306
-0.0429614
-0.0419675
-0.0411626
-0.0403141
-0.0393685
-0.0383634
-0.0374754
-0.0364634
-0.0355876
-0.0346984
-0.0337053
-0.0327556
-0.031827
-0.0308897
-0.0300306
-0.0291479
-0.0282023
-0.0273294
-0.0263146
-0.0254078
-0.0243618
-0.0234564
-0.0225284
-0.0216285
-0.0208337
-0.0200132
-0.0191506
-0.0183319
-0.0174802
-0.0163939
-0.0153019
-0.0141045
-0.0126561
-0.0112631
-0.00997413
-0.00893817
-0.00800474
-0.00719466
-0.00626485
-0.00524102
-0.00410991
-0.00314884
-0.00202803
-0.00088853
0.000261792
0.00135397
0.00254814
0.0038085
0.00505659
0.00606362
0.00697081
0.00800474
0.0090826
0.0100824
0.0112526
0.0126277
0.0139722
0.0151558
0.0162298
0.0173764
0.0183548
0.0192729
0.0203868
0.0214583
0.0223887
0.023099
0.0238898
0.0246945
0.0254921
0.0262338
0.0269923
0.0276669
0.0284329
0.0292954
0.0301974
0.0309828
0.0316894
0.03245
0.0331094
0.0335998
0.0340619
0.034473
0.0349219
0.0355076
0.0359758
0.0364083
0.0369661
0.0376057
0.0381917
0.0387221
0.0393636
0.0400746
0.0409499
0.0420899
0.0431545
0.0440491
0.0449772
0.0457452
0.046461
0.047097
0.0478497
0.0486663
0.049545
0.0505052
0.0514003
0.0521137
0.0527451
0.0533347
0.0537662
0.0540745
0.0543902
0.054783
0.0550467
0.0554977
0.0560006
0.0564534
0.0569791
0.0575808
0.0583348
0.0591209
0.0598625
0.0605904
0.0611519
0.0615888
0.0621948
0.0628141
0.0636186
0.0645256
0.0655536
0.0665007
0.0674822
0.0685119
0.0693848
0.0702712
0.0710527
0.0718022
0.0725382
0.0732249
0.0739204
0.0746301
0.0753487
0.0759034
0.0764918
0.0772073
0.0781624
0.0790031
0.0798007
0.0805604
0.0813306
0.0822794
0.0831433
0.0839853
0.084958
0.0860373
0.0872039
0.088661
0.0903627
0.0919596
0.0936781
0.0953971
0.0970849
0.0987245
0.100427
0.102257
0.104244
0.106112
0.107943
0.109645
0.111282
0.113021
0.114655
0.116277
0.11775
0.119053
0.120275
0.121562
0.122783
0.123934
0.125076
0.126291
0.127428
0.128495
0.129708
0.13099
0.132223
0.133656
0.135118
0.136593
0.137771
0.139032
0.14015
0.141441
0.142571
0.143642
0.144858
0.14584
0.146844
0.147735
0.148525
0.149323
0.150146
0.150867
0.151379
0.151839
0.152066
0.152316
0.152478
0.152805
0.153259
0.153655
0.15411
0.154594
0.155354
0.155956
0.156416
0.15694
0.157558
0.158308
0.15899
0.159982
0.160923
0.161557
0.162149
0.162716
0.163369
0.164016
0.16462
0.165289
0.166075
0.166936
0.167708
0.168371
0.169053
0.170094
0.171003
0.172063
0.172992
0.173747
0.17448
0.17511
0.175841
0.176494
0.177056
0.17745
0.177976
0.178524
0.179293
0.17991
0.180405
0.181003
0.181451
0.181836
0.182191
0.182453
0.18262
0.18283
0.182987
0.183284
0.183651
0.183944
0.184217
0.18441
0.184712
0.185103
0.185523
0.18593
0.186105
0.186205
0.186392
0.186699
0.186795
0.187118
0.187487
0.187876
0.188313
0.188767
0.189189
0.18943
0.189629
0.189835
0.190135
0.19019
0.190165
0.190108
0.190111
0.189977
0.189943
0.190021
0.189982
0.189867
0.189553
0.189133
0.188842
0.188518
0.188007
0.18726
0.186448
0.185629
0.18487
0.184122
0.183318
0.182707
0.182182
0.18158
0.181164
0.180837
0.180681
0.18062
0.18063
0.180659
0.180641
0.180417
0.180201
0.179774
0.179338
0.17885
0.178163
0.177523
0.176878
0.176299
0.175761
0.175059
0.174363
0.173514
0.172528
0.171386
0.170411
0.169374
0.168232
0.167015
0.165862
0.16496
0.163884
0.16298
0.16195
0.160993
0.160079
0.159146
0.158315
0.157403
0.156412
0.155263
0.154133
0.153177
0.152383
0.15165
0.15078
0.149927
0.149299
0.148509
0.147779
0.147088
0.146427
0.1458
0.145275
0.144574
0.143856
0.14342
0.14323
0.143063
0.14302
0.143114
0.143147
0.143159
0.143143
0.143153
0.142965
0.142599
0.142181
0.141848
0.141506
0.141349
0.141122
0.140964
0.140583
0.140059
0.139518
0.139086
0.138611
0.138002
0.137431
0.137107
0.136599
0.136047
0.135433
0.134903
0.134121
0.133342
0.132566
0.131871
0.131168
0.130485
0.129919
0.129384
0.128838
0.128334
0.127828
0.127162
0.126278
0.125378
0.124489
0.123637
0.122966
0.122157
0.121288
0.120453
0.119765
0.118806
0.117734
0.116626
0.115442
0.114074
0.11271
0.111453
0.110323
0.109325
0.108201
0.107073
0.105991
0.105103
0.104401
0.103771
0.103264
0.102886
0.102497
0.102317
0.102244
0.102196
0.102135
0.101893
0.101613
0.101259
0.100913
0.100419
0.0999329
0.0994667
0.0989884
0.0983671
0.0974563
0.0963029
0.0953527
0.0940922
0.0928184
0.0915966
0.0904211
0.0891917
0.0879594
0.0866262
0.0854089
0.084174
0.0829983
0.0817076
0.0803912
0.0791076
0.0779659
0.0768386
0.0756241
0.0744059
0.0732603
0.072039
0.0709541
0.0700318
0.0692117
0.0681918
0.0670439
0.065962
0.0649091
0.0638567
0.0628012
0.0618344
0.0608336
0.0598103
0.0590176
0.0583027
0.05783
0.0573041
0.0569002
0.0566252
0.0563897
0.0561861
0.0557288
0.055328
0.0549066
0.054504
0.0540475
0.0536133
0.0531424
0.0526407
0.0523332
0.0521665
0.0520307
0.0520297
0.0520416
0.0520708
0.0520345
0.0522067
0.0521526
0.0521629
0.0522677
0.0525363
0.0530001
0.053523
0.0538367
0.0540256
0.0541161
0.0542685
0.054245
0.0542726
0.0543581
0.0543488
0.0542409
0.0542248
0.054194
0.0542102
0.0542849
0.0544377
0.0544754
0.0546833
0.0547575
0.0547987
0.0545979
0.0544462
0.0544058
0.0545794
0.0546687
0.0548473
0.0551248
0.0552211
0.0554274
0.0556237
0.05558
0.0554984
0.0552381
0.0549619
0.0548479
0.0549519
0.055095
0.0550527
0.055047
0.0551865
0.0554789
0.0556975
0.0559657
0.0562404
0.0565786
0.0569352
0.0572464
0.057698
0.0580093
0.058327
0.0586956
0.0589941
0.0592349
0.0594823
0.059492
0.0592726
0.0590257
0.0585385
0.0582168
0.0576026
0.0568741
0.0562645
0.0555376
0.0549555
0.0545342
0.0540322
0.0535931
0.0529647
0.0524117
0.0518215
0.0510706
0.050387
0.0499645
0.049609
0.049374
0.0490025
0.0486401
0.0482125
0.0478756
0.0477028
0.0476264
0.0476117
0.0476929
0.0477632
0.048048
0.0482648
0.0485352
0.0489233
0.0492917
0.0494408
0.0494745
0.0495449
0.0497678
0.0500429
0.0503728
0.0506112
0.050838
0.0510496
0.0513954
0.0517931
0.0522862
0.05268
0.0528733
0.0529805
0.0528918
0.0528778
0.0529489
0.0531209
0.0532791
0.0534534
0.0536966
0.0539311
0.0542216
0.0545484
0.0547747
0.0549629
0.0550937
0.0553785
0.0557368
0.0561368
0.0562718
0.0566724
0.0570817
0.057644
0.0580586
0.0584494
0.059037
0.0594146
0.0596128
0.0597306
0.0597429
0.0597684
0.05953
0.0593351
0.0593278
0.0591674
0.0591183
0.0590612
0.0590373
0.0588302
0.0586615
0.0585484
0.0584426
0.0584152
0.0584534
0.0586393
0.0586139
0.0585967
0.0585562
0.0585069
0.0585901
0.0584575
0.0583689
0.0582384
0.0579907
0.0576175
0.0572724
0.0570191
0.0568027
0.0564978
0.0562725
0.0561496
0.0558384
0.0555376
0.0553424
0.0551743
0.0548879
0.0545593
0.0544723
0.0544745
0.0542523
0.0538155
0.0534458
0.0531467
0.0526826
0.0521722
0.0517023
0.0511259
0.0504333
0.0497668
0.049184
0.0486796
0.0481876
0.0476824
0.0471412
0.0465848
0.0460839
0.0457359
0.045296
0.0448103
0.0444599
0.0441994
0.0438473
0.0435775
0.0433169
0.0430038
0.0428314
0.0426121
0.0422823
0.0417108
0.0409587
0.0401101
0.0393815
0.0387974
0.0382338
0.03755
0.0367236
0.0360743
0.0354341
0.0347186
0.0339169
0.0330217
0.0321515
0.0314402
0.0309423
0.0306328
0.0303065
0.029851
0.0294848
0.0289687
0.0283943
0.0279712
0.0274092
0.0268817
0.0264908
0.0262314
0.0260381
0.0256495
0.0251842
0.024799
0.0245448
0.0243922
0.02417
0.0240723
0.0241219
0.0242307
0.0244824
0.0248369
0.0250524
0.0249689
0.0249412
0.0249833
0.0250093
0.0249495
0.0248811
0.024822
0.0247178
0.0244458
0.0241319
0.0238805
0.0235515
0.0231726
0.022986
0.0227596
0.0225155
0.0221895
0.0218407
0.0215022
0.0212564
0.0211424
0.021098
0.021058
0.0209152
0.0208331
0.0210161
0.0210419
0.0210875
0.0213199
0.0216417
0.0218347
0.0218786
0.0219606
0.0219256
0.0216726
0.0212639
0.0210135
0.0208911
0.0205669
0.0203518
0.0203252
0.0202662
0.0201332
0.0200133
0.0198791
0.0195256
0.019059
0.0184746
0.0179591
0.0174541
0.0170672
0.0168364
0.0166728
0.016292
0.0160745
0.0158924
0.0156981
0.0152858
0.0148429
0.0145146
0.0142627
0.0141536
0.0141397
0.0141248
0.0140537
0.0140551
0.0142636
0.0146332
0.0151034
0.0155274
0.016089
0.0167919
0.0175235
0.0180864
0.0185663
0.0190783
0.0194441
0.0198473
0.020146
0.020298
0.0202042
0.0200231
0.0198874
0.0198532
0.0197137
0.0195136
0.0192143
0.0187491
0.0183464
0.0181674
0.0180719
0.0178231
0.0176293
0.0174687
0.0174236
0.0172544
0.0169388
0.0164883
0.0160471
0.0157597
0.0152196
0.0149033
0.0147306
0.0142849
0.0139698
0.0136037
0.0131644
0.0128769
0.0126154
0.0122816
0.012
0.0118894
0.0118743
0.0116549
0.0114299
0.0112151
0.0111882
0.0112083
0.011089
0.010783
0.0106228
0.01048
0.0101613
0.00975728
0.00940658
0.00912432
0.0087446
0.00841288
0.00818912
0.0079102
0.00747425
0.00701078
0.00674979
0.00648207
0.00610121
0.0057514
0.00550166
0.0052279
0.0048919
0.00452078
0.00420153
0.00394547
0.00368953
0.00358855
0.00343851
0.00324494
0.00302923
0.00298511
0.00277953
0.00268431
0.00255036
0.0024948
0.00241614
0.00229437
0.00228076
0.00216564
0.00207536
0.00194478
0.00189595
0.00180296
0.0015124
0.00123559
0.00101879
0.00087612
0.000752353
0.000609805
0.000438729
0.000321366
0.000180686
-8.22628e-06
-0.000140027
-0.000222452
-0.00030348
-0.000180391
-0.000189311
-0.000101603
-5.85321e-06
0.000259445
0.000354232
0.000351313
0.000243068
-2.96496e-05
1.30376e-05
-0.0001142
-0.000126188
-0.00028201
-0.000138917
3.92155e-05
0.000107079
0.000387217
8.02116e-05
7.06627e-17
-0.000152545
0
