1.00385
0.99974
0.995658
0.9916
0.987566
0.983559
0.979582
0.975632
0.971706
0.967807
0.963939
0.960096
0.956285
0.952497
0.948728
0.944988
0.941275
0.937587
0.933926
0.930291
0.926686
0.923105
0.919547
0.916018
0.912519
0.909045
0.905601
0.902179
0.898773
0.895386
0.892021
0.888674
0.885349
0.882049
0.87877
0.875509
0.872274
0.869058
0.865869
0.862704
0.859563
0.856442
0.853345
0.850265
0.84721
0.844178
0.841166
0.838175
0.835202
0.832245
0.829314
0.826402
0.823507
0.820633
0.817779
0.814942
0.812118
0.809312
0.806525
0.803752
0.800997
0.798255
0.795531
0.792824
0.790127
0.787449
0.784785
0.782136
0.779504
0.776886
0.774283
0.771693
0.769124
0.766571
0.764032
0.761508
0.758999
0.756505
0.754027
0.751569
0.749123
0.746688
0.744272
0.741873
0.739487
0.737114
0.734755
0.732406
0.73007
0.727748
0.725438
0.723139
0.720854
0.71858
0.716319
0.714076
0.711848
0.709632
0.707429
0.705239
0.703056
0.700884
0.698728
0.696581
0.694445
0.692321
0.690212
0.688116
0.686025
0.68395
0.681887
0.679839
0.6778
0.675771
0.673751
0.671738
0.669736
0.667747
0.665768
0.663801
0.661843
0.659892
0.657949
0.656013
0.654087
0.65217
0.650261
0.648364
0.64648
0.644607
0.642741
0.640887
0.639041
0.637201
0.635366
0.633543
0.631729
0.629922
0.628125
0.626333
0.624555
0.622786
0.621023
0.619269
0.617526
0.615795
0.614072
0.612357
0.61065
0.608949
0.607257
0.605576
0.603907
0.602245
0.600593
0.598944
0.597304
0.595672
0.594052
0.592438
0.590834
0.589236
0.587645
0.586062
0.584486
0.582918
0.581359
0.579806
0.578257
0.576709
0.575166
0.57363
0.572098
0.570569
0.569048
0.567533
0.566027
0.564531
0.563043
0.561562
0.56009
0.558622
0.557159
0.555703
0.554254
0.552811
0.551377
0.549953
0.548538
0.547128
0.545726
0.544333
0.542946
0.541564
0.540189
0.538822
0.537459
0.536103
0.534757
0.53342
0.532089
0.530763
0.529445
0.528134
0.52683
0.525538
0.52425
0.522967
0.521691
0.520417
0.519147
0.517883
0.516622
0.51537
0.514123
0.512883
0.51165
0.51042
0.509198
0.507982
0.506773
0.505569
0.504371
0.503178
0.501988
0.500805
0.499626
0.498453
0.497283
0.496115
0.494954
0.493796
0.492644
0.491501
0.49036
0.489222
0.488088
0.486959
0.485834
0.484714
0.483598
0.482487
0.481381
0.480281
0.479187
0.478096
0.477012
0.475935
0.474863
0.473796
0.472735
0.471678
0.470624
0.469574
0.468532
0.467497
0.466467
0.465441
0.464417
0.4634
0.462392
0.461389
0.460389
0.459395
0.458407
0.457423
0.456445
0.45547
0.4545
0.453537
0.452576
0.451617
0.450663
0.449713
0.448768
0.447825
0.446885
0.44595
0.445021
0.444092
0.44317
0.442252
0.441339
0.440429
0.439521
0.438619
0.437722
0.43683
0.435943
0.435059
0.434182
0.433308
0.432435
0.431562
0.43069
0.42982
0.428952
0.428087
0.427224
0.426366
0.42551
0.424657
0.423807
0.422961
0.422114
0.421272
0.420434
0.419599
0.418766
0.417936
0.417111
0.416293
0.415477
0.414662
0.413851
0.413044
0.412239
0.411436
0.410637
0.409845
0.409056
0.408272
0.407492
0.406714
0.405937
0.405162
0.404388
0.403617
0.402849
0.402085
0.401325
0.400569
0.399815
0.399064
0.398311
0.397561
0.396816
0.396071
0.395329
0.394591
0.393857
0.393125
0.392396
0.391669
0.390945
0.390225
0.389509
0.388792
0.388081
0.387372
0.386666
0.385963
0.385262
0.384563
0.383866
0.38317
0.382477
0.381789
0.381104
0.380419
0.379738
0.37906
0.378384
0.377712
0.377041
0.376373
0.375709
0.375045
0.374384
0.373729
0.373075
0.372422
0.37177
0.37112
0.370476
0.369831
0.369193
0.368557
0.367922
0.367288
0.366659
0.366031
0.365403
0.364775
0.364149
0.363527
0.362907
0.362288
0.361671
0.361054
0.360437
0.35982
0.359204
0.358591
0.357978
0.357367
0.356756
0.356147
0.355541
0.354935
0.354334
0.353735
0.35314
0.352548
0.351957
0.351368
0.350783
0.350201
0.349621
0.349042
0.348468
0.347894
0.347321
0.346749
0.346178
0.345609
0.345039
0.34447
0.343905
0.343339
0.342776
0.342214
0.341654
0.341096
0.340538
0.339983
0.33943
0.33888
0.338331
0.337784
0.337239
0.336696
0.336153
0.335611
0.335071
0.334534
0.334
0.333467
0.332938
0.332408
0.331878
0.33135
0.330822
0.330297
0.329772
0.32925
0.328727
0.328202
0.327681
0.32716
0.32664
0.326122
0.325606
0.325092
0.32458
0.324071
0.323562
0.323053
0.322547
0.322041
0.321534
0.32103
0.320526
0.320024
0.319525
0.319028
0.318531
0.318036
0.317544
0.317053
0.316564
0.316077
0.31559
0.315105
0.314622
0.314139
0.313658
0.313179
0.3127
0.312221
0.311741
0.311264
0.31079
0.310316
0.309843
0.309372
0.3089
0.308428
0.30796
0.307492
0.307027
0.306563
0.306101
0.305642
0.305186
0.30473
0.304275
0.303821
0.303368
0.302915
0.302464
0.302014
0.301565
0.301117
0.300668
0.30022
0.29977
0.29932
0.298871
0.298426
0.297982
0.297539
0.297096
0.296655
0.296214
0.295775
0.295335
0.294896
0.294459
0.294022
0.293584
0.293149
0.292716
0.292283
0.291852
0.291423
0.290996
0.290569
0.290142
0.289715
0.289288
0.288862
0.288435
0.288008
0.287581
0.287156
0.286732
0.286312
0.285893
0.285478
0.285065
0.284653
0.284241
0.283832
0.283423
0.283015
0.282608
0.282203
0.281798
0.281392
0.280986
0.280583
0.280182
0.279783
0.279386
0.278987
0.278589
0.278192
0.277795
0.277399
0.277004
0.276609
0.276214
0.275821
0.275429
0.275039
0.274649
0.274257
0.273867
0.273478
0.273089
0.2727
0.272313
0.271927
0.27154
0.271153
0.270764
0.270375
0.269987
0.269599
0.269213
0.268828
0.268445
0.268063
0.267682
0.267301
0.266922
0.266544
0.266166
0.265789
0.265413
0.265038
0.264668
0.264297
0.263926
0.263555
0.263187
0.262818
0.262452
0.262088
0.261727
0.261366
0.261007
0.260648
0.26029
0.259933
0.259576
0.25922
0.258865
0.25851
0.258155
0.257802
0.257449
0.257098
0.25675
0.256401
0.256055
0.255709
0.255363
0.255018
0.254673
0.254329
0.253986
0.253643
0.253302
0.252962
0.25262
0.252281
0.251941
0.251603
0.251267
0.250929
0.250591
0.250254
0.249918
0.249583
0.249248
0.248914
0.248579
0.248246
0.247915
0.247585
0.247256
0.246931
0.246608
0.246286
0.245966
0.245648
0.24533
0.245014
0.244697
0.244382
0.244066
0.243752
0.243439
0.243127
0.242816
0.242505
0.242193
0.241883
0.241572
0.241264
0.240957
0.24065
0.240344
0.240038
0.239734
0.239429
0.239126
0.238825
0.238524
0.238224
0.237926
0.237629
0.237334
0.237039
0.236747
0.236454
0.236161
0.235868
0.235573
0.23528
0.234988
0.234698
0.234409
0.234123
0.233836
0.23355
0.233265
0.232982
0.232699
0.232418
0.232138
0.231856
0.231576
0.231297
0.231021
0.230744
0.230467
0.230192
0.229916
0.229643
0.22937
0.229098
0.228825
0.228553
0.228282
0.228011
0.227741
0.227474
0.227207
0.226939
0.22667
0.226402
0.226135
0.225869
0.225604
0.22534
0.225077
0.224816
0.224555
0.224293
0.22403
0.223768
0.223505
0.223241
0.222976
0.222711
0.222447
0.222181
0.221918
0.221656
0.221397
0.221138
0.220879
0.220618
0.220358
0.220097
0.219837
0.219576
0.219316
0.219058
0.2188
0.218542
0.218285
0.218028
0.217771
0.217516
0.217259
0.217002
0.216745
0.216491
0.216238
0.215984
0.215732
0.215482
0.215233
0.214985
0.214737
0.21449
0.214244
0.213999
0.213755
0.213512
0.21327
0.213028
0.212786
0.212546
0.212308
0.212069
0.21183
0.211594
0.211358
0.211122
0.210888
0.210655
0.210422
0.210189
0.209959
0.209729
0.2095
0.209271
0.209042
0.208813
0.208586
0.208359
0.208132
0.207906
0.20768
0.207454
0.207227
0.207001
0.206777
0.206553
0.206328
0.206103
0.205878
0.205654
0.205431
0.205209
0.204987
0.204765
0.204544
0.204323
0.204104
0.203886
0.203667
0.203449
0.203233
0.203016
0.202798
0.202579
0.202361
0.202144
0.201927
0.20171
0.201496
0.201282
0.201069
0.200857
0.200646
0.200438
0.20023
0.200023
0.199815
0.199606
0.199399
0.19919
0.198983
0.198776
0.198569
0.198363
0.198158
0.197955
0.197753
0.197551
0.19735
0.197147
0.196945
0.196742
0.196541
0.196339
0.196138
0.195939
0.19574
0.19554
0.19534
0.195139
0.194937
0.194735
0.194535
0.194334
0.194131
0.193931
0.19373
0.19353
0.193333
0.193135
0.192938
0.19274
0.192542
0.192345
0.192147
0.19195
0.191751
0.191551
0.191353
0.191153
0.190953
0.190755
0.190557
0.19036
0.190163
0.189966
0.189771
0.189576
0.189381
0.189186
0.188993
0.188801
0.188609
0.188416
0.188224
0.188033
0.187842
0.18765
0.187458
0.187266
0.187074
0.186883
0.186694
0.186504
0.186315
0.186126
0.185937
0.185748
0.185559
0.185371
0.185183
0.184994
0.184807
0.184623
0.184437
0.184255
0.184073
0.183891
0.183711
0.18353
0.183348
0.183167
0.182987
0.182808
0.182628
0.18245
0.182273
0.182096
0.181917
0.181739
0.18156
0.181383
0.181206
0.181029
0.180851
0.180674
0.180498
0.180322
0.180147
0.179972
0.179798
0.179627
0.179456
0.179286
0.179117
0.178948
0.17878
0.178612
0.178444
0.178277
0.178109
0.177939
0.17777
0.177602
0.177436
0.177268
0.177101
0.176935
0.176769
0.176604
0.176439
0.176274
0.176108
0.175943
0.175777
0.175612
0.175448
0.175283
0.175118
0.174954
0.17479
0.174629
0.174466
0.174303
0.17414
0.173976
0.173812
0.173648
0.173484
0.173321
0.173159
0.172997
0.172835
0.172675
0.172515
0.172355
0.172194
0.172034
0.171875
0.171718
0.171561
0.171405
0.171251
0.171097
0.170942
0.17079
0.170638
0.170485
0.170332
0.17018
0.170027
0.169875
0.169725
0.169574
0.169423
0.169273
0.169124
0.168975
0.168826
0.168677
0.168528
0.168382
0.168235
0.168088
0.167942
0.167796
0.16765
0.167505
0.167358
0.167211
0.167065
0.166919
0.166774
0.16663
0.166486
0.166342
0.166199
0.166055
0.16591
0.165765
0.165619
0.165472
0.165326
0.165182
0.165039
0.164896
0.164753
0.164611
0.164469
0.164328
0.164187
0.164047
0.163906
0.163765
0.163624
0.163483
0.163343
0.163203
0.163062
0.162921
0.162781
0.162639
0.162497
0.162355
0.162214
0.162074
0.161934
0.161794
0.161652
0.16151
0.161369
0.161227
0.161087
0.160946
0.160806
0.160665
0.160524
0.160384
0.160242
0.160102
0.159962
0.159823
0.159683
0.159543
0.159404
0.159264
0.159123
0.158982
0.158841
0.1587
0.158557
0.158416
0.158274
0.158134
0.157995
0.157855
0.157715
0.157575
0.157436
0.157298
0.157159
0.157019
0.15688
0.156741
0.156604
0.156467
0.156331
0.156194
0.156058
0.155921
0.155785
0.155649
0.155513
0.155379
0.155244
0.155109
0.154975
0.15484
0.154705
0.154573
0.154441
0.15431
0.15418
0.154049
0.153918
0.153787
0.153657
0.153526
0.153394
0.153262
0.153131
0.153001
0.152871
0.152741
0.152612
0.152483
0.152355
0.152227
0.1521
0.151973
0.151848
0.151722
0.151595
0.151468
0.151342
0.151216
0.151091
0.150967
0.150844
0.150722
0.150601
0.15048
0.15036
0.15024
0.15012
0.15
0.149879
0.149758
0.149637
0.149517
0.149397
0.149279
0.149161
0.149042
0.148924
0.148804
0.148686
0.148568
0.14845
0.148332
0.148215
0.148097
0.147979
0.147863
0.147748
0.147633
0.147519
0.147406
0.147293
0.147179
0.147066
0.146953
0.146841
0.146728
0.146616
0.146504
0.146392
0.14628
0.146167
0.146054
0.145942
0.14583
0.145719
0.145607
0.145494
0.145381
0.145266
0.145151
0.145035
0.14492
0.144804
0.144688
0.144571
0.144454
0.144336
0.144218
0.1441
0.143983
0.143866
0.143749
0.143633
0.143516
0.143399
0.143282
0.143165
0.143048
0.142933
0.142817
0.142701
0.142585
0.142468
0.142352
0.142235
0.142118
0.142003
0.141888
0.141774
0.141659
0.141545
0.141431
0.141317
0.141205
0.141092
0.14098
0.140869
0.140759
0.140651
0.140544
0.140435
0.140329
0.140221
0.140113
0.140005
0.139897
0.13979
0.139684
0.139577
0.139471
0.139365
0.139258
0.13915
0.139044
0.138936
0.138829
0.138721
0.138612
0.138502
0.138392
0.138283
0.138172
0.138062
0.137952
0.137843
0.137734
0.137625
0.137516
0.137407
0.137298
0.13719
0.137083
0.136977
0.13687
0.136764
0.136656
0.136549
0.136442
0.136335
0.136227
0.13612
0.136015
0.13591
0.135807
0.135703
0.1356
0.135498
0.135396
0.135294
0.135192
0.135091
0.134991
0.13489
0.134789
0.13469
0.134591
0.134492
0.134393
0.134295
0.134196
0.134096
0.133997
0.133899
0.1338
0.133704
0.133606
0.13351
0.133412
0.133315
0.133217
0.133117
0.133017
0.132916
0.132814
0.132711
0.132609
0.132507
0.132405
0.132303
0.1322
0.132098
0.131997
0.131894
0.131793
0.131692
0.13159
0.131489
0.131389
0.131288
0.131187
0.131087
0.130988
0.130889
0.130791
0.130693
0.130594
0.130494
0.130394
0.130296
0.130198
0.1301
0.130002
0.129904
0.129807
0.12971
0.129613
0.129517
0.129421
0.129327
0.129232
0.129138
0.129045
0.128951
0.128857
0.128763
0.128669
0.128575
0.128482
0.128389
0.128297
0.128205
0.128111
0.128019
0.127926
0.127833
0.127741
0.12765
0.127559
0.127466
0.127374
0.127281
0.12719
0.127099
0.127008
0.126917
0.126825
0.126734
0.126644
0.126554
0.126463
0.126373
0.126283
0.126193
0.126104
0.126014
0.125923
0.125833
0.125743
0.125652
0.12556
0.125468
0.125375
0.125283
0.125192
0.125101
0.12501
0.124919
0.124826
0.124733
0.124642
0.12455
0.124457
0.124365
0.124272
0.124179
0.124088
0.123998
0.123909
0.123818
0.123728
0.123638
0.123548
0.123458
0.123368
0.123278
0.123188
0.123097
0.123006
0.122915
0.122824
0.122733
0.122643
0.122553
0.122464
0.122374
0.122284
0.122195
0.122104
0.122014
0.121923
0.121832
0.121742
0.121651
0.121562
0.121473
0.121384
0.121295
0.121206
0.121117
0.121028
0.120939
0.120849
0.120759
0.120669
0.120578
0.120487
0.120395
0.120304
0.120212
0.120121
0.12003
0.119939
0.119849
0.11976
0.119671
0.119583
0.119496
0.119408
0.11932
0.119233
0.119145
0.119057
0.11897
0.118883
0.118795
0.118709
0.118623
0.118536
0.11845
0.118364
0.118279
0.118195
0.118112
0.11803
0.117947
0.117864
0.11778
0.117698
0.117616
0.117534
0.117452
0.117371
0.117289
0.117208
0.117128
0.117047
0.116965
0.116883
0.116801
0.116719
0.116636
0.116553
0.11647
0.116386
0.116305
0.116223
0.116141
0.11606
0.115979
0.115898
0.115817
0.115736
0.115656
0.115575
0.115496
0.115416
0.115337
0.115257
0.115178
0.115099
0.115021
0.114943
0.114866
0.114789
0.114713
0.114636
0.114559
0.114482
0.114405
0.114328
0.114251
0.114174
0.114098
0.11402
0.113944
0.113866
0.11379
0.113714
0.113639
0.113564
0.113489
0.113413
0.113339
0.113264
0.113189
0.113113
0.113038
0.112962
0.112885
0.112809
0.112732
0.112657
0.112581
0.112505
0.112429
0.112352
0.112276
0.112198
0.112122
0.112045
0.111969
0.111892
0.111816
0.11174
0.111665
0.11159
0.111515
0.11144
0.111364
0.111289
0.111214
0.111139
0.111064
0.11099
0.110917
0.110844
0.11077
0.110696
0.110622
0.110548
0.110474
0.1104
0.110327
0.110253
0.110179
0.110105
0.110031
0.109957
0.109884
0.10981
0.109736
0.109662
0.109588
0.109513
0.109439
0.109364
0.10929
0.109214
0.10914
0.109065
0.108992
0.108918
0.108843
0.10877
0.108696
0.108623
0.108548
0.108474
0.108399
0.108325
0.10825
0.108175
0.108101
0.108026
0.107951
0.107876
0.1078
0.107725
0.10765
0.107575
0.1075
0.107425
0.10735
0.107276
0.107202
0.107128
0.107054
0.10698
0.106906
0.106832
0.106759
0.106685
0.106612
0.10654
0.106467
0.106395
0.106323
0.106251
0.10618
0.106108
0.106035
0.105963
0.105892
0.105822
0.105752
0.105682
0.10561
0.105539
0.105467
0.105395
0.105324
0.105254
0.105184
0.105114
0.105043
0.104974
0.104904
0.104833
0.104763
0.104694
0.104626
0.104558
0.104491
0.104424
0.104357
0.104289
0.104221
0.104154
0.104085
0.104017
0.103948
0.103881
0.103814
0.103748
0.103681
0.103615
0.10355
0.103485
0.10342
0.103356
0.10329
0.103226
0.103161
0.103097
0.103033
0.102968
0.102903
0.102839
0.102775
0.102712
0.10265
0.102588
0.102527
0.102467
0.102407
0.102347
0.102287
0.102227
0.102167
0.102107
0.102048
0.101989
0.10193
0.101871
0.101811
0.101751
0.101691
0.10163
0.101569
0.101508
0.101445
0.101382
0.101321
0.101259
0.101197
0.101137
0.101076
0.101016
0.100956
0.100895
0.100835
0.100776
0.100716
0.100657
0.100597
0.100536
0.100474
0.100413
0.100351
0.100289
0.100227
0.100165
0.100103
0.100041
0.0999792
0.0999166
0.0998544
0.0997926
0.0997305
0.0996685
0.0996063
0.0995443
0.0994822
0.0994194
0.0993563
0.0992937
0.0992312
0.0991688
0.0991066
0.0990443
0.0989828
0.0989216
0.0988615
0.0988012
0.0987409
0.0986801
0.0986189
0.0985582
0.0984981
0.0984379
0.0983775
0.0983174
0.0982574
0.098198
0.0981393
0.0980812
0.0980226
0.0979636
0.0979053
0.0978467
0.0977893
0.0977322
0.097675
0.0976181
0.0975609
0.0975035
0.0974467
0.0973894
0.0973325
0.0972755
0.0972173
0.0971591
0.0971004
0.0970412
0.0969816
0.0969213
0.0968606
0.0968002
0.0967402
0.0966809
0.096622
0.0965639
0.0965056
0.0964471
0.0963884
0.0963296
0.0962705
0.0962119
0.096153
0.0960941
0.0960353
0.0959766
0.0959183
0.0958602
0.0958042
0.0957486
0.0956943
0.09564
0.0955862
0.0955314
0.0954771
0.0954225
0.0953675
0.0953128
0.0952579
0.0952032
0.0951486
0.0950948
0.0950411
0.0949879
0.0949346
0.0948818
0.0948289
0.0947759
0.0947239
0.0946721
0.0946203
0.0945686
0.0945165
0.0944654
0.0944147
0.0943646
0.0943138
0.0942623
0.0942104
0.0941583
0.0941053
0.0940524
0.0940004
0.0939479
0.0938957
0.0938432
0.0937906
0.0937379
0.0936853
0.0936319
0.0935778
0.0935247
0.093471
0.0934175
0.0933634
0.0933101
0.0932574
0.0932043
0.093152
0.0931001
0.0930485
0.0929975
0.0929469
0.0928964
0.0928457
0.0927946
0.0927436
0.0926927
0.0926416
0.0925916
0.0925409
0.0924909
0.092441
0.0923908
0.0923417
0.0922925
0.0922435
0.0921952
0.0921461
0.0920968
0.0920472
0.0919967
0.0919466
0.0918962
0.0918455
0.0917944
0.0917436
0.0916933
0.0916436
0.0915948
0.0915462
0.0914974
0.0914477
0.0913989
0.091349
0.091299
0.0912487
0.0911989
0.0911497
0.0911002
0.0910503
0.0910006
0.0909511
0.0909017
0.0908524
0.0908024
0.0907519
0.0907018
0.0906518
0.0906024
0.0905531
0.0905043
0.0904547
0.0904046
0.0903547
0.0903051
0.0902555
0.090207
0.0901581
0.0901093
0.0900597
0.0900103
0.0899616
0.0899134
0.0898651
0.0898173
0.0897699
0.089723
0.0896757
0.0896282
0.0895816
0.0895354
0.0894888
0.0894421
0.089396
0.0893502
0.0893031
0.0892551
0.0892068
0.0891581
0.0891104
0.0890622
0.0890136
0.0889658
0.0889179
0.08887
0.0888227
0.0887751
0.0887279
0.0886809
0.0886337
0.0885865
0.0885387
0.0884914
0.0884442
0.088398
0.0883519
0.0883065
0.0882618
0.0882173
0.0881732
0.0881297
0.0880864
0.0880432
0.0879996
0.087957
0.0879143
0.0878718
0.0878292
0.0877868
0.0877439
0.0877012
0.0876591
0.0876179
0.0875769
0.0875355
0.0874945
0.0874537
0.087413
0.0873722
0.0873319
0.0872915
0.0872516
0.0872119
0.087172
0.0871311
0.0870897
0.0870487
0.0870079
0.0869673
0.0869264
0.0868858
0.0868449
0.0868037
0.0867628
0.0867213
0.0866794
0.0866376
0.0865956
0.0865535
0.0865115
0.0864696
0.0864276
0.086385
0.0863418
0.0862981
0.0862546
0.0862096
0.0861634
0.0861174
0.0860716
0.0860255
0.0859803
0.0859352
0.0858907
0.0858465
0.0858027
0.0857588
0.0857154
0.0856727
0.0856297
0.0855872
0.0855439
0.0854998
0.0854562
0.0854126
0.085369
0.0853251
0.0852811
0.0852372
0.0851936
0.0851497
0.0851058
0.0850621
0.0850187
0.0849754
0.084932
0.0848881
