1
-0.0126971
-0.0205556
0.035356
-0.00304799
0.00174023
0.00671562
0.00967386
0.0208625
0.00876638
-0.0161052
0.0133477
0.0333765
-0.0504665
-0.0231336
-0.0149531
0.0227408
-0.0205189
-0.0036089
0.0435758
-0.0186816
-0.0227615
0.00855343
0.00274743
-0.00549233
0.00825684
0.0318859
0.00846311
-0.0246744
-0.00355901
0.00410197
-0.00870793
-0.00762685
0.00980952
0.0106451
-0.000730662
-0.00315848
-0.0197681
0.0304162
0.0301137
-0.0239993
-0.0182025
-0.00862509
-0.0134681
-0.00799027
-0.0231186
0.0156739
-0.0111655
-0.0180514
0.0072732
-0.0323051
-0.0261811
0.0101261
-0.00033365
0.0271647
-0.0227841
0.00611509
0.0212274
0.0276751
0.0163886
-0.0170824
0.0263217
0.00355125
0.0163728
-0.0016852
0.0489362
0.0328294
-0.00142434
-0.0153656
-0.000716103
-0.0146533
0.0145597
-0.0110929
0.0208809
0.0177771
-0.0102828
-0.0525889
0.0186355
-0.0271742
-0.00291919
-0.00759242
-0.0193244
-0.00748184
-0.025625
-0.0299406
-0.0131475
-0.00690929
-0.00262217
-0.0240951
0.00723161
-0.021807
0.021874
-0.00648446
-0.0524353
-0.0246868
-0.00857599
-0.0150789
0.00824736
0.00496178
-0.034967
0.0159016
0.0268534
-0.0204465
-0.0179831
-0.00135706
0.00353463
0.00581534
0.0239612
0.0126837
-0.0505781
-0.0659383
0.00697632
-0.0156576
-0.0423479
-0.0369276
-0.0249277
-0.0147942
-0.00281729
0.00918073
0.0167581
0.0382784
-0.0300206
0.00485277
0.00530414
-0.00930964
-0.00719676
-0.00113384
0.0238288
-0.016637
0.000984166
0.0347559
0.00151971
0.0271987
-0.019439
-0.00937342
0.00521013
0.0223766
-0.0121236
-0.00430533
0.0279252
-0.00239066
0.011046
-0.0108547
-0.0111431
0.0424488
-0.0161005
-0.0120946
0.00541587
0.0101246
-0.0428961
0.00669295
-0.022154
-0.0527308
0.00909411
0.0280772
0.00773183
0.00112101
-0.0285389
-0.00182975
-0.0226358
0.0183202
0.0205472
-0.00079612
-0.0297512
0.0467356
0.00401396
0.0453344
-0.0249945
-0.0109262
0.0307467
0.0357954
-0.0115052
-0.0303541
0.0196305
0.035206
-0.00856643
0.0272316
0.0131888
0.0107853
0.0438675
0.0156962
0.015081
0.00114644
0.0329457
-0.0364631
0.000549027
-0.0121935
0.0133795
0.0256859
0.0378371
-0.0286512
0.0105677
-0.0325582
0.0317983
0.0225731
0.00313765
0.033218
0.00494501
0.0404804
0.0113308
-0.0138637
0.0201658
-0.00768312
0.016472
0.0142588
0.044211
0.0268533
0.0136776
-0.0135209
0.0165465
-0.0165232
0.0364578
0.0150924
0.0456949
0.00122879
-0.0169487
-0.0123247
-0.0232933
-0.00617365
0.00619682
0.028738
-0.00229942
0.011759
-0.019342
-0.0241465
0.000549605
-0.00340801
-0.00488577
-0.0185387
-0.0135999
0.0260737
0.00799281
0.0122789
-0.0277251
-0.0239687
0.0314004
-0.0356727
0.0243637
0.0135029
0.014926
-0.0388526
-0.00386719
0.00228113
-0.00714342
-0.0174416
0.0255614
-0.000948117
0.0266112
0.0237291
-0.0450673
-0.0318488
-0.00420595
0.00383127
-0.00488265
0.0139204
-0.0349303
-0.0256554
-0.0217234
0.0258256
0.0129581
0.0420785
0.0354274
0.0161535
-0.0378014
-0.00317617
0.0161853
0.0486482
-1.01824e-05
0.0145798
-0.0203767
0.0146853
0.024531
-0.0231539
0.00562516
0.0130233
-0.0182672
0.0337642
0.0035514
-0.0239551
-0.0333142
-0.0398427
-0.0118312
-0.0320867
-0.00627971
-0.00903296
0.024478
-0.0153825
0.00399157
-0.0370168
-0.0164255
-0.0518162
0.00111728
-0.0222843
-0.0326006
0.0155992
-0.0077739
0.0310629
-0.0354006
-0.0427182
0.00236786
0.0446819
-0.0189253
0.0299981
-0.00842885
-0.00313679
0.0119576
-0.0101312
-0.0117218
0.00254994
-0.0512608
-0.0195463
0.0272067
0.00356684
-0.0286084
0.00312105
-0.0352961
-0.0230611
-0.00547021
0.0119905
0.0119038
-2.62031e-05
-0.010376
-0.00630724
-0.000168953
-0.0271273
0.012933
0.0408764
0.00267238
-0.00494373
-0.0331585
-0.00522033
0.0158021
-0.0117072
0.00458654
-0.0342685
0.0163943
0.0175524
-0.00807274
-0.0393933
-0.00122465
-0.0125093
-0.0160199
0.0199008
0.037117
-0.00810574
-0.00383156
-0.0511615
-0.00942905
0.0585141
-0.0116368
0.0549648
0.00578253
-0.00702109
0.00203547
-0.00214101
0.0201868
0.0359885
0.0285323
0.00409966
-0.00499918
0.0154817
-0.0124412
0.0333965
-0.00986223
-0.0334047
0.0370365
0.0427529
-0.00610097
-0.000439399
-0.000757423
-0.0509804
0.0159089
0.0355331
0.0300133
0.0192761
0.0136878
0.0169747
-0.0388838
0.00990626
-0.0313632
0.00377835
-0.0150576
0.00184632
-0.0186349
-0.0160842
-0.034971
-0.00431166
-0.0155005
-0.0238292
-0.0284526
0.0342837
0.0211394
0.0513621
-0.0123294
-0.00593544
-0.0612804
-0.0216833
-0.0108612
-0.0130792
-0.0351261
0.0259712
-0.00402187
0.02613
-0.00992404
-0.0653714
-0.0205309
-0.0090009
0.00857231
0.0118915
0.0252672
-0.0300529
0.0143383
0.0344168
-0.0251352
0.0164442
-0.0252707
0.0464497
-0.00907602
-0.00132306
0.0214828
-0.0117383
-0.0239366
0.0232579
0.00228574
-0.0115627
0.0255382
-0.000913963
0.0210257
-0.0133345
-0.0311046
0.025299
0.0543964
-0.0152779
0.000142105
-0.00398576
-0.00315483
0.0140846
-0.0176845
-0.0133196
0.0282204
0.0218762
-0.00663982
0.0270824
0.0257593
0.00590266
-0.00501571
-0.043127
-0.0646113
-0.0255874
0.00814449
-0.0143004
0.0524954
-0.0219128
-0.00238571
-0.0292413
0.0376631
0.0074507
-0.0443187
0.00903907
0.023658
-0.0391363
-0.0246806
0.00896452
0.0214187
-0.023768
0.0309149
-0.0452313
0.0227468
-0.0455113
-0.0249192
0.0378048
-0.0265218
-0.00166526
-0.0246997
0.0654152
0.0141371
-0.0232798
0.0182902
-0.0179274
0.0478914
-0.00480946
-0.016982
-0.0106219
-0.0329482
-0.0162877
-0.0325276
-0.030907
-0.0171798
-0.0232966
0.0231587
0.0159557
0.0246233
0.0424241
0.00486321
-0.0218255
0.0198629
0.0386398
0.0201551
0.0392232
-0.0508559
-0.0158657
0.0159985
-0.0630354
-0.0102166
0.00187539
-0.00288639
-0.0166631
0.0167629
-0.0060237
-0.0236109
-0.0552539
-0.0209533
-0.0169661
-0.033077
0.00481901
-0.0552746
0.0433737
0.0347701
-0.0173527
0.0348771
-0.00753651
-0.00069407
-0.00451931
0.00738103
0.0328201
-0.0270686
0.00575158
-0.019979
-0.00731395
0.0146944
0.0566793
0.00516394
-3.12093e-05
0.0162283
-0.0519808
-0.0101173
0.021569
-0.00693995
0.0121908
0.010109
-0.0429894
-0.00537011
-0.00298189
0.00865603
0.00559592
-0.00790837
0.012626
0.00156089
0.00457443
0.0166638
0.0287573
-0.0316381
0.0046873
-0.00414041
-0.00508444
0.00296205
0.0417891
-0.0291063
-0.0305609
0.00556305
-0.00178086
0.00312958
0.0327434
0.0258944
-0.0185345
-0.00591189
-0.0237154
0.00832135
-0.0030994
0.00319773
0.0275341
0.030878
-0.00292594
0.00188845
-0.0164515
-0.0247354
-0.0385648
-0.0365294
0.0291423
0.00740976
0.0157641
0.059304
-0.0132739
-0.0237937
-0.0393283
0.0207542
-0.0101735
0.0319161
-0.0181265
0.0152294
-0.00700661
0.00840537
-0.0231191
0.0167134
-0.0159671
0.0273444
0.060386
-0.0114829
-0.0245045
0.0267449
-0.0484444
0.011113
0.0368352
0.0223403
0.0251641
-0.00317969
-0.0125516
-0.00237732
-0.00282366
0.0362008
0.00506539
-0.0108947
-0.0209661
-0.00665793
0.0100572
0.00302097
0.0135796
0.0262235
0.0249557
-0.0102087
0.0042739
0.0219244
0.0137091
0.0406845
-0.00244512
0.0996927
-0.046984
0.0338461
0.00361164
0.0243039
-0.00639153
-0.0293145
0.000692047
-0.00966373
0.0126543
-0.0331232
0.0265279
0.00272828
0.0209488
-0.0257748
-0.031421
0.00904699
-0.0169007
-0.0497317
0.0385189
-0.0515475
-0.0228035
-0.000753796
-0.0125291
-0.0264566
0.00747996
-0.00540303
-0.00506401
0.00853531
0.0224271
-0.0306878
0.0158967
0.0106385
-0.0351527
0.00784901
0.0400988
0.0029075
0.0017172
-0.0117408
0.0507329
-0.0521446
-0.00178775
0.0313755
0.0158038
-0.0352144
-0.0230694
-0.00640624
-0.0211044
-0.0316609
0.00418575
0.0176524
-0.00028249
-7.92938e-05
0.0206719
-0.00848753
-0.025639
-0.055664
-0.000131815
0.0437131
-0.0283766
0.0359415
0.00717902
-0.00707
0.0508465
-0.0610066
0.0579849
-0.0253977
-0.0450605
0.0414798
0.0121835
-0.038156
0.02393
0.0456499
0.0138204
-0.0343305
-0.0175067
-0.0361287
0.0491183
-0.0118377
-0.00824954
-0.00531988
-0.0483863
0.00454436
-0.0160513
0.00271809
-0.00617362
-0.0708608
-0.00311982
0.00428228
-0.0307301
-0.0210242
0.0281638
-0.0121666
-0.0210525
-0.0161411
-0.0333578
0.0407851
0.0168458
0.0404096
-0.0147077
-0.0290019
0.0237059
0.0342269
0.0244094
0.00514085
-0.0573483
-0.0174813
0.00326533
0.00925558
0.0186863
0.0063256
0.0091771
-0.0122008
-0.0527133
-0.0317422
0.00645827
-0.0214217
-0.00730614
0.0189026
0.0441807
-0.0371351
-0.0136893
-0.0158162
0.0093762
-0.0342707
0.0456623
0.00602948
0.00786515
-0.0209698
-0.00825919
0.0309501
0.0207133
-0.0212787
-0.0107599
0.0384051
-0.0269778
0.048046
0.0235912
-0.0464758
0.0153939
0.0106865
0.0188054
-0.00319947
0.00872658
-0.0125484
-0.0200253
-0.0759475
-0.0164369
-0.0148621
-0.00691192
0.00631713
-0.0469247
-0.0119488
0.0254662
0.0207645
-0.0198676
0.00437732
0.0317772
-0.0260033
0.00965506
-0.00695198
0.0327076
-0.00542476
-0.0111098
0.0206648
0.0747856
0.0550031
0.0282325
0.0340336
0.0343458
0.00142624
-0.0119769
-0.0034753
0.108782
-0.0308962
0.0170149
-0.0158173
-0.0177227
0.010974
-0.022198
-0.0212217
0.000216039
-0.0230213
0.0124591
-0.0586666
0.0292553
-0.0193841
-0.0481076
-0.01104
0.0166525
0.0180369
-0.027677
0.0054454
0.0488346
-0.0312252
0.0208715
0.0343688
-0.0183334
0.0185841
0.00937118
0.0131746
-0.0237566
0.00632166
-0.0159637
-0.0120006
0.011103
-0.0611327
0.0459575
0.0311089
0.0123131
-0.0192772
-0.0304441
-0.0113036
-0.0492578
-0.0472972
0.0192112
0.0327945
-0.0204688
0.0167574
-0.0304256
0.00747358
-0.018582
0.00442858
0.0238981
-0.0127679
-0.0538179
0.0461209
0.0419757
-0.0176312
0.00451851
0.0341669
0.00634979
0.0057063
-0.0799083
-0.027375
-0.0404062
-0.0233737
0.0221348
0.0548575
0.00801658
-0.0467413
0.042688
0.0731731
-0.0463281
0.00280864
0.0302626
0.00857018
0.0395992
0.00851567
0.00341319
-0.0482438
-0.00271763
-0.0363705
-0.0335642
0.0400006
-0.0588847
0.0484894
0.00913882
-0.00196923
-0.0520708
-0.0252818
0.0333354
0.0249591
-0.0353783
0.0161879
0.0103972
-0.0144915
-0.00920745
0.00613481
-0.0143469
0.0334017
0.0100253
-0.017848
0.088015
-0.00382488
-0.0879264
0.00425021
-0.0410425
-0.0779149
0.0186128
0.0132594
-0.00489768
-0.036467
-0.0365388
0.0162312
0.0305579
-0.0762728
0.0147346
-0.0660303
0.0401003
-0.0173377
-0.00523136
-0.00233502
0.000667365
0.00541461
-0.0157321
0.0119571
0.0224614
0.00425658
-0.0362226
0.0499721
-0.0321475
-0.000902869
0.0420772
0.0201599
0.0102938
-0.018263
-0.00133106
-0.00121584
0.00123156
0.0449746
-0.0624045
-0.00651324
-0.0256724
-0.0403248
-0.00584633
-0.0143782
-0.0342364
-0.0332415
0.0627973
-0.0470066
-0.0467882
-0.0147961
-0.00641891
-0.0281122
-0.0799819
0.024367
0.0519223
0.0442338
0.0132758
-0.0423636
0.0506839
-0.000354203
-0.00134984
-0.0118861
-0.00628152
0.0165597
0.0228798
0.00314805
0.0515966
-0.0368098
-0.0291351
0.00350341
0.0422105
-0.0141874
0.00218749
0.0273667
-0.0139238
0.0361749
0.00244398
0.00513185
-0.0629363
-0.0633225
0.00198512
0.0281895
-0.0148642
0.0514195
-0.00938323
-0.00100793
-0.0236274
-0.0615514
-0.00394073
0.0249768
-0.0262419
0.027402
0.0284566
-0.0360359
-0.00367821
-0.00504454
0.0215476
-0.00782269
0.0476158
0.00366114
0.028817
0.0361233
-0.0454507
0.0493276
-0.0346125
-0.0389658
0.0235242
-0.020592
-0.0370628
-0.0358155
-0.00658965
0.053501
-0.00839319
-0.0357155
-0.0113161
-0.00518949
-0.00906212
-0.030872
-0.0169373
-0.000697449
-0.0206794
-0.0257872
0.0380746
-0.0116968
0.0208516
0.0184147
-0.00329263
0.0265941
0.0130318
0.0249443
-0.00804462
-0.0039674
0.0258898
-0.0132741
0.0210194
0.0217175
0.0256613
0.013572
0.00196595
-0.0579333
0.0309514
0.00077576
-0.000252494
-0.0509974
-0.045106
0.00773206
-0.0180345
-0.0042837
0.0183299
-0.0290586
0.00185385
-0.0340518
0.0360436
-0.0162951
0.0351404
0.0138023
-0.00503503
0.0118033
-0.010809
-0.0483595
0.00604851
0.00234898
0.0673885
-0.000768092
0.00538619
-0.0177209
0.0192321
0.0269026
0.0193407
-0.0396939
-3.8119e-05
0.0460625
-0.0544013
-0.0272412
-0.0132404
-0.0291558
-0.00548032
-0.0085175
0.0461351
-0.069675
0.032846
0.00509479
-7.52772e-05
-0.0695462
-0.0418648
0.0264905
-0.0253058
-0.00817483
-7.18524e-05
0.0266973
0.0427781
-0.0111074
-0.0464741
0.00992068
0.0277296
-0.00186666
0.00980888
0.0125245
-0.0543151
0.0548211
0.0146736
0.0598665
0.0163164
0.0259505
0.00988561
-0.0488309
0.0113035
0.0135559
-0.0669198
-0.011095
-0.0169176
0.01603
0.0236544
-0.0488346
-0.00806293
-0.0315062
-0.0410716
-0.00993101
-0.00767973
0.0120734
0.00866179
-0.0318195
-0.0448199
0.0497708
-0.0269316
0.013405
-0.0118082
-0.026178
0.0121104
0.00138825
0.0303047
-0.0167062
-0.0281938
-0.00587178
-0.0227795
0.0149184
0.0600415
-0.0380883
-0.0112493
0.0168193
-0.0197951
-0.0280253
0.0285436
0.0323662
-0.00157338
0.00552116
-0.0460513
0.0196219
0.0514744
-0.030615
-0.00122253
-0.0267989
-0.0635229
-0.00601945
0.0191278
0.0598251
0.04369
0.011719
-0.0319188
0.00465041
0.0438969
-0.0283436
0.0317167
-0.011701
0.00615226
-0.0293844
0.0470028
0.0137485
-0.0223011
0.0102651
0.0147173
-0.0576227
0.00526687
-0.0178328
0.0474729
-0.0263065
0.0122134
-0.00280839
-0.0296855
0.0108177
-0.0240847
-0.017129
-0.0229965
-0.0530213
0.0193169
0.026561
-0.0045477
-0.0463916
0.0558286
-0.0149471
0.0233467
-0.00516246
0.0148581
-0.0137333
0.0597996
0.0185802
0.0297289
0.0556926
-0.0501052
-0.0369478
0.0630942
0.0506891
0.0110096
-0.0370381
0.00969963
-0.0334315
0.00127322
0.0495141
-0.0389638
-0.0355471
0.0241477
-0.00420238
0.054752
-0.0219643
-0.00318408
0.0187452
0.0461773
-0.0131453
0.059301
0.0516174
0.0153657
-0.01855
0.0538081
0.0738797
-0.00370964
0.0092429
0.0795538
-0.0182629
0.0244639
0.0213956
-0.0177652
0.0759199
-0.0545769
0.0197706
-0.00545338
-0.00768995
0.0119894
0.0296426
-0.0830173
0.0183741
-0.0227685
0.0102822
0.0533468
-0.0251792
0.00443605
0.0218659
0.0170143
-0.0046243
0.04619
0.0259773
0.0455463
0.0249748
-0.0740821
-0.0604289
0.0591047
0.0278405
0.00566222
-0.0243627
-0.0124257
-0.00424103
-0.0540458
0.0216997
-0.0386778
0.00563912
0.0482903
0.0100001
0.0247765
0.0357693
-0.0658106
0.0106872
-0.0532431
-0.00585434
0.0315881
0.00486966
-0.0249679
0.0331337
-0.026375
-0.000818236
-0.0280721
-0.0153671
-0.010713
0.0322412
-0.0512814
0.00760202
0.0362492
0.0387618
0.0339779
0.0826633
-0.0166204
0.0346918
-0.00488624
-0.00621565
-0.00516516
-0.0506211
-0.0733704
0.0079677
-0.0181494
-0.0203484
0.000517366
-0.0058751
-0.0248673
-0.0411985
-0.019936
-0.016616
-0.0428846
-0.0701153
-0.0250336
-0.0141757
-0.00455852
-0.023156
0.000258975
-0.0521277
-0.011475
-0.00615424
0.0417805
-0.0469911
-0.00936287
0.00656429
-0.0457721
-0.00168465
0.00641666
-0.0294873
-0.0240381
0.039554
0.0474105
-0.0545389
-0.0242512
-0.0244461
0.0449121
0.0216101
-0.0654347
-0.00558925
-0.0422586
0.0599164
-0.0294294
-0.110016
0.0157369
-0.00474244
0.0224656
0.0535535
-0.0448969
-0.0250228
0.0607073
0.0111307
-0.0613491
0.0439382
0.0615545
-0.0184773
0.0670613
-0.0111868
0.0319996
0.0913179
-0.0311126
-0.0680562
0.0433786
0.0417515
-0.0427813
-0.0399481
-0.0181247
-0.0670748
-0.00322059
0.0534186
0.0494327
0.017836
-0.0104215
-0.0271978
0.0601158
-0.0187783
-0.0259269
-0.0398932
0.0604113
0.0161692
0.0517329
0.0648603
-0.0214347
0.0136116
-0.022246
-0.0030155
0.00191519
-0.0889828
0.0498845
0.012836
0.00886523
0.0210004
0.0107943
0.026007
0.0709199
0.0123121
0.00069351
0.0624227
0.055977
-0.0654541
0.0396761
0.0247163
-0.00333286
0.0477243
0.00624256
0.0751646
0.00766987
0.0218381
-0.0458023
-0.0076728
0.0429293
0.00367141
0.0352279
0.00247486
0.02997
0.0488745
0.0588398
0.00954306
-0.0261017
0.0298119
-0.0390447
0.018605
0.0420539
0.0267877
0.0277046
0.0462387
0.00702282
0.0287984
0.0486797
0.0393841
0.0710309
-0.00124496
0.0422413
0.113652
-0.0507176
0.00539715
0.0124586
0.00116535
-0.0285798
0.00710731
0.0237035
-0.0148922
0.0378164
-0.0160159
-0.00078828
0.00526908
-0.00294993
-0.0134536
0.00197135
-0.0703097
0.0466636
0.0132211
-0.0416463
-0.0306345
0.0193278
0.0521227
-0.0785229
0.000567523
0.082552
0.0498135
0.0055791
0.00526697
0.026154
0.012667
-0.00451848
-0.00838562
-0.0369945
0.0189805
-0.00343739
0.0235747
-0.00853396
0.00673837
-0.0329776
-0.0130639
-0.012464
-0.0110148
0.0110253
-0.00585606
-0.00144712
-0.0685941
0.00215156
-0.0690742
0.0281616
-0.0369878
0.0465387
0.044798
0.0701674
-0.0322463
-0.00951619
-0.0159243
-0.0402196
0.0290736
-0.0118807
0.0342522
0.012233
-0.0236034
-0.0214288
0.0441155
0.0530515
-0.0303771
-0.00427952
0.0068287
-0.0299328
-0.112983
-0.00278312
-0.0351358
-0.0557819
-0.0162335
-0.117381
-0.0460693
0.0776055
-0.0125064
-0.0792387
-0.019165
-0.0677562
-0.0227589
-0.00425973
-0.0944924
0.0298432
-0.0698854
0.00547372
-0.0278257
-0.0549467
0.0145189
0.00605048
-0.0195119
-0.0754859
-0.101612
0.0200253
-0.0381839
0.0969141
-0.0581114
-0.00585224
0.0916394
-0.03537
0.000201464
-0.0447366
0.0219428
-0.063705
-0.0567634
0.00703907
0.00933635
-0.0391936
-0.0936881
0.0632623
-0.0351831
-0.0646547
-0.0110225
-0.0220562
0.021973
-0.0482406
0.0338686
0.0596472
0.0476446
-0.0335318
-0.0457568
0.0737851
0.0261579
0.103373
0.0263672
0.0674343
-0.0746165
0.0116721
0.0752692
0.0175722
0.0257661
-0.0584841
0.00593261
-0.0124603
0.0464789
-0.00435996
0.0692731
-0.0210726
-0.0858127
0.0559073
-0.0490447
0.00236293
0.00534835
-0.0551222
0.0821275
-0.00541185
-0.0196043
0.0227345
0.0308141
0.0102179
-0.0147251
0.0534376
0.00793319
-0.0247068
0.026088
0.00453267
0.0288911
0.0324355
0.0576159
0.0505741
0.0425114
-0.014006
-0.0385834
0.0588399
0.0400269
-0.0462288
0.00228539
0.0139751
0.00107652
0.0232692
0.0677886
0.0187203
-0.00752673
0.0423582
-0.028811
-0.00104581
0.032683
0.0662668
-0.00211668
0.00536926
0.0741101
0.00613698
0.091654
0.0517472
-0.00466968
0.0124196
0.0665568
-0.0570789
0.0571442
-0.00966516
0.00783591
0.0181734
0.0208733
0.00706636
0.0285145
0.0443582
0.00563774
-0.0275933
-0.00553221
-0.0635727
-0.033702
0.0733995
0.0770825
0.072741
0.01951
0.0699978
-0.0162827
-0.0126916
0.0564342
-0.0655991
-0.0471618
-0.0355295
-0.0546007
0.0686555
0.00588943
-0.0497457
-0.0606129
0.00251001
0.0165455
-0.0565723
0.0123473
0.00294601
-0.0597425
-0.0267233
0.0519768
-0.0734833
0.0171406
-0.027088
0.00791318
0.050852
-0.0512097
0.0120444
0.0398242
-0.0631889
-0.0223193
0.00941892
0.0785071
-0.0436438
-0.0479047
0.0152708
0.0374322
-0.0426849
-0.0331538
-0.0561549
-0.0359011
-0.0305713
-0.025263
0.0150487
-0.0222959
-0.0103181
-0.0391282
-0.0241558
-0.0255585
0.0060036
0.0646098
-0.0247135
-0.0431745
-0.0840188
-0.0557776
0.135016
-0.02769
-0.0931964
0.0387375
0.0157878
0.0377504
0.0510862
0.0589819
-0.0828801
-0.0612878
0.0137019
-0.0624848
0.14685
-0.0310005
-0.132515
-0.0833522
-0.0338241
-0.0550295
0.0447322
-0.00405559
-0.117013
-0.0177957
-0.0708578
-0.0900126
0.0619156
-0.0517127
-0.0838176
-0.0683746
0.118601
-0.0329362
-0.0143125
0.0209914
0.0507759
0.00520692
0.0113881
0.0502897
-0.0306744
-0.0220102
-0.0479229
0.0235621
0.0454758
-0.049492
0.0107189
0.0815922
0.0217414
-0.025862
-0.0144605
-0.116818
-0.0435574
-0.0364509
0.00511458
0.0738745
-0.0498069
-0.0103722
0.117517
-0.045079
0.0707247
-0.00559853
0.108542
0.0295524
-0.102612
-0.0590136
0.0359091
-0.0745044
0.126252
0.0729742
0.00566559
0.0152814
0.0200092
0.134969
-0.0352961
-0.0462255
0.0848789
-0.0204374
-0.0729707
0.19571
0.0821059
-0.0293289
0.0935514
-0.00118971
-0.050179
-0.00566634
-0.0467861
-0.071775
0.0522962
-0.10609
-0.0247941
0.0617536
-0.0458334
-0.0954168
-0.099328
0.0711663
0.00985645
-0.0573594
0.000937268
0.020999
-0.0173986
0.0879917
0.0082643
-0.0160754
0.00275962
-0.0128471
0.133737
0.0646061
0.0181419
0.0157718
-0.130841
0.0738817
-0.0557632
-0.0567689
0.0981249
0.0275398
0.020308
-0.0395345
-0.00208857
-0.019835
-0.0599609
0.0188145
0.111977
-0.0676773
-0.00894592
0.0435297
-0.00483719
0.102713
-0.00664858
-0.0648601
-0.0453168
-0.0374454
-0.0161128
0.101802
0.192649
0.0809072
0.0259302
0.010107
0.112675
0.0154331
0.0104572
-0.107359
0.0148593
0.0342771
0.0967535
0.0193167
0.104767
0.0381109
-0.0573215
7.70923e-05
-0.0166281
0.0265541
0.0234871
0.00905501
-0.0442048
0.0287867
-0.12963
-0.0356315
0.00687774
-0.0532263
-0.0248323
0.0611897
0.0133555
-0.0173047
-0.0324763
0.125573
-0.149095
-0.049186
0.0400496
0.0824445
0.12258
-0.169886
0.0808948
-0.0499999
-0.042509
0.00305853
0.0267732
-0.0815459
-0.148422
-0.101643
0.0582729
0.0333441
-0.00687527
0.0108821
0.00131154
-0.0921545
0.008311
-0.0631636
0.0248529
-0.133219
-0.041546
0.0980359
-0.0110001
-0.000895496
-0.0625647
-0.139109
-0.00306896
-0.0613442
0.0420168
0.0159809
0.0451749
-0.045877
-0.105486
0.0109201
-0.209261
0.00813757
0.117967
-0.0252945
0.159279
0.0998415
-0.0489083
0.0178089
-0.100777
-0.147749
0.0280928
-0.0419857
0.160675
-0.162791
0.0638481
0.0472104
-0.12036
-0.0530411
-0.0578017
0.0283051
-0.0295461
-0.172116
-0.0280864
-0.0453894
0.0306227
-0.00552676
-0.0543287
-0.131665
0.0799884
-0.0144789
0.183231
0.101842
-0.0139641
0.0710792
-0.0271874
0.143282
-0.270341
0.157217
-0.0524394
0.124901
0.0658474
0.0551318
0.113285
-0.0807839
0.00230705
-0.114056
0.0564204
-0.0412121
0.106908
-0.188576
0.209194
-0.0938522
0.0197846
0.217063
-0.239983
0.256172
-0.0266927
-0.00404807
0.444947
-0.359936
0.260885
-0.136726
0.135489
-0.201604
0.026408
0.162346
0.170299
0.0919066
-0.002991
0.079455
-0.0574388
-0.045298
-0.30605
0.0440341
-0.253738
0.00395311
0.303026
-0.460265
0.208307
-0.418054
0.0218486
0.0583036
-0.441365
-0.0960131
-0.152146
0.0446047
-0.621842
0.00504318
0.0343563
0.340477
0.095091
0.399931
-0.0741086
0.0635278
0.203098
-0.508214
0.183308
-0.681003
0.412608
0.414838
-0.120266
0.318833
-0.0569177
-0.0479454
0.154074
-0.826768
-0.0684004
0.196369
-0.272238
-0.526542
-0.609397
0.493559
1.26369
-1.13806
-0.959552
0
