0.2704
0.2712
0.2712
0.272
0.272
0.272
0.272
0.272
0.2712
0.2712
0.2712
0.2712
0.2712
0.2712
0.2712
0.2712
0.2712
0.2704
0.2696
0.2696
0.2696
0.2696
0.2696
0.2704
0.2704
0.2704
0.2704
0.2704
0.2704
0.2704
0.2704
0.2704
0.2696
0.2696
0.2696
0.2696
0.2696
0.2696
0.2696
0.2696
0.2696
0.2696
0.2696
0.2696
0.2696
0.2696
0.2696
0.2696
0.2696
0.2704
0.2704
0.2712
0.2712
0.2712
0.2712
0.272
0.2728
0.2728
0.2728
0.2728
0.2728
0.2728
0.2728
0.272
0.272
0.272
0.272
0.272
0.272
0.272
0.272
0.272
0.272
0.272
0.272
0.272
0.2712
0.2712
0.2712
0.2712
0.2712
0.2712
0.2712
0.2712
0.2712
0.2712
0.272
0.272
0.272
0.2712
0.2704
0.2704
0.2704
0.2696
0.2696
0.2696
0.2696
0.2688
0.2696
0.2688
0.2688
0.2696
0.2704
0.2704
0.2704
0.2704
0.2704
0.2704
0.2704
0.2704
0.2704
0.2704
0.2704
0.2704
0.2704
0.2704
0.2704
0.2704
0.2704
0.2704
0.2704
0.2696
0.2696
0.2696
0.2696
0.2696
0.2696
0.2704
0.2696
0.2696
0.2696
0.2696
0.2696
0.2704
0.2704
0.2712
0.2712
0.2712
0.2712
0.2712
0.2712
0.2712
0.2712
0.272
0.272
0.272
0.272
0.272
0.272
0.272
0.2728
0.2728
0.2736
0.2736
0.2736
0.2728
0.2728
0.2728
0.2728
0.2728
0.2728
0.2736
0.2736
0.2736
0.2744
0.2736
0.2728
0.2728
0.2728
0.2728
0.2728
0.2728
0.2728
0.2728
0.2728
0.2728
0.2728
0.2736
0.2744
0.2744
0.2744
0.2736
0.2736
0.2736
0.2736
0.2736
0.2728
0.2728
0.2728
0.272
0.2712
0.272
0.272
0.272
0.272
0.272
0.272
0.272
0.272
0.272
0.272
0.272
0.272
0.272
0.2728
0.2736
0.2736
0.2728
0.2736
0.2736
0.2736
0.2736
0.2736
0.2736
0.2744
0.2744
0.2744
0.2752
0.2752
0.2752
0.2744
0.2744
0.2744
0.2744
0.2744
0.2744
0.2744
0.2736
0.2736
0.2736
0.2736
0.2736
0.2728
0.2728
0.2736
0.2736
0.2736
0.2728
0.2728
0.2736
0.2744
0.2744
0.2752
0.2752
0.2752
0.2752
0.2752
0.276
0.276
0.276
0.2752
0.2752
0.2752
0.2752
0.2752
0.2752
0.276
0.276
0.276
0.2752
0.2752
0.2752
0.2752
0.2752
0.2744
0.2752
0.2752
0.2752
0.2752
0.2744
0.2744
0.2752
0.2752
0.2752
0.276
0.2768
0.276
0.276
0.276
0.276
0.276
0.276
0.276
0.276
0.276
0.276
0.276
0.2752
0.2752
0.2752
0.2752
0.2744
0.2744
0.2744
0.2736
0.2736
0.2736
0.2736
0.2728
0.2728
0.2736
0.2736
0.2736
0.2736
0.2736
0.2736
0.2736
0.2744
0.2744
0.2744
0.2744
0.2736
0.2728
0.2728
0.2728
0.2728
0.2728
0.2728
0.2728
0.2728
0.2728
0.2728
0.2728
0.2728
0.2728
0.2728
0.272
0.272
0.272
0.272
0.272
0.272
0.272
0.272
0.272
0.272
0.272
0.272
0.272
0.272
0.2728
0.2728
0.2728
0.2728
0.2728
0.2728
0.2728
0.272
0.272
0.272
0.2712
0.2712
0.2712
0.2712
0.2712
0.2712
0.2712
0.2712
0.2712
0.2712
0.2712
0.2712
0.2712
0.2704
0.2704
0.2712
0.2712
0.2712
0.2712
0.2712
0.2712
0.2712
0.2712
0.2712
0.2712
0.2712
0.2712
0.2712
0.2712
0.2712
0.2712
0.2712
0.2704
0.2704
0.2704
0.2704
0.2704
0.2704
0.2704
0.2704
0.2704
0.2704
0.2704
0.2696
0.2696
0.2696
0.2704
0.2704
0.2704
0.2704
0.2696
0.2696
0.2696
0.2696
0.2704
0.2704
0.2712
0.2712
0.2712
0.2712
0.272
0.2712
0.272
0.272
0.272
0.272
0.272
0.272
0.272
0.272
0.272
0.272
0.272
0.272
0.272
0.272
0.272
0.272
0.272
0.272
0.2728
0.2728
0.2728
0.2736
0.2728
0.2736
0.2744
0.2736
0.2736
0.2728
0.272
0.272
0.2728
0.2728
0.2736
0.2736
0.2736
0.2736
0.2744
0.2752
0.2744
0.2752
0.2744
0.2744
0.2736
0.2736
0.2728
0.2736
0.2736
0.2736
0.2728
0.2728
0.2728
0.2728
0.2736
0.2736
0.2736
0.2736
0.2736
0.2736
0.2736
0.2736
0.2736
0.2736
0.2736
0.2736
0.2736
0.2728
0.2728
0.2728
0.2728
0.2728
0.272
0.272
0.272
0.272
0.272
0.2728
0.2728
0.2728
0.272
0.272
0.272
0.272
0.272
0.272
0.272
0.272
0.272
0.2728
0.2728
0.2728
0.2728
0.2728
0.2728
0.2728
0.2728
0.2728
0.2728
0.2728
0.2728
0.2728
0.2728
0.2728
0.2728
0.2728
0.2728
0.2728
0.2728
0.2728
0.2728
0.2728
0.2728
0.272
0.272
0.272
0.2728
0.272
0.272
0.272
0.272
0.272
0.272
0.272
0.272
0.272
0.272
0.2728
0.272
0.272
0.2728
0.2728
0.2728
0.2728
0.2728
0.2728
0.2728
0.2736
0.2728
0.272
0.2712
0.2712
0.2712
0.2712
0.2712
0.2712
0.2712
0.2712
0.2712
0.2712
0.2712
0.272
0.272
0.272
0.2712
0.2712
0.2712
0.2712
0.2712
0.2712
0.2712
0.2712
0.2712
0.272
0.272
0.272
0.272
0.272
0.272
0.272
0.2728
0.272
0.272
0.272
0.272
0.272
0.272
0.272
0.272
0.2728
0.2736
0.2736
0.2744
0.2752
0.2752
0.2752
0.2752
0.2752
0.276
0.2768
0.2768
0.2768
0.276
0.2768
0.2768
0.2776
0.2776
0.2776
0.2776
0.2776
0.2776
0.2784
0.2784
0.2784
0.2784
0.2784
0.2784
0.2784
0.2792
0.2792
0.2792
0.2784
0.2792
0.2792
0.2784
0.2784
0.2784
0.2784
0.2784
0.2784
0.2784
0.2784
0.2792
0.2792
0.2792
0.2792
0.2792
0.2792
0.2792
0.2792
0.2792
0.2792
0.2792
0.2792
0.2792
0.2784
0.2784
0.2784
0.2784
0.2776
0.2776
0.2776
0.2776
0.2776
0.2776
0.2776
0.2776
0.2776
0.2776
0.2776
0.2776
0.2768
0.2768
0.2768
0.2768
0.276
0.2768
0.2768
0.2768
0.2768
0.2776
0.2776
0.2776
0.2776
0.2776
0.2776
0.2776
0.2776
0.2776
0.2776
0.2776
0.2776
0.2784
0.2784
0.2784
0.2784
0.2784
0.2784
0.2784
0.2784
0.2784
0.2784
0.2784
0.2784
0.2784
0.2784
0.2784
0.2792
0.2792
0.2792
0.2792
0.2792
0.2784
0.2784
0.2784
0.2784
0.2784
0.2792
0.2792
0.2792
0.2792
0.2792
0.2792
0.2792
0.2792
0.2784
0.2784
0.2784
0.2784
0.2784
0.2784
0.2776
0.2784
0.2784
0.2784
0.2784
0.2784
0.2792
0.2792
0.2792
0.2792
0.28
0.28
0.28
0.2808
0.2808
0.2808
0.2808
0.28
0.28
0.28
0.2792
0.28
0.28
0.28
0.28
0.28
0.28
0.28
0.28
0.28
0.28
0.2808
0.2808
0.2808
0.2808
0.2808
0.28
0.2808
0.2816
0.2816
0.2816
0.2808
0.2808
0.2808
0.2808
0.28
0.28
0.2808
0.2808
0.2808
0.2808
0.2808
0.2808
0.2816
0.2824
0.2816
0.2816
0.2816
0.2816
0.2824
0.2824
0.2824
0.2824
0.2824
0.2824
0.2824
0.2832
0.2824
0.2824
0.2824
0.2824
0.2824
0.2824
0.2824
0.2824
0.2824
0.2824
0.2816
0.2816
0.2816
0.2816
0.2816
0.2816
0.2816
0.2808
0.2808
0.2808
0.2816
0.2816
0.2808
0.2816
0.2808
0.2816
0.2816
0.2824
0.2816
0.2816
0.2808
0.2808
0.2808
0.2808
0.2808
0.2808
0.2808
0.2808
0.2808
0.2808
0.2808
0.2808
0.2808
0.2816
0.2816
0.2824
0.2832
0.2832
0.2824
0.2824
0.2816
0.2816
0.2816
0.2816
0.2816
0.2816
0.2816
0.2824
0.2824
0.2824
0.2824
0.2816
0.2816
0.2816
0.2816
0.2824
0.2824
0.2824
0.2832
0.284
0.2832
0.284
0.284
0.2832
0.2832
0.2832
0.2832
0.2832
0.2832
0.284
0.284
0.284
0.284
0.2832
0.2832
0.2832
0.284
0.284
0.2848
0.2848
0.284
0.2848
0.2848
0.2848
0.2856
0.2856
0.2856
0.2856
0.2856
0.2856
0.2856
0.2856
0.2864
0.2864
0.2864
0.2856
0.2864
0.2872
0.2872
0.2872
0.2872
0.288
0.288
0.288
0.288
0.288
0.288
0.288
0.288
0.288
0.288
0.2872
0.2872
0.288
0.288
0.288
0.288
0.288
0.2888
0.2888
0.2888
0.2888
0.2888
0.2888
0.2888
0.2888
0.2888
0.2888
0.2888
0.2888
0.2888
0.2888
0.2888
0.2888
0.2888
0.2888
0.2888
0.2888
0.288
0.2872
0.2872
0.2872
0.2872
0.288
0.288
0.2872
0.2872
0.2872
0.2872
0.2872
0.2872
0.288
0.288
0.288
0.288
0.288
0.2888
0.288
0.288
0.288
0.288
0.288
0.288
0.288
0.288
0.2872
0.2872
0.2872
0.288
0.288
0.2888
0.2888
0.2888
0.2888
0.2896
0.2896
0.2904
0.2904
0.2904
0.2912
0.292
0.292
0.2928
0.2928
0.2928
0.2928
0.2928
0.2936
0.2936
0.2936
0.2936
0.2936
0.2936
0.2936
0.2936
0.2936
0.2936
0.2936
0.2944
0.2936
0.2936
0.2944
0.2944
0.2952
0.296
0.296
0.2968
0.2968
0.2976
0.2976
0.2968
0.2968
0.2968
0.2968
0.2968
0.296
0.296
0.296
0.296
0.296
0.296
0.296
0.296
0.296
0.296
0.296
0.296
0.296
0.296
0.296
0.296
0.296
0.296
0.296
0.296
0.2952
0.2952
0.2952
0.2952
0.2952
0.2952
0.2952
0.296
0.296
0.296
0.2952
0.2952
0.2944
0.2944
0.2944
0.2944
0.2944
0.2944
0.2952
0.2952
0.2952
0.2952
0.2952
0.2952
0.2952
0.2952
0.2952
0.2952
0.2952
0.296
0.296
0.296
0.296
0.296
0.296
0.296
0.2968
0.2968
0.2968
0.296
0.296
0.2952
0.2952
0.2952
0.2952
0.296
0.296
0.296
0.2968
0.2968
0.2976
0.2976
0.2984
0.2984
0.2984
0.2984
0.2984
0.2976
0.2976
0.2976
0.2968
0.2968
0.2968
0.2968
0.2968
0.2968
0.2968
0.2968
0.2968
0.2968
0.2976
0.2976
0.2976
0.2976
0.2976
0.2984
0.2984
0.2976
0.2976
0.2984
0.2984
0.2984
0.2984
0.2984
0.2984
0.2984
0.2976
0.2968
0.2968
0.2968
0.2976
0.2976
0.2976
0.2976
0.2976
0.2976
0.2976
0.2976
0.2976
0.2968
0.2968
0.2968
0.2976
0.2984
0.2992
0.2992
0.2992
0.2992
0.2992
0.2984
0.2984
0.2984
0.2984
0.2976
0.2976
0.2984
0.2984
0.2976
0.2976
0.2976
0.2976
0.2968
0.2968
0.2976
0.2984
0.2984
0.2992
0.2992
0.2992
0.2992
0.2992
0.2984
0.2992
0.2992
0.2992
0.2992
0.2992
0.2992
0.2992
0.2992
0.2992
0.2992
0.2992
0.2992
0.2992
0.2992
0.2992
0.3
0.3008
0.3008
0.3008
0.3008
0.3016
0.3008
0.3008
0.3008
0.3008
0.3
0.3
0.3008
0.3008
0.3008
0.3008
0.3008
0.3008
0.3008
0.3008
0.3008
0.3008
0.3
0.3
0.2992
0.2992
0.2992
0.2992
0.2992
0.2992
0.2992
0.2992
0.2992
0.2992
0.2992
0.2992
0.2992
0.2992
0.2992
0.2984
0.2976
0.2968
0.2968
0.2968
0.2976
0.2976
0.2976
0.2976
0.2976
0.2976
0.2976
0.2976
0.2976
0.2976
0.2976
0.2976
0.2976
0.2976
0.2976
0.2976
0.2976
0.2976
0.2968
0.2976
0.2976
0.2976
0.2968
0.2968
0.2976
0.2976
0.2968
0.2968
0.2968
0.2976
0.2976
0.2976
0.2976
0.2976
0.2976
0.2984
0.2984
0.2976
0.2976
0.2976
0.2984
0.2984
0.2992
0.2992
0.2992
0.2992
0.2992
0.2992
0.2992
0.2992
0.2992
0.2992
0.2992
0.2992
0.2992
0.2992
0.2992
0.2992
0.2992
0.2992
0.2992
0.2992
0.2992
0.2984
0.2984
0.2984
0.2992
0.2992
0.2992
0.2992
0.2992
0.2992
0.2992
0.2992
0.2992
0.2992
0.2992
0.2992
0.2992
0.2992
0.3
0.3
0.3
0.3
0.3
0.3
0.3
0.3008
0.3
0.3008
0.3008
0.3008
0.3008
0.3016
0.3016
0.3016
0.3016
0.3016
0.3016
0.3016
0.3016
0.3008
0.3008
0.3008
0.3008
0.3
0.3008
0.3008
0.3008
0.3008
0.3
0.3
0.3008
0.3008
0.3008
0.3016
0.3016
0.3016
0.3016
0.3016
0.3016
0.3016
0.3016
0.3024
0.3024
0.3032
0.3032
0.3032
0.3032
0.3032
0.304
0.304
0.304
0.304
0.304
0.3032
0.3032
0.3032
0.3024
0.3016
0.3024
0.3016
0.3016
0.3016
0.3016
0.3016
0.3016
0.3016
0.3024
0.3024
0.3024
0.3024
0.3024
0.3024
0.3024
0.3024
0.3024
0.3024
0.3032
0.3032
0.3032
0.3032
0.3032
0.3032
0.3032
0.3032
0.3032
0.3032
0.3032
0.3032
0.3024
0.3024
0.3024
0.3024
0.3024
0.3032
0.3032
0.3024
0.3024
0.3024
0.3024
0.3024
0.3024
0.3024
0.3016
0.3016
0.3016
0.3016
0.3016
0.3016
0.3016
0.3016
0.3016
0.3024
0.3024
0.3024
0.3024
0.3024
0.3024
0.3024
0.3024
0.3016
0.3016
0.3016
0.3016
0.3016
0.3016
0.3016
0.3016
0.3016
0.3016
0.3016
0.3008
0.3008
0.3008
0.3008
0.3008
0.3008
0.3008
0.3008
0.3008
0.3008
0.3008
0.3008
0.3008
0.3008
0.3008
0.3008
0.3008
0.3008
0.3
0.3
0.3008
0.3008
0.3008
0.3008
0.3016
0.3016
0.3016
0.3016
0.3008
0.3008
0.3008
0.3
0.3
0.3
0.3
0.3
0.3
0.2992
0.2992
0.2992
0.2992
0.2992
0.2992
0.2992
0.2992
0.2992
0.2992
0.2992
0.2992
0.2992
0.2992
0.2992
0.2992
0.2992
0.2984
0.2984
0.2984
0.2984
0.2992
0.2992
0.2992
0.2992
0.2992
0.2992
0.2992
0.2992
0.2992
0.2992
0.2992
0.2992
0.3
0.3
0.3
0.3
0.2992
0.2992
0.3
0.3
0.3008
0.3008
0.3008
0.3008
0.3008
0.3008
0.3008
0.3016
0.3016
0.3016
0.3016
0.3024
0.3024
0.3024
0.3016
0.3024
0.3032
0.3032
0.304
0.304
0.304
0.3048
0.3048
0.3048
0.3056
0.3048
0.3048
0.3048
0.3048
0.3048
0.304
0.304
0.304
0.304
0.3048
0.3048
0.3056
0.3056
0.3048
0.304
0.304
0.304
0.304
0.304
0.3048
0.3048
0.3048
0.3048
0.3048
0.3048
0.3048
0.3048
0.3048
0.304
0.304
0.3048
0.3048
0.3048
0.3056
0.3056
0.3056
0.3064
0.3072
0.3072
0.3072
0.3072
0.3064
0.3064
0.3064
0.3064
0.3064
0.3064
0.3064
0.3072
0.308
0.308
0.308
0.308
0.308
0.308
0.308
0.308
0.308
0.308
0.308
0.308
0.3072
0.3072
0.3072
0.3072
0.3064
0.3064
0.3064
0.3064
0.3056
0.3056
0.3056
0.3056
0.3048
0.3048
0.3048
0.3048
0.3048
0.3048
0.3048
0.3048
0.3048
0.3048
0.3056
0.3056
0.3056
0.3056
0.3064
0.3064
0.3064
0.3064
0.3064
0.3064
0.3064
0.3064
0.3064
0.3064
0.3064
0.3064
0.3064
0.3072
0.3072
0.3064
0.3064
0.3064
0.3064
0.3064
0.3064
0.3064
0.3064
0.3064
0.3064
0.3072
0.3072
0.308
0.308
0.308
0.3072
0.308
0.308
0.308
0.308
0.308
0.3088
0.3088
0.308
0.3088
0.308
0.308
0.308
0.3072
0.3072
0.3072
0.3072
0.3072
0.3072
0.3072
0.3072
0.308
0.3072
0.3072
0.3072
0.308
0.308
0.308
0.308
0.308
0.3088
0.3096
0.3104
0.3104
0.3096
0.3096
0.3096
0.3096
0.3096
0.3104
0.3104
0.3104
0.3104
0.3112
0.3112
0.3112
0.3112
0.3112
0.3112
0.3112
0.3112
0.3104
0.3104
0.3104
0.3104
0.3112
0.3112
0.3112
0.3112
0.3112
0.3112
0.3112
0.3112
0.3112
0.312
0.312
0.312
0.3112
0.3112
0.3112
0.312
0.3112
0.3112
0.3112
0.3112
0.312
0.312
0.312
0.312
0.312
0.312
0.3128
0.3128
0.3128
0.3128
0.3128
0.3128
0.3136
0.3144
0.3152
0.316
0.3152
0.3152
0.3152
0.3152
0.3152
0.3152
0.3152
0.3152
0.3152
0.316
0.316
0.316
0.316
0.316
0.316
0.316
0.316
0.316
0.316
0.316
0.316
0.316
0.3152
0.316
0.3168
0.3168
0.316
0.316
0.316
0.316
0.316
0.316
0.3168
0.3168
0.3168
0.3168
0.3168
0.3168
0.3168
0.3168
0.3168
0.3168
0.3168
0.3168
0.3168
0.316
0.316
0.316
0.316
0.316
0.316
0.316
0.3168
0.3176
0.3176
0.3176
0.3168
0.3168
0.3168
0.3168
0.3168
0.3176
0.3176
0.3176
0.3176
0.3168
0.3168
0.3168
0.3168
0.3168
0.3168
0.3168
0.316
0.316
0.316
0.3152
0.3152
0.3152
0.3152
0.3152
0.3144
0.3152
0.3152
0.3152
0.3152
0.316
0.3168
0.3168
0.3168
0.316
0.3152
0.3152
0.3152
0.3152
0.3152
0.3152
0.3152
0.3152
0.3152
0.3152
0.3152
0.3152
0.3152
0.3152
0.3152
0.3152
0.3152
0.3152
0.316
0.316
0.3152
0.316
0.3152
0.3152
0.3152
0.3152
0.3152
0.3152
0.316
0.316
0.316
0.316
0.316
0.316
0.316
0.316
0.3168
0.3168
0.316
0.316
0.3168
0.3168
0.3168
0.3168
0.3168
0.3168
0.316
0.316
0.3168
0.3168
0.3168
0.3168
0.3168
0.3168
0.3168
0.3168
0.3176
0.3184
0.3184
0.3184
0.3184
0.3184
0.3184
0.3184
0.3184
0.3184
0.3184
0.3184
0.3192
0.32
0.32
0.3208
0.32
0.32
0.32
0.32
0.3208
0.3208
0.3208
0.3208
0.3208
0.3208
0.3208
0.3208
0.32
0.32
0.3208
0.3208
0.3208
0.3208
0.3208
0.32
0.32
0.32
0.3208
0.32
0.32
0.32
0.32
0.32
0.32
0.32
0.32
0.32
0.3192
0.3192
0.3192
0.32
0.32
0.32
0.32
0.32
0.32
0.32
0.32
0.3192
0.3192
0.32
0.32
0.32
0.3192
0.3192
0.3192
0.3192
0.3192
0.3184
0.3184
0.3184
0.3184
0.3184
0.3192
0.32
0.32
0.3208
0.3208
0.3208
0.32
0.32
0.32
0.3192
0.3192
0.3192
0.32
0.32
0.32
0.32
0.32
0.32
0.32
0.32
0.3208
0.32
0.32
0.32
0.32
0.3192
0.3184
0.3184
0.3176
0.3168
0.3168
0.3168
0.3168
