0.2944
0.3024
0.2912
0.276
0.2632
0.284
0.304
0.2856
0.2976
0.2992
0.2968
0.2728
0.2528
0.2704
0.2376
0.2608
0.2536
0.2552
0.2304
0.2232
0.22
0.2456
0.2712
0.2728
0.2544
0.2336
0.212
0.1984
0.1992
0.204
0.224
0.232
0.2224
0.236
0.2368
0.236
0.2448
0.2584
0.212
0.2432
0.2512
0.2624
0.2416
0.272
0.2504
0.2784
0.296
0.2976
0.3176
0.3448
0.3768
0.3624
0.3312
0.3264
0.3232
0.34
0.3272
0.3328
0.3616
0.348
0.3416
0.3192
0.336
0.3336
0.336
0.3328
0.2944
0.2984
0.2968
0.3216
0.312
0.3104
0.3152
0.3
0.3
0.312
0.3144
0.3376
0.3864
0.4304
0.4184
0.4376
0.4424
0.4696
0.4472
0.4392
0.4448
0.4392
0.44
0.4648
0.44
0.4448
0.4536
0.452
0.4704
0.4728
0.4808
0.4448
0.4288
0.4288
0.4256
0.4256
0.4248
0.4272
0.4488
0.4264
0.436
0.4568
0.452
0.4576
0.4456
0.4688
0.4824
0.4816
0.508
0.4832
0.48
0.4784
0.476
0.4784
0.4608
0.4784
0.4696
0.46
0.4704
0.4768
0.4848
0.4512
0.46
0.4464
0.4168
0.4056
0.4344
0.4608
0.4464
0.4224
0.4232
0.4456
0.4144
0.4344
0.4456
0.428
0.4416
0.4208
0.4608
0.4488
0.4408
0.4272
0.4344
0.42
0.4336
0.4192
0.4168
0.4008
0.3808
0.3928
0.372
0.3416
0.3584
0.3752
0.376
0.4032
0.4048
0.4224
0.4256
0.4272
0.4248
0.3952
0.4064
0.4328
0.4312
0.4384
0.436
0.4256
0.4112
0.4216
0.4376
0.4032
0.4024
0.38
0.4136
0.4448
0.4224
0.408
0.4272
0.4272
0.4304
0.4472
0.4384
0.436
0.3992
0.3904
0.3808
0.3416
0.3376
0.3096
0.3096
0.3408
0.356
0.3448
0.3496
0.3392
0.3352
0.344
0.3568
0.324
0.316
0.3104
0.3184
0.3104
0.296
0.2768
0.252
0.2688
0.2704
0.2848
0.2888
0.2496
0.2336
0.2408
0.2392
0.2304
0.2672
0.2344
0.2672
0.2672
0.248
0.2352
0.2432
0.2296
0.2304
0.288
0.2448
0.2256
0.2488
0.2416
0.2584
0.276
0.2584
0.2456
0.2736
0.2816
0.2824
0.3048
0.3272
0.3536
0.344
0.3288
0.3256
0.34
0.3288
0.3376
0.3584
0.38
0.3736
0.3688
0.3336
0.3376
0.3376
0.3304
0.3232
0.3408
0.3208
0.3272
0.34
0.3456
0.3488
0.36
0.384
0.3536
0.3296
0.316
0.2896
0.3024
0.3232
0.3144
0.3024
0.2944
0.2984
0.2816
0.3
0.324
0.2976
0.2992
0.2816
0.2904
0.2744
0.2744
0.2968
0.3136
0.3
0.276
0.3072
0.2864
0.28
0.2792
0.2672
0.2568
0.2752
0.2536
0.2728
0.2704
0.2712
0.2552
0.2632
0.2712
0.2568
0.2616
0.252
0.2648
0.248
0.2616
0.2648
0.248
0.2184
0.2072
0.2072
0.1968
0.1928
0.1704
0.1728
0.1408
0.124
0.1448
0.1536
0.168
0.14
0.1528
0.1296
0.1664
0.1488
0.1808
0.1448
0.1656
0.1992
0.2192
0.2288
0.2632
0.2712
0.2704
0.2816
0.284
0.2816
0.2792
0.2976
0.3248
0.3168
0.2968
0.3096
0.3192
0.2776
0.2568
0.272
0.2736
0.2344
0.2328
0.2344
0.2112
0.1952
0.1664
0.1624
0.1736
0.2176
0.2184
0.2216
0.2
0.2208
0.2416
0.2376
0.228
0.2208
0.2144
0.216
0.2264
0.224
0.236
0.2184
0.1984
0.2256
0.2176
0.2296
0.2664
0.2608
0.232
0.2216
0.2496
0.256
0.26
0.2504
0.2488
0.2688
0.28
0.2848
0.2656
0.2712
0.2496
0.2712
0.2808
0.276
0.2776
0.276
0.2784
0.2648
0.2416
0.2256
0.2472
0.2504
0.2768
0.2664
0.2864
0.284
0.276
0.268
0.2824
0.3048
0.3504
0.3616
0.3648
0.3864
0.3728
0.3688
0.3224
0.3368
0.3464
0.3328
0.352
0.3632
0.3776
0.3864
0.3888
0.376
0.3592
0.3528
0.3336
0.3256
0.3216
0.3296
0.3432
0.3248
0.3104
0.3128
0.34
0.3144
0.3224
0.3392
0.356
0.3344
0.328
0.3032
0.3104
0.3144
0.2952
0.3128
0.3552
0.3496
0.352
0.344
0.3368
0.3304
0.3048
0.3112
0.3104
0.3224
0.3208
0.324
0.3232
0.3432
0.3424
0.3504
0.3368
0.3344
0.3392
0.3328
0.3048
0.2968
0.3056
0.308
0.3096
0.2896
0.28
0.2872
0.3032
0.2992
0.3288
0.3216
0.292
0.272
0.2664
0.2536
0.2368
0.2864
0.316
0.3008
0.2968
0.328
0.3528
0.344
0.3296
0.296
0.2704
0.2584
0.2664
0.2648
0.316
0.3048
0.3128
0.3408
0.3464
0.3784
0.3872
0.3504
0.368
0.3632
0.3544
0.324
0.34
0.3552
0.3256
0.328
0.3456
0.356
0.3616
0.3784
0.3568
0.3584
0.3552
0.3672
0.3656
0.352
0.3376
0.3176
0.3136
0.3144
0.2928
0.3216
0.3496
0.3304
0.328
0.3272
0.3736
0.352
0.3464
0.3168
0.3224
0.3136
0.2928
0.2896
0.3344
0.3504
0.356
0.3712
0.364
0.3592
0.3696
0.3672
0.4032
0.3904
0.3976
0.4184
0.3992
0.408
0.3912
0.428
0.4328
0.4616
0.456
0.4744
0.4832
0.536
0.4848
0.5144
0.54
0.5352
0.5152
0.4992
0.4904
0.48
0.5208
0.5344
0.5048
0.4992
0.4672
0.4656
0.452
0.4264
0.4128
0.4024
0.3744
0.3648
0.3368
0.3248
0.3488
0.3576
0.3904
0.4216
0.42
0.4176
0.4216
0.428
0.4256
0.4048
0.4088
0.4
0.4264
0.388
0.3816
0.3512
0.3608
0.3632
0.3584
0.3592
0.3608
0.3824
0.3864
0.4056
0.3776
0.3816
0.416
0.4088
0.3928
0.3816
0.3856
0.36
0.356
0.376
0.4192
0.4272
0.4376
0.4368
0.4408
0.4424
0.4312
0.4584
0.4784
0.4728
0.4624
0.48
0.4616
0.4408
0.4584
0.46
0.4496
0.4384
0.4312
0.4416
0.4616
0.4416
0.4512
0.4496
0.4592
0.4744
0.5064
0.504
0.4936
0.5192
0.5256
0.5032
0.5088
0.4904
0.5008
0.5096
0.492
0.4736
0.4736
0.456
0.452
0.436
0.4608
0.4648
0.4608
0.4536
0.4488
0.444
0.4592
0.4632
0.4784
0.4824
0.492
0.508
0.5088
0.4976
0.4792
0.5072
0.508
0.5368
0.5248
0.5136
0.5144
0.5288
0.5224
0.5504
0.5656
0.54
0.5264
0.5168
0.5
0.48
0.4496
0.4832
0.4816
0.4552
0.4432
0.4608
0.4704
0.4696
0.4632
0.4544
0.4488
0.4792
0.4968
0.4704
0.5056
0.5
0.492
0.4752
0.4504
0.456
0.4328
0.4264
0.4248
0.4592
0.4632
0.46
0.4632
0.4544
0.4528
0.4536
0.4424
0.42
0.436
0.4344
0.4528
0.4344
0.4136
0.4464
0.4552
0.4288
0.448
0.4072
0.3992
0.3992
0.3936
0.3936
0.4224
0.4136
0.4136
0.4104
0.4096
0.404
0.404
0.3848
0.4024
0.416
0.4208
0.4088
0.408
0.4456
0.4784
0.4496
0.4592
0.3992
0.4048
0.4288
0.44
0.4528
0.4152
0.4232
0.4304
0.4288
0.4432
0.464
0.456
0.4512
0.4672
0.4512
0.4688
0.4728
0.4944
0.5296
0.5232
0.54
0.544
0.544
0.5248
0.5344
0.5072
0.524
0.5024
0.4952
0.4936
0.5
0.492
0.5216
0.5272
0.4904
0.4856
0.484
0.4664
0.46
0.4584
0.4592
0.4448
0.428
0.4112
0.4248
0.46
0.4592
0.4624
0.472
0.4544
0.4216
0.4456
0.4728
0.4624
0.4624
0.4768
0.4424
0.4792
0.4864
0.4984
0.5232
0.556
0.5488
0.5632
0.5472
0.5656
0.5512
0.5384
0.5648
0.5632
0.5376
0.5512
0.536
0.4984
0.4976
0.4976
0.4712
0.4776
0.4768
0.4632
0.4432
0.4368
0.4528
0.4728
0.4944
0.448
0.4384
0.4448
0.4496
0.4416
0.4272
0.4304
0.4032
0.388
0.3608
0.3936
0.3896
0.4008
0.408
0.4264
0.3952
0.4016
0.4384
0.4344
0.4224
0.4144
0.4184
0.4
0.3968
0.376
0.3616
0.4024
0.4328
0.448
0.4648
0.4616
0.4504
0.4336
0.4488
0.4496
0.4672
0.4376
0.4576
0.4488
0.4352
0.436
0.4632
0.4704
0.4528
0.496
0.4464
0.4504
0.4632
0.4696
0.4936
0.5016
0.5008
0.5224
0.5368
0.5416
0.544
0.5272
0.488
0.4752
0.4896
0.4896
0.5
0.488
0.46
0.4712
0.4904
0.4864
0.488
0.4568
0.4512
0.4496
0.464
0.4488
0.4696
0.4664
0.4824
0.4776
0.4776
0.4672
0.4928
0.496
0.4656
0.436
0.4616
0.4648
0.4768
0.4672
0.448
0.4176
0.4008
0.3672
0.3624
0.3544
0.364
0.3736
0.3648
0.3624
0.3888
0.4024
0.4056
0.4016
0.3928
0.3936
0.3912
0.3856
0.3992
0.3768
0.3904
0.404
0.4112
0.4016
0.432
0.42
0.4344
0.4536
0.4504
0.4512
0.4304
0.4376
0.4
0.4312
0.4088
0.4288
0.4344
0.436
0.4256
0.4088
0.4008
0.3632
0.352
0.3408
0.3336
0.3192
0.3184
0.3208
0.3048
0.2952
0.3168
0.3456
0.3712
0.3952
0.3736
0.3872
0.404
0.4184
0.4264
0.416
0.4208
0.3864
0.4264
0.4368
0.46
0.4912
0.4656
0.4424
0.4512
0.4464
0.468
0.5136
0.5176
0.5144
0.5344
0.5264
0.4928
0.4824
0.4864
0.4968
0.492
0.5232
0.5232
0.5376
0.5336
0.5336
0.508
0.5224
0.5328
0.5456
0.5432
0.54
0.5648
0.5488
0.5216
0.5128
0.5144
0.4984
0.508
0.5096
0.5152
0.504
0.516
0.5472
0.5608
0.5728
0.5632
0.5736
0.5912
0.5712
0.588
0.5936
0.6144
0.6264
0.624
0.6008
0.6136
0.624
0.6256
0.6208
0.6376
0.6504
0.6464
0.6552
0.664
0.66
0.664
0.6584
0.6848
0.6904
0.6872
0.704
0.692
0.7096
0.688
0.7112
0.7256
0.7416
0.7536
0.7568
0.7728
0.772
0.7792
0.7632
0.78
0.7616
0.7584
0.7288
0.7384
0.7312
0.7488
0.7496
0.7472
0.7184
0.712
0.7416
0.7368
0.7392
0.7672
0.7368
0.724
0.7112
0.7288
0.7368
0.7464
0.7552
0.7504
0.7224
0.7128
0.7344
0.7392
0.764
0.7536
0.7336
0.7168
0.7104
0.7032
0.6976
0.7
0.6728
0.6352
0.6688
0.6624
0.6656
0.6432
0.6872
0.6984
0.7144
0.6808
0.6792
0.684
0.68
0.684
0.6912
0.692
0.7016
0.7072
0.7192
0.7288
0.7
0.7008
0.6928
0.7112
0.7112
0.692
0.6896
0.6848
0.6696
0.6592
0.6832
0.6696
0.66
0.652
0.6664
0.6776
0.6784
0.7232
0.748
0.7536
0.7656
0.7304
0.7408
0.7496
0.7472
0.7616
0.768
0.7648
0.7728
0.7656
0.7896
0.7816
0.7648
0.7544
0.7536
0.7632
0.7592
0.784
0.7792
0.792
0.7864
0.7848
0.784
0.7704
0.78
0.7504
0.7648
0.7584
0.752
0.7616
0.7576
0.7568
0.788
0.776
0.7728
0.7528
0.7432
0.7056
0.7216
0.732
0.6912
0.7336
0.7432
0.7392
0.7192
0.7464
0.7176
0.6976
0.6856
0.72
0.7232
0.7016
0.712
0.744
0.7872
0.7928
0.7536
0.7304
0.7416
0.7464
0.7416
0.7512
0.7544
0.7616
0.7888
0.8048
0.78
0.7776
0.7792
0.7696
0.7952
0.8104
0.8232
0.8536
0.8576
0.8544
0.8512
0.8608
0.8656
0.852
0.8432
0.8424
0.828
0.8152
0.776
0.796
0.784
0.7832
0.7832
0.8104
0.7904
0.7776
0.8152
0.8352
0.792
0.7688
0.772
0.7672
0.7568
0.7624
0.7808
0.792
0.7752
0.7736
0.7488
0.7328
0.7704
0.7728
0.7608
0.7576
0.7616
0.7472
0.7584
0.7784
0.78
0.7664
0.7512
0.7344
0.7224
0.7184
0.7208
0.744
0.728
0.72
0.7056
0.7232
0.7184
0.7304
0.724
0.7464
0.7752
0.7784
0.7768
0.7624
0.76
0.7784
0.792
0.8112
0.8152
0.788
0.7752
0.764
0.756
0.7568
0.736
0.7104
0.7104
0.7136
0.7224
0.724
0.716
0.7496
0.7352
0.7168
0.7032
0.6856
0.6672
0.6448
0.6424
0.6608
0.6592
0.6784
0.6744
0.6976
0.7176
0.7104
0.6952
0.6808
0.6688
0.6712
0.6936
0.6848
0.6744
0.68
0.6872
0.7024
0.7048
0.68
0.6736
0.6864
0.6984
0.6856
0.68
0.6896
0.6632
0.672
0.644
0.6368
0.6536
0.6664
0.6536
0.6312
0.6352
0.6256
0.66
0.6392
0.6752
0.6536
0.6448
0.6304
0.6296
0.6176
0.6144
0.5984
0.5648
0.5816
0.6128
0.6272
0.6488
0.6808
0.672
0.6648
0.6752
0.7016
0.7152
0.6872
0.688
0.6824
0.7048
0.6888
0.7168
0.6928
0.7232
0.6896
0.7136
0.7168
0.68
0.6952
0.7128
0.6904
0.6584
0.6696
0.6592
0.6392
0.6792
0.6864
0.716
0.7216
0.728
0.752
0.7424
0.744
0.7336
0.7568
0.7536
0.7376
0.7736
0.8032
0.7872
0.796
0.7984
0.792
0.7984
0.7752
0.7824
0.7872
0.78
0.7776
0.78
0.7712
0.7656
0.7496
0.7312
0.7304
0.7296
0.7408
0.7456
0.74
0.7624
0.7488
0.752
0.7608
0.7616
0.768
0.7536
0.7728
0.776
0.7736
0.7888
0.8
0.7952
0.792
0.7824
0.7912
0.796
0.788
0.816
0.7808
0.7816
0.8024
0.776
0.7912
0.804
0.8136
0.8
0.8248
0.8128
0.8512
0.8472
0.8296
0.8208
0.8192
0.8088
0.8184
0.8448
0.832
0.828
0.8232
0.8208
0.8024
0.8136
0.8088
0.8176
0.7984
0.8056
0.8208
0.8408
0.8208
0.7952
0.7872
0.7928
0.7848
0.792
0.7896
0.7912
0.764
0.7632
0.7736
0.7648
0.804
0.7976
0.7912
0.7736
0.7528
0.7368
0.7112
0.7384
0.7536
0.74
0.74
0.7408
0.7376
0.752
0.7384
0.7208
0.724
0.7176
0.7128
0.6992
0.7024
0.7336
0.7112
0.684
0.6984
0.6968
0.7064
0.7104
0.684
0.6768
0.6752
0.684
0.6768
0.6872
0.7136
0.7376
0.7128
0.6928
0.6912
0.6704
0.7064
0.6904
0.6824
0.7008
0.704
0.688
0.668
0.6488
0.6488
0.6736
0.664
0.6552
0.6832
0.7008
0.7096
0.7336
0.7696
0.7784
0.8024
0.776
0.7624
0.7856
0.78
0.76
0.744
0.752
0.7728
0.7472
0.7376
0.7344
0.7424
0.7408
0.7392
0.7408
0.7344
0.7192
0.7112
0.7216
0.7112
0.7
0.6824
0.6808
0.6904
0.672
0.664
0.6648
0.6696
0.6624
0.6488
0.6384
0.6624
0.6824
0.6832
0.6648
0.6392
0.6336
0.628
0.6304
0.612
0.6104
0.64
0.6192
0.6136
0.6016
0.5968
0.5776
0.604
0.6136
0.6224
0.592
0.592
0.6104
0.6024
0.5912
0.5992
0.6112
0.632
0.624
0.6112
0.5888
0.5736
0.564
0.5792
0.5824
0.5704
0.5904
0.5696
0.5672
0.564
0.5616
0.5776
0.576
0.5944
0.5888
0.5896
0.5744
0.5568
0.58
0.5696
0.5232
0.5504
0.544
0.5432
0.5496
0.5584
0.5808
0.6104
0.6296
0.6392
0.624
0.612
0.5976
0.5792
0.552
0.5496
0.5512
0.5608
0.5448
0.5552
0.556
0.5608
0.5328
0.5336
0.5336
0.5368
0.5216
0.512
0.5128
0.5488
0.536
0.5248
0.5424
0.5568
0.552
0.5584
0.5584
0.5736
0.56
0.536
0.5464
0.564
0.576
0.5632
0.5576
0.5184
0.5248
0.5136
0.5232
0.5328
0.532
0.5672
0.5696
0.5776
0.5968
0.6112
0.5944
0.5696
0.6064
0.6144
0.62
0.6168
0.616
0.6344
0.656
0.672
0.6648
0.6592
0.6432
0.652
0.66
0.6552
0.6704
0.6576
0.6712
0.6896
0.6704
0.6408
0.6112
0.6088
0.6232
0.5896
0.5744
0.5864
0.6304
0.6264
0.5936
0.616
0.6256
0.6528
0.6584
0.6488
0.6728
0.6944
0.696
0.7248
0.7056
0.708
0.6928
0.6976
0.732
0.7304
0.7448
0.7088
0.7128
0.7224
0.708
0.6992
0.676
0.684
0.712
0.7464
0.7488
0.7496
0.7432
0.7248
0.736
0.7424
0.7192
0.7232
0.7272
0.7496
0.7448
0.7272
0.7696
0.7696
0.784
0.7848
0.7688
0.7736
0.7776
0.7448
0.748
0.7256
0.7312
0.7448
0.7256
0.7192
0.7312
0.7328
0.7544
0.7392
0.7472
0.732
0.7504
0.7528
0.7616
0.7544
0.748
0.7312
0.7424
0.7536
0.74
0.7336
0.7312
0.74
0.7584
0.7552
0.7752
0.7552
0.7488
0.7624
0.7792
0.78
0.7752
0.7672
0.772
0.7728
0.7416
0.7544
0.7624
0.7504
0.7688
0.7616
0.7872
0.7904
0.7992
0.8072
0.8016
0.772
0.7696
0.7752
0.776
0.748
0.7512
0.7632
0.7384
0.7608
0.7704
0.768
0.7832
0.7928
0.7912
0.7816
0.768
0.7592
0.7792
0.78
0.7784
0.7888
0.7792
0.8112
0.7976
0.7968
0.8064
0.7856
0.768
0.7488
0.7568
0.7624
0.7712
0.732
0.7048
0.6864
0.7
0.7104
0.728
0.7352
0.736
0.724
0.6928
0.7008
0.7208
0.6888
0.6888
0.6872
0.6912
0.6832
0.6824
0.6712
0.6456
0.6336
0.6312
0.6312
0.6288
0.6328
0.6312
0.6616
0.6704
0.6584
0.6472
0.6672
0.6504
0.6336
0.6072
0.6264
0.6344
0.6424
0.6312
0.6312
0.6112
0.6112
0.6352
0.6336
0.6512
0.6664
0.6536
0.6536
0.6464
0.6336
0.6352
0.612
0.62
0.6336
0.5744
0.5888
0.5952
0.6184
0.592
0.5976
0.5984
0.5976
0.5816
0.5976
0.5968
0.616
0.5976
0.6192
0.612
0.604
0.588
0.5728
0.588
0.5872
0.5976
0.6056
0.5864
0.5808
0.5744
0.5664
0.5592
0.5472
0.5552
0.5464
0.5576
0.5336
0.5168
0.5392
0.524
0.5288
0.4912
0.4776
0.5032
0.5136
0.5304
0.5384
0.5544
0.5592
0.5816
0.5768
0.6
0.5736
0.5688
0.588
0.6064
0.6312
0.6128
0.6408
0.6448
0.6288
0.6456
0.6152
0.612
0.6168
0.652
0.6744
0.6736
0.6904
0.7144
0.7024
0.712
0.7096
0.7184
0.7032
0.708
0.708
0.7
0.6792
0.6776
0.6952
0.6624
0.6544
0.696
0.7144
0.7104
0.6872
0.6784
0.66
0.6472
0.652
0.6592
0.664
0.6272
0.628
0.6168
0.6624
0.6824
0.72
0.7304
0.7288
0.7344
0.7536
0.7576
0.7552
0.7592
0.7648
0.7488
0.7824
0.7896
0.764
0.7712
0.756
0.7432
0.7296
0.7608
0.7536
0.7504
0.7816
0.7648
0.7792
0.792
