-0.048
-0.0072
0.0072
-0.008
0.0216
-0.0056
0.0144
-0.0096
-0.04
0.0048
-0.0424
-0.004
0.0104
-0.008
0.0064
-0.0416
0.02
0.0272
0.0376
-0.0136
-0.0192
-0.0344
-0.0192
-0.0168
0
-0.004
0.0152
-0.0248
0
0.0144
0.0112
0.0568
-0.0104
-0.0064
0.0184
0.0232
0.0216
-0.0016
0.0032
-0.02
-0.012
-0.0408
-0.02
-0.0456
-0.0016
-0.0248
-0.0352
0.0336
0.0288
-0.0096
-0.0008
0.008
-0.0192
-0.0376
-0.0096
-0.0256
0.016
0.0304
0.032
0.0336
-0.0504
-0.0136
0.0024
0.0336
-0.0032
-0.0072
0.032
0.0264
-0.0248
-0.008
-0.0352
0.004
0.0104
-0.0056
-0.0088
-0.0168
0.0232
0.0384
0.0184
-0.028
-0.0224
0
0.0184
-0.0104
-0.012
0.0336
0.0104
0.0048
0.0216
-0.016
-0.02
0.0016
0.0112
0.0072
0.0008
-0.0104
-0.008
-0.0112
-0.0136
-0.0056
0.0344
0.0056
-0.0136
0.0208
0.008
-0.0024
-0.0256
-0.0336
-0.064
-0.0272
-0.0184
0.0168
0.0232
0.0176
0.0376
0.0536
0.0568
0.036
0.0312
0.0032
-0.036
-0.0328
0.0216
-0.0152
-0.008
-0.0352
-0.0104
-0.0232
0.0008
-0.004
0.0176
0.012
-0.0104
0.0104
-0.024
0.0168
-0.0016
-0.004
-0.0104
0.012
-0.0136
0.0216
0.0128
0.0176
0.0072
0.016
-0.0104
0.0624
0.0032
-0.0176
0.0176
0.0048
-0.0008
-0.016
-0.0344
-0.0168
0.0024
0.012
-0.0088
-0.0136
0.0192
0.008
0.08
0.0232
0.0016
-0.0048
0.0184
0.0056
-0.0104
-0.0072
0.0152
0.0272
-0.004
0.0224
-0.0272
-0.008
0.0344
-0.0416
-0.0392
-0.016
-0.008
-0.0112
-0.0008
0.0352
0.0328
-0.016
0.0216
0.0048
0.0176
-0.0216
0.016
0.028
0.0128
0.0288
0.024
0.0128
0.0384
-0.012
-0.0088
0.0136
0.0376
0.0416
-0.0064
-0.0256
0.04
-0.0032
-0.0504
-0.0608
0.0096
0.0352
-0.0128
-0.0064
-0.0024
-0.0288
-0.0304
-0.0448
-0.0272
-0.0416
-0.0016
0.0032
0.0016
0.0088
-0.0112
0.0128
-0.032
-0.0128
0.0168
0.0272
0.024
0.0336
0.0272
0.0368
0.0416
0.0408
0.0592
0.0984
0.0728
0.0256
-0.008
0.0016
-0.0336
-0.028
0.02
0.0392
0.0168
0.0136
0.0144
-0.036
0.0344
-0.0056
-0.0072
-0.0456
-0.0192
-0.0168
-0.0064
-0.0056
-0.0072
-0.0368
0.0448
0.016
-0.0264
-0.0256
-0.0072
-0.0008
0.0176
0.036
-0.0008
0.0112
0.008
-0.0248
-0.0288
0.0024
-0.0184
0.024
-0.0144
-0.0248
-0.0336
-0.02
-0.0112
-0.0184
0.008
-0.0144
-0.0184
-0.0176
0.0168
0.0616
0.0544
0.0464
-0.0264
-0.0016
0.016
0.0024
-0.0352
0.0072
0.032
-0.0224
0.02
0.0248
0.0416
0.0168
0
-0.0048
0.0312
-0.008
-0.0264
-0.0528
-0.0456
-0.0256
-0.0064
0.02
0.0296
0.0072
0.0296
0.0304
0.0136
0.024
-0.0112
-0.0584
-0.012
-0.0272
-0.0152
-0.0312
0.0048
-0.0296
-0.0072
0.0208
0.0248
0.0136
0.0016
-0.0176
0.0256
0.0336
-0.004
-0.0224
-0.0192
-0.0272
0.004
0.012
-0.004
0.0104
-0.0064
0.0088
-0.0072
-0.0152
0.0216
0.0048
0.0096
0.016
0.0232
0.0392
-0.02
-0.0008
0.0192
-0.0472
-0.0016
0.0096
0.0184
0.0104
-0.0264
0.0144
-0.0144
-0.02
0.0168
0.0216
-0.0104
-0.044
-0.0064
0.0176
-0.0032
-0.0248
-0.0464
-0.0112
-0.004
0.0088
-0.0016
-0.02
-0.028
-0.04
-0.0264
-0.028
-0.032
-0.0088
-0.0128
-0.0328
-0.0368
-0.0096
-0.0136
0.0224
0.0672
0.0152
-0.0048
-0.0448
0.008
-0.024
-0.0032
-0.0152
-0.0136
-0.0024
0.012
0.028
0.0064
-0.0296
-0.0056
0
-0.0016
0.0152
-0.044
-0.0216
-0.0312
0.0008
0.0056
-0.0024
-0.0384
-0.0096
-0.0128
0.0032
0.02
0.0664
0.0456
0.0192
0.024
0.0184
0.0224
0.0224
0.032
0.0088
-0.0104
0.0176
-0.0216
-0.0552
0.0176
-0.0248
-0.0144
0.0048
0.0232
-0.02
0.0128
-0.0296
0.0096
0.0192
-0.0032
-0.0032
0.0112
-0.0224
0.012
0
-0.0168
-0.0456
-0.02
0.0184
-0.0184
-0.0232
0.0184
0.0208
0.028
0.0256
0.0008
0.0192
-0.0168
0.0168
0.0312
0.0232
0.0176
0.052
0.0544
0.0072
0.0464
0.0328
0.0064
-0.028
-0.0136
-0.016
-0.0216
0.0488
-0.0112
-0.0168
-0.0008
0.0184
0.0024
-0.0072
-0.0232
-0.028
-0.0024
-0.016
0.0192
0.0216
-0.0032
-0.032
0.016
0.0096
0.0024
-0.012
-0.0232
0.0224
-0.0176
-0.0232
-0.0112
-0.0088
-0.004
0.0224
0.004
-0.0264
-0.008
-0.0072
0.0256
-0.0456
-0.016
-0.0112
0.0008
-0.004
-0.012
-0.0288
-0.0112
0.0208
0.0056
-0.0104
-0.0104
0.008
-0.0104
0.0056
-0.0272
-0.0496
-0.028
-0.0352
-0.0192
-0.0368
-0.0264
0.0056
0.0048
0.0152
0.0256
0
-0.0336
-0.0296
0.0072
0.0024
0.0024
-0.032
-0.024
0.0104
-0.0616
-0.0168
-0.0136
-0.0128
-0.016
-0.0184
-0.0104
-0.0088
-0.0176
-0.028
0.0064
0.0152
0.0224
-0.0216
-0.0152
0.032
0.0016
-0.0096
-0.0192
0.0024
-0.004
0.0472
0.052
0.0352
0.0368
-0.0024
-0.0248
-0.004
0.0352
0.0336
0.0016
-0.0176
-0.0344
0.0088
0.0328
-0.004
0.0112
0.0024
0.0048
0.0072
-0.0016
0.0304
0.0512
0.0064
0.0016
0.0248
-0.0064
0.0336
0.0376
-0.0128
-0.0144
0.0056
-0.0064
-0.0256
0.0224
0.0016
0.0256
0.02
0.032
0.0384
0.04
-0.0344
-0.0152
-0.016
-0.0392
-0.02
-0.0336
-0.008
0.004
0.0216
-0.0112
0.004
-0.008
-0.008
0.0152
0.0224
0.0528
-0.008
0.0064
-0.0064
-0.0032
-0.0296
-0.0144
0.016
-0.0128
0.0528
0.0024
0.0048
0.0272
-0.0032
0.0216
0.0272
-0.0048
0.0032
-0.0056
-0.0232
-0.056
0.0056
0.0336
-0.0048
-0.0096
0.0128
0.0384
-0.028
-0.0128
-0.0048
-0.0104
-0.0328
-0.068
-0.0256
-0.0408
-0.0272
-0.0136
0.0208
0.0264
-0.0208
0.0384
0.044
0.004
-0.0176
0.0088
-0.0032
0.0048
-0.0128
0.0128
0.0344
0.0272
-0.0296
-0.0336
-0.0072
-0.0304
0.016
0.0056
-0.044
0.0136
-0.0064
-0.012
-0.0184
-0.0336
-0.0088
0.0096
-0.0208
-0.0456
-0.0192
0.0224
0.0144
-0.0248
-0.0144
-0.0008
0.0096
0.032
0.028
-0.0008
0.0144
0.0312
-0.0048
-0.0352
0.0032
0.032
0.0024
0.0288
-0.004
0.0104
0.0032
0.0328
0.004
0.0408
-0.0016
-0.0056
0.0328
-0.0112
-0.0376
0.0008
-0.0272
-0.0088
0.0168
0.004
0.0008
-0.0072
-0.0208
-0.0256
0.0096
0.0224
0.012
-0.0168
-0.0224
0.012
-0.044
-0.0464
-0.0024
-0.0016
-0.0232
-0.0128
-0.0144
-0.0568
0.02
-0.0024
-0.0096
0.008
0.0208
0.0008
0.0312
-0.0232
-0.032
-0.0008
0.0224
0.0152
0
0.0352
0.0536
0.0192
0.0248
0.0424
0.02
-0.0056
-0.0168
-0.008
-0.0296
-0.008
-0.0088
-0.0048
0.008
0.052
0
-0.024
-0.028
0.008
0.0376
-0.0016
-0.0328
-0.0272
-0.0112
0.0184
0.0024
-0.0016
-0.0208
-0.0048
-0.0488
-0.02
-0.0472
-0.0136
-0.0064
0.0008
-0.0008
-0.0144
-0.0048
0.0072
0.0192
-0.0288
-0.0344
-0.052
-0.0336
-0.012
0.0264
-0.0064
-0.0048
-0.0192
-0.0064
0.0304
0.0096
0.0208
0.0344
-0.0192
0.0024
0.0144
-0.0008
-0.0088
-0.0232
0.0032
-0.0272
0.0216
-0.0072
0.0016
-0.04
0.0008
-0.0536
-0.0208
-0.0464
-0.0072
0.0368
0.0208
-0.0112
0.0088
-0.0056
0.0352
0.0248
0.0056
0.0224
-0.008
-0.0144
0.008
0.0032
0.0016
0.0136
0.0096
0.012
-0.0376
-0.0176
0.0104
0.0024
0.0072
0.0248
0.0136
0.0472
0.0208
0.024
-0.0112
0.0048
0.0288
0.0336
-0.0016
0.0144
-0.0288
-0.0432
-0.0464
0.008
0.0408
0.0288
0.016
-0.0232
-0.0176
0.0128
0.008
0.0448
0.0248
0.0176
0.0248
0.04
0.0448
0.0376
0.0264
-0.0112
0.0136
-0.0112
-0.0008
0.0032
-0.0576
0.0496
-0.0336
0.0016
0.02
0.0216
0.0064
0.016
0.0312
-0.0072
0.0424
0.0368
-0.0112
-0.0032
-0.004
0.0024
-0.0224
-0.0416
-0.0408
-0.04
-0.0144
-0.0176
0.0024
-0.0128
0.0088
0.0168
0.0112
-0.0104
0.0376
0.0104
-0.028
0.0152
0.0096
-0.0024
-0.0032
-0.0264
0.0384
0.0232
-0.0016
0.0512
-0.012
0.0032
0.0272
0.0368
0.0008
-0.0232
0.048
0.0096
-0.0064
0.0144
0.0152
0.012
0.0496
0.0272
-0.0088
0.0192
-0.0168
-0.0256
-0.0216
0.0096
-0.0144
0.032
-0.0456
-0.0176
-0.0104
-0.0208
-0.0376
0.016
-0.0192
-0.0024
0.0232
0.0168
-0.008
-0.0424
-0.0216
-0.0616
0.0088
-0.008
0.004
-0.016
-0.016
0.0088
-0.0088
-0.0296
-0.0048
0.0208
-0.0456
-0.0144
-0.0024
0.0392
-0.0272
-0.0064
-0.0224
-0.0432
-0.0048
-0.0048
0.0008
0.0232
0.0104
0.0224
-0.0688
-0.0296
-0.0224
0.028
-0.0272
0.004
0.016
0.0248
0.0248
-0.0096
-0.0704
0.004
0.0184
0.0272
0.0288
0.0368
-0.0336
-0.008
0.0152
0.0016
-0.0552
-0.0064
0.008
-0.0104
0.0376
-0.0272
0.0056
0.0112
0.0048
-0.0208
-0.052
-0.004
-0.0136
-0.004
-0.0488
0.0032
-0.012
0.0128
0.036
0.0216
0.068
0.0184
-0.0512
-0.0384
0.048
0.0504
-0.0184
-0.0064
-0.0216
0.04
0.0032
-0.0096
-0.02
-0.0408
0.004
0.0248
0.0248
0.012
0.0528
0.0072
0.0224
0.0032
-0.0232
0.0224
-0.0192
-0.0032
0.0296
0.0368
-0.0072
-0.0232
-0.0528
-0.0328
-0.0312
0.0024
0.0016
-0.0688
-0.0728
-0.0472
-0.0712
-0.0144
0.0184
-0.012
-0.004
0.0384
0.0104
-0.0224
-0.0392
0.0024
0.0168
0.0088
0.0376
0.0088
0.016
-0.0024
-0.0096
-0.0184
-0.0224
0.0376
0.0024
0.0048
0.0232
0.0528
-0.0096
0.0072
-0.0064
-0.004
-0.02
0.0072
0.0016
0.0072
0.0096
0.0128
0.0272
0.0256
0.0232
0.0024
0.0416
0.0064
0.0416
0.0256
0.0248
0.0168
0.0488
-0.0272
-0.032
0.0032
-0.02
-0.0312
-0.004
0.0192
0.0144
0.0288
0.028
0.0336
0.0144
0.0112
0.0056
0.0128
0.0344
0.0232
0.0024
0.0256
0.016
0.0424
-0.0016
0.0072
-0.0128
0.0176
-0.0032
0.0136
-0.0176
0.0104
-0.0144
-0.02
0.044
0.0072
0.0432
0.0416
0.0208
0.0504
0.0112
-0.0192
-0.0168
0.016
0.056
0.0048
-0.02
0.0392
0.0096
0.0072
-0.0064
0.0056
0.0224
0.0008
-0.0168
-0.0368
-0.0264
-0.0136
-0.0232
0.0008
-0.0152
-0.0048
0.0112
-0.0056
0.016
-0.0072
0.0312
0.0312
0.0112
0.0136
0.02
0.0408
-0.0136
0.004
0.016
0.0056
0.0072
0.024
-0.0008
-0.012
-0.0112
0.0384
-0.0008
-0.0072
-0.0112
-0.0128
-0.0296
-0.0144
0.0048
0.004
0.0176
0.0256
0.0024
-0.0032
0.0024
-0.0472
-0.0632
-0.024
0.0168
0.012
0.064
0.0208
-0.0176
0.004
-0.0056
0.0248
-0.0248
-0.0216
-0.016
0.0144
0.0344
-0.032
-0.0424
-0.0648
-0.0392
0.0432
0.04
0.0224
0.0064
-0.0048
-0.0096
-0.048
-0.0088
-0.0224
-0.0136
0.0032
-0.0056
-0.0136
0.0552
0.032
0.0168
0.0248
-0.0408
0
-0.0072
-0.0016
-0.0504
-0.028
-0.056
-0.0104
0.0584
0.0048
0.0096
-0.0032
-0.0008
-0.024
-0.036
-0.0064
0.0176
-0.0152
0.0136
0.0216
0.0312
0.0192
-0.0032
-0.0248
0.0128
0.0376
-0.008
-0.0056
0.0272
-0.0056
0.0216
-0.008
-0.0056
0.0072
-0.0072
-0.064
-0.0056
-0.016
-0.0128
0.0048
-0.0296
0.008
0.0168
-0.0232
-0.0016
0.0272
0.0192
-0.0248
-0.0216
-0.0144
0.004
0.02
0.0248
-0.0248
-0.0152
-0.0096
0.0328
-0.016
0.0248
0.0096
-0.0288
0.0104
0.0032
0.0208
0.0008
-0.0344
0.0248
-0.0296
-0.0448
0.0128
-0.0016
-0.0224
-0.0024
-0.0352
-0.0104
-0.044
-0.0528
-0.0104
0.0136
-0.02
-0.0048
0.0384
-0.0264
0.0208
-0.0168
-0.036
-0.0208
0.0056
0.0424
-0.0184
0.056
0.0688
0.0416
0.0176
0.0304
0.0352
0.0056
-0.0152
0.0024
-0.0392
-0.0064
-0.0248
-0.0408
-0.0344
-0.0008
0.0096
-0.0008
-0.0072
-0.0072
0.0464
-0.028
0.0064
0.0032
-0.0032
0.0168
0.0248
-0.0144
-0.0168
-0.0016
0.0152
0.0272
0.0128
0.0008
0.008
-0.0248
0.0024
0.0256
0.012
0.0008
-0.0064
-0.0448
-0.028
-0.0232
-0.0224
0.0104
0.004
-0.0136
-0.0312
-0.0168
0.0448
-0.0008
0
0.0192
-0.0112
0.0072
0.012
0.0272
0.0208
0.0112
-0.0152
-0.0048
0.0016
0.0096
0.0088
-0.008
-0.0048
-0.032
-0.0128
0.012
0.0128
-0.0128
-0.0048
0.0152
0.0136
-0.004
-0.0272
-0.0288
-0.036
0.0088
0.012
-0.0344
-0.0592
-0.016
-0.0056
-0.0128
0.0048
-0.0152
0.0008
0.0152
-0.0136
-0.0392
0.0088
-0.0136
-0.008
0.0224
-0.0272
0.0088
0.0168
0.0152
0.0464
0.0072
0.004
0.0032
-0.0008
-0.0248
-0.0208
-0.0056
0.0176
0.052
0.0528
0.0048
0.0024
-0.0104
0.0192
0.0448
0.0168
0.0392
0.0352
0.0208
0.0256
0.0304
0.0072
-0.008
-0.016
0
-0.0296
-0.0176
-0.0104
0.0256
0.024
-0.0128
-0.0104
0.0176
-0.0112
0.0456
0.016
0.036
0.0344
0.0384
-0.0008
-0.0064
-0.0192
-0.008
-0.0432
0.0152
-0.0136
-0.0088
-0.0032
0.0536
0.0272
0.0232
0.0368
0.0312
0.0272
-0.0456
-0.0272
-0.0336
-0.0064
-0.0016
-0.0024
0.0144
-0.0008
-0.0104
0.0016
0.0288
0.0552
0.0032
-0.0176
0.008
-0.0248
-0.0096
0.0048
0.0072
0.0192
-0.0336
-0.0032
-0.0152
0.0232
0.0096
-0.0152
-0.0376
-0.0296
-0.0184
-0.02
0.0152
-0.0136
0.0216
0.0536
0.0144
0.0336
-0.0096
-0.0104
0.0552
0.0032
0.0096
0.0296
0.0096
-0.0224
-0.0016
0.0344
0.0224
0.012
-0.0024
-0.0336
-0.0072
0.0224
0.004
-0.0208
0.0056
0.0296
0.0192
0.0016
0.0008
-0.0528
-0.004
0.0176
-0.0032
-0.0072
-0.0224
-0.0216
-0.0088
0.02
0.036
0.0272
-0.0056
0.0272
0.0464
0.0072
0.0216
-0.016
0.0024
0.024
-0.012
-0.0216
-0.0368
0.0432
-0.0208
-0.0096
-0.0456
-0.0152
-0.0096
-0.0416
-0.0328
0.0032
0.012
0.036
0.0544
0.0304
0.0376
0.0568
0.02
0.024
0.0056
0.0304
0.0264
0.0328
0.0344
0.0048
-0.0144
-0.024
0.0304
0.0096
-0.0064
-0.044
-0.0096
-0.0184
0.0352
-0.0048
0.0208
0.0104
-0.0112
0.0088
0.032
0.0096
0.0328
0.0144
-0.0016
-0.008
0.032
0.0176
-0.0016
-0.016
0.0048
-0.024
-0.0248
0.0128
0.0288
0.016
-0.0232
-0.024
-0.0208
0.0152
0.0032
-0.0112
-0.0048
-0.0472
0.0304
0.0152
-0.0192
-0.0248
-0.032
-0.0512
-0.0064
-0.0272
-0.0472
-0.0128
-0.016
0.0064
-0.0552
-0.0152
-0.0336
-0.016
0.0104
0.0096
0.0176
0.0024
-0.0232
-0.0464
-0.0128
-0.0024
-0.0152
0.0128
0.0824
0.0816
0
0.0192
0.0064
0.0392
0.02
0.0776
0.0656
-0.0216
0.032
0.0184
0.0184
0.0208
-0.0184
-0.004
-0.0024
0.0104
-0.0296
0.0064
-0.0112
-0.0024
-0.0456
0.0192
0.0144
0.0016
-0.0136
-0.0232
-0.0112
-0.0064
0.0016
0.0208
0.0256
0.024
-0.0144
0.0064
0.0344
0.0056
-0.0088
0.0184
-0.0296
-0.0376
0.0192
-0.0432
0.0056
-0.0096
0.0008
-0.0248
-0.0216
0.0184
0.0136
0.0272
-0.0072
-0.044
0.0056
-0.0008
0.0528
-0.0264
-0.0152
0.0024
-0.012
-0.016
-0.0208
-0.0184
0.0112
0.0152
0.032
0.008
0.044
0.0352
-0.0064
0.036
-0.0264
0.0136
0.0224
-0.0088
0.0192
0.0248
0.0792
0.0064
-0.0168
0.024
0.0032
-0.0096
0.0256
-0.012
-0.0248
0.0176
0.0032
0.004
0.024
-0.0136
-0.0064
0.0248
0.0104
0.0256
0.0344
-0.0032
0.0184
-0.0056
-0.0024
-0.032
-0.0592
-0.0048
-0.0312
-0.0632
-0.0064
-0.0448
-0.024
-0.0016
-0.0224
0.0176
0.0336
0.0112
-0.0416
0.0056
-0.016
-0.0088
0.0184
0.016
0.0488
0.02
0.0048
0.0552
-0.0128
-0.0104
-0.0024
-0.0024
0
-0.0248
-0.0456
0.0128
0.0096
-0.0256
0.0088
0
-0.0232
0.0344
0.0264
-0.0216
0.0024
0.0344
0.0104
-0.0168
0.0144
0.0144
0.0104
0.0008
0.0088
0.0264
0.0272
-0.0128
-0.0064
0.0224
0.0224
0.0152
-0.024
0.0232
-0.0016
0.0368
0.0496
0.0376
0.028
-0.0048
-0.012
-0.0384
-0.0128
0.004
0.028
-0.0208
-0.0224
0.0216
0.0352
0.032
0.0224
-0.0128
-0.0008
-0.0304
-0.0056
-0.0352
-0.032
-0.0152
0.0168
0.0016
-0.008
0.036
-0.0136
-0.0376
0.0224
0.0288
0.0632
0.0024
-0.0296
-0.036
-0.0104
-0.0072
0.0352
-0.0048
-0.016
-0.0072
-0.0504
-0.0032
-0.0288
-0.0536
-0.016
-0.004
-0.0152
-0.0056
-0.004
0.0016
-0.008
0.0056
-0.0064
0.016
0.0208
0.0112
0.036
0.0024
-0.0152
0.0064
-0.0376
-0.0176
0.0152
-0.0272
-0.0048
-0.0264
-0.0336
0.0248
0.0168
-0.0056
-0.0232
0.0008
0.0024
0.0224
0.0024
0.0216
-0.0256
0.0072
0.0296
0.0056
0.0144
0.0328
0.012
-0.0232
0.0112
0.0512
0.0656
0.0624
0.0088
-0.0032
-0.0032
-0.0368
-0.0232
-0.0168
-0.0256
-0.0312
0.012
0.024
0.0224
0
0.0296
-0.0072
0.0072
-0.0088
-0.0008
0.0184
-0.0416
-0.0288
-0.0104
0.02
-0.0312
0.0128
0.0088
-0.0096
-0.0096
0.0136
0
0.0456
-0.0488
-0.0384
-0.0408
-0.0168
-0.0208
0.0104
-0.0592
-0.0088
-0.0136
0.0032
0.0216
0.0368
0.0216
-0.004
0.0224
0.0056
0.024
0.0088
0.0016
0.0336
0.0288
-0.0328
-0.0216
-0.02
-0.0088
0.0072
0.0064
0.0032
0.0048
0.0464
-0.012
0.0232
-0.0088
-0.0448
-0.0296
-0.0344
-0.008
0.048
0.024
-0.0352
0.0216
-0.0024
-0.0136
0.0464
-0.0032
0.0088
0.0296
-0.0112
-0.0008
-0.0032
0.0008
0.012
0.0016
0.0112
-0.0168
-0.0416
-0.0472
-0.0024
-0.0008
0.036
-0.0024
-0.0432
0.0248
0.02
-0.06
0.0016
-0.0056
-0.016
0.0192
0.0064
0.008
-0.0152
0.028
0.0288
0.0072
-0.0304
0.0152
0.0208
0.0016
-0.004
0.0136
-0.0232
