-38.4055
-62.8181
-16.3494
-17.6116
70.0686
7.04316
43.4107
31.598
15.7039
18.6654
59.3024
-16.3826
-63.7497
27.7582
-7.13156
57.9524
115.818
52.1062
3.30526
10.3371
48.2392
-63.5346
-53.0971
-28.3711
32.3825
5.49146
-75.0871
-35.3809
-38.4898
4.16319
-23.4355
-41.4533
-26.4037
-47.4651
-128.711
-15.5656
-9.6376
-34.0349
11.6944
-4.12723
-14.7985
-25.9566
55.8802
43.3922
7.42125
41.1744
42.5127
48.5977
47.8316
13.8659
61.3222
-2.04216
58.504
14.0164
54.8703
-1.4314
4.57858
23.7338
19.3267
2.17933
-0.591133
24.3463
44.4868
46.4207
30.4514
-14.6472
20.0853
36.7843
-38.0012
-6.807
4.0627
-38.5391
-63.2649
37.1418
-43.1341
3.779
-36.3532
-13.296
-0.450809
-38.9194
59.4168
61.2025
56.5091
-71.3672
-12.9144
-12.5827
0.468085
-15.7543
-23.1318
-43.6508
37.584
-81.6715
-5.91897
63.7039
-45.6704
9.73275
17.8717
-24.4654
62.4904
-3.48917
41.6917
-19.5326
-71.0678
22.5589
16.8999
-47.2393
-22.0899
29.575
-17.0628
-10.9448
-51.7481
-15.3791
-46.9843
-0.652934
37.5656
36.7456
-3.56423
0.566038
71.4744
-24.3359
-39.8387
10.5029
4.2846
6.69538
74.8553
22.3897
-32.3792
46.175
-30.3295
-6.43277
75.8107
79.2883
-3.80653
-80.7091
-63.7536
-5.82805
-22.2163
33.8438
-34.2532
-11.2862
-68.4291
-15.5237
49.9236
-28.828
-45.0812
16.0115
36.5851
13.8111
-24.899
-54.212
-28.687
86.8137
51.319
42.9462
21.9926
-6.37032
-11.8369
-73.3077
22.1546
-26.5567
-26.5322
106.704
15.512
-46.8627
-7.39188
-10.2838
21.7544
76.2886
23.5686
-23.6181
34.4154
-3.30823
-31.279
-36.1332
-15.7954
79.9925
-22.6163
-30.7815
45.4544
19.5657
-28.0371
-69.4947
-73.0212
22.9487
49.0487
-20.257
-67.5502
40.1263
-36.3171
-39.6396
-27.9243
-55.1916
20.9969
-26.1397
-19.7268
-35.0802
-24.3198
-60.2714
13.3883
-68.5425
-49.5678
1.70306
-14.8502
-29.1659
19.5302
-10.9482
-35.2211
30.694
76.9239
95.1273
27.0089
17.8662
-32.4179
-26.9057
-17.0781
-67.1633
-32.0852
32.2165
19.5527
-33.042
1.36855
8.65952
78.8166
22.5873
-49.2492
20.7028
-5.30095
-100.05
10.6796
-31.7349
-3.66014
61.017
-80.6149
-99.8363
-8.33559
-53.7123
10.1761
22.5405
12.0025
-11.9662
36.1605
10.5155
-7.69913
0.726708
-40.2959
-16.5949
12.0764
20.3282
-15.7743
-62.5772
28.1752
62.9011
4.32484
55.4106
12.2488
-61.0765
-104.03
-50.5847
-13.0939
-63.6787
20.2491
86.7175
-15.9949
14.641
27.7214
-22.25
-17.2558
23.1344
43.943
39.7506
-71.4501
-44.1718
-14.1077
11.9277
70.5299
-9.92474
-29.247
-13.6498
-69.4089
11.4668
10.0062
-48.7926
-44.9963
-36.0202
-31.8492
-30.5244
-129.807
-67.2271
-49.3159
-99.0423
-30.796
-21.2411
45.8621
43.826
-10.326
31.0101
-107.844
-10.6078
2.57161
-10.0573
-37.6048
-14.6493
34.015
16.9348
-12.065
-5.9804
-5.02326
-0.93375
9.30943
20.511
11.1279
-62.1743
1.6399
67.4111
65.1353
72.6628
112.628
91.2598
13.455
-21.3428
13.7049
18.0274
3.87266
-16.6996
-79.8905
16.5872
-19.4353
-14.3476
-20.8353
66.3245
2.23897
-1.6808
-4.46388
74.579
-5.15196
94.2525
75.29
-10.5021
15.671
-47.9617
-16.378
61.7471
28.1277
-27.3272
-10.6193
40.3933
-12.6654
-44.0328
1.8966
24.3734
58.1393
4.72577
-11.9674
19.9444
-54.2269
-27.5094
2.29232
37.8667
-35.2341
53.8173
-40.0821
-45.3719
-57.8313
19.7336
-0.740741
-118.385
-67.7734
-24.1155
58.1713
39.0956
-28.0116
1.23627
-20.2793
21.1968
122.202
41.5938
19.2702
-23.2487
-28.9192
-56.5012
-68.1551
-10.9292
-53.1145
-12.5815
-47.8101
4.10153
1.23048
53.6899
-2.92816
-7.55376
46.4522
41.1933
39.1898
-9.34129
33.4912
29.9484
16.0322
-10.7835
-10.7332
-102.849
-13.8904
-20.5608
51.9473
15.2258
55.3888
-46.6723
-65.0275
2.42973
-38.8868
6.70545
7.195
-77.9674
9.97689
-46.6675
-22.4046
34.1413
-18.1093
-14.2769
28.0772
-39.7695
-17.7632
29.7334
-8.20522
19.6406
59.4922
17.6648
82.017
-26.5335
32.9949
40.7383
8.28889
-9.07721
-46.8037
-15.7323
-45.5779
-24.2714
-25.0502
85.7413
41.7057
59.037
54.444
8.95581
-9.85954
-60.6456
-37.5356
-42.1528
4.77447
-33.6558
58.0977
68.9277
35.1176
-49.7561
-77.8096
-53.6059
-20.5747
5.58034
-47.8771
53.589
-48.6475
-58.8918
-89.1624
62.607
58.6589
-11.5822
-58.5098
-50.3511
-23.8904
14.8689
1.86113
-30.3032
0.200253
25.4062
15.3067
-27.9506
8.7302
-5.24422
60.8939
-39.0256
-33.6201
17.4293
31.439
32.7799
34.275
15.7102
13.1256
36.8954
3.37645
72.0688
-6.93274
101.658
-37.1327
-6.69968
55.3573
68
-48.147
8.91291
66.5383
-30.9506
-25.7773
21.4506
94.326
29.4099
-3.01785
23.0471
-4.14158
-54.9338
-31.9297
11.0019
44.5587
-46.1491
-6.26098
10.0345
3.52423
22.0523
33.9403
-11.6719
-48.4363
-31.1368
57.3866
41.1499
-46.2352
-126.68
-38.4927
-19.9164
10.2783
-18.3687
74.8371
80.0426
46.4698
51.578
8.20561
7.29787
-20.6495
-27.3254
42.2855
-23.8116
79.6475
46.0324
-56.6157
-5.75919
-43.4473
-23.3876
21.2714
-2.54938
-12.1162
-5.92045
-4.74772
23.1892
35.935
-3.26914
28.0195
19.1217
19.7752
17.6747
-19.7366
-2.62713
-54.1311
-36.889
-90.6547
-133.147
8.45815
-50.746
36.2078
28.086
73.3809
5.26902
-12.1233
4.69245
-12.5931
10.2105
42.3606
-1.84821
45.7327
-50.7284
-6.73117
37.7141
-0.590881
-4.97397
-91.9647
-9.2225
-70.951
-4.36631
19.1056
-33.3418
-2.24429
-42.3256
34.4969
15.4899
32.6541
-19.3687
55.8047
-31.4358
-79.7032
-90.6268
-83.5887
-39.6648
53.5776
-28.6101
30.6326
7.55444
24.9407
22.7301
-18.8405
-103.583
33.0108
14.4917
46.8653
-18.7402
67.1239
-22.8384
-29.543
40.5599
-2.75213
71.5948
28.6973
-26.1278
-16.3058
-51.3459
-9.67656
12.0326
-43.5009
56.6586
-64.7649
14.5388
-41.0902
-59.97
43.5498
14.8002
-4.95876
-1.81898
35.1915
12.9528
33.4552
29.9791
-7.6168
-82.4918
-53.2931
-52.5247
57.0138
13.8963
-34.4985
-5.02956
-56.6908
-19.0219
-43.8673
14.9661
-15.9912
-20.5563
-35.5156
-97.6673
-59.5765
-14.0537
67.9288
-34.8598
5.90343
-36.9068
26.7017
61.7553
34.157
32.7043
13.3653
26.9104
14.4684
8.44444
18.8994
24.735
30.2599
-42.5463
-19.5321
-13.2853
43.396
7.48492
-36.6858
4.01471
35.3412
-21.4898
-10.7904
-89.0344
-9.72761
34.2646
-64.608
32.6683
62.4638
19.5543
-1.18386
40.8352
1.70552
-14.5455
15.9622
-65.4615
-30.7542
-36.3857
-60.764
-31.2372
79.0486
-47.3674
-18.2889
33.4949
42.3902
-7.09806
19.8149
63.7283
10.5621
-36.4646
-37.5358
42.8748
4.68834
34.4672
3.177
-22.4896
-119.19
-25.9458
-50.3727
-41.2142
2.68546
69.0032
24.7422
60.4565
7.6061
-13.4699
-69.2709
-31.5684
29.3925
60.2955
22.8453
-44.8892
25.631
32.3161
34.6905
-66.9712
-34.0649
-9.18912
73.2942
-30.7833
97.8899
22.4926
51.972
56.5832
14.8444
-6.46354
-33.8979
38.4093
-46.5934
-78.8037
-15.5912
-37.6744
-24.9429
10.1661
-16.9792
-44.6081
-58.0138
-45.9709
58.5045
-46.2983
-36.2168
-43.5491
8.43588
9.51801
-49.4931
2.19533
7.41043
63.7115
40.8819
-81.3308
-63.2301
-4.62437
-11.4978
11.3157
-42.9896
-21.2603
-9.48896
33.7143
37.9525
26.6391
18.3882
-93.3669
-28.5302
-57.6264
-43.1348
-59.3433
15.9887
-15.6906
-78.2334
38.9888
1.75677
23.1838
11.1982
-6.7246
-9.08513
-49.7217
48.2138
-12.1776
-26.5323
22.6156
61.5134
28.0551
-38.8472
-54.3174
-0.237789
-53.595
34.5251
52.4302
-58.2579
32.8381
12.3314
45.6358
45.8927
29.4882
16.145
42.304
18.5322
-59.1659
22.6127
17.5876
-7.18047
9.72137
49.2908
56.9269
73.2221
55.111
18.7786
-44.7974
-43.2648
5.88147
-90.8351
-23.9116
-52.4496
-0.235003
49.5754
-39.3839
-30.9658
20.1338
81.1567
21.7887
11.4528
-11.2592
-25.211
-42.1314
15.3856
5.70323
-25.9962
20.0427
-83.346
-39.2854
-47.9093
16.2351
57.9573
3.90253
10.1638
4.59839
-62.2029
64.4929
3.91045
2.02937
-54.309
-48.7581
26.4572
24.6667
11.9635
1.26601
-19.0138
25.4005
-45.8601
-83.5373
39.4779
27.9033
20.6466
-27.4628
-17.3112
26.9877
63.6562
66.1016
43.3887
-0.829299
17.7704
-14.7032
-70.7936
-13.8858
-9.76698
-27.5576
2.62828
-28.4134
-49.2236
-9.1836
-13.3481
89.9786
17.8614
6.24762
10.8234
-18.0954
42.8203
-46.364
-20.4494
-0.378921
-3.23945
15.4286
40.764
127.377
-11.7978
-115.485
-6.10721
-101.784
-79.4938
20.1323
-24.3379
-84.8235
-3.48866
21.5385
76.2362
-7.17873
-28.9552
-50.2155
13.8764
12.2673
21.9828
75.2237
-8.53551
-32.1649
-0.710081
-22.1416
-11.7011
38.6967
22.6602
72.2859
8.18875
4.36468
-39.2844
-20.4928
33.0659
56.0178
42.0702
3.28429
44.0891
20.3064
48.9712
13.5972
19.8174
31.3394
35.9379
7.95164
58.0576
43.0458
-26.7307
-58.573
-27.3866
33.3243
-29.8788
6.76368
20.3686
53.8071
117.24
23.3593
38.1161
20.6034
62.7589
108.257
11.5318
-61.8716
-14.8597
-26.3455
-24.3241
-30.9572
-39.2203
-64.0013
9.14286
-0.664499
-43.6332
-40
-88.5038
-74.2383
-102.391
-27.0772
-32.3957
8.57341
39.3346
5.46961
-18.5346
38.162
-3.95265
-1.35687
-16.6505
57.0432
-18.9636
-15.2413
13.289
31.261
28.6124
-10.9248
30.0306
20.9466
34.5267
27.1146
106.46
-35.4625
-37.9924
5.47562
-26.9418
117.973
77.7827
78.7356
38.6724
-42.1125
-77.8864
-48.5385
15.9533
34.1791
-19.2591
-13.7727
6.93038
-50.8286
-14.0701
-1.65482
26.603
4.10593
12.3884
-1.30923
46.0754
92.6725
-4.52498
-7.39
-2.73996
-6.8927
-1.32419
127.89
10.3947
55.5676
-31.3497
-62.417
-25.8778
2.314
28.573
39.9511
39.6565
16.9029
70.2001
-0.95244
-15.969
-0.983136
-14.5362
-39.0804
-54.9981
-8.83139
-12.1855
40.2764
-18.731
-80.098
-2.11055
-77.1289
-63.9475
13.5304
63.3116
-18.616
-27.6707
-18.2843
-11.8739
-30.5863
-113.7
75.1137
91.3822
-41.2788
-66.9507
86.7491
88.373
-23.5109
-38.6637
45.3425
-52.094
-46.9715
26.3831
-38.9698
-48.6613
-21.1327
8.20161
54.6358
50.0291
52.4026
30.0611
69.2735
4.43167
-10.9576
-19.8281
37.7681
30.3578
-89.4883
35.7952
10.258
59.4025
31.3992
-12.3574
18.0257
-37.3486
-54.5889
-36.4314
-1.77996
24.1523
0.297739
-37.0062
16.208
-52.4328
-28.3071
-32.6886
24.6169
-23.8117
-10.6154
38.5274
56.8475
30.7296
-48.657
-5.79383
29.4783
58.972
2.72237
-53.4617
-33.9924
21.8249
-21.9584
4.14459
13.0061
-28.5163
17.7087
-5.48162
4.06925
22.2265
38.6262
36.4425
-39.252
-3.40092
-57.5728
-55.7089
-20.7961
-40.6667
-23.9724
-23.0628
33.0575
55.4798
-44.3579
34.4892
-18.815
-24.6359
9.60076
4.75948
-64.6384
35.5945
-63.2041
36.1826
-59.6126
-52.0322
35.1571
-19.1421
-11.5297
13.1361
-88.8642
-24.3302
15.0353
-12.1644
-32.5308
27.6003
75.9305
-16.7862
25.648
32.6332
-11.5126
-16.2374
-34.5765
51.2422
35.1723
-57.463
19.1237
31.0217
54.6408
-3.25249
-27.4105
-13.3984
104.624
18.7586
3.45799
93.3091
32.2129
-18.514
-89.9874
96.4798
21.6173
-92.9786
-19.9089
44.5201
13.7212
-67.0088
-92.8409
-17.8423
44.956
28.2766
-6.86466
42.9176
14.3341
32.8239
-15.1145
-32.4676
15.3647
-21.5735
-55.9752
-45.7689
-16.4707
20.3373
44.808
-4.07363
-30.3699
-3.85421
9.13416
-37.5768
88.22
-25.3271
-60.5754
-21.5378
41.8394
-7.94136
-53.5608
-24.2369
13.7619
101.827
25.0194
48.4589
46.5808
-10.2834
16.9861
16.869
24.1846
27.3542
-57.6669
-32.1506
69.444
30.2481
10.5379
19.7802
35.9451
25.4752
-10.5519
-63.3826
-24.9347
-27.2814
70.9383
4.22589
-69.0165
-6.27341
-89.5938
-28.9863
-10.5911
20.8975
-31.0123
-13.5497
63.4829
7.19644
25.7208
29.1151
6.26602
72.7952
36.2907
30.4676
49.9759
37.9666
-20.3985
-29.4088
-13.3837
24.3902
4.85641
-23.5301
70.4812
1.58069
69.3483
5.03327
-27.2423
28.3297
35.9229
-33.0052
-51.6943
-4.01493
70.417
18.1327
64.0799
62.0682
63.6075
5.12102
-43.8073
29.9346
-33.3186
-11.5379
-5.46099
-14.0152
22.0729
-18.4632
-68.7716
-50.0616
-16.5832
74.6288
44.2044
59.6007
2.16839
20.8593
-46.3418
-14.2329
75.5274
99.0055
71.1895
6.92053
13.2709
5.95044
64.4053
62.8691
7.0431
42.4492
13.2645
-3.61659
-21.8014
5.07985
23.2514
-72.2422
-33.3308
-50.4008
-19.755
32.1459
-37.9975
-35.1622
-40.7553
-27.3583
-18.7568
-42.3705
22.9674
47.288
-20.5022
-52.8898
-39.9715
16.0724
91.4701
6.44543
-28.8146
-82.1076
-56.0493
-80.6712
9.81829
26.5078
36.2514
53.2665
69.4474
2.39627
-51.6615
47.7114
-3.01347
-19.3375
-25.2945
-11.4904
37.5666
39.3577
50.9713
-0.231646
0.55402
-19.2254
58.9895
41.16
-26.3344
-1.22334
50.5689
-19.0739
-11.5052
67.3191
65.6286
21.1156
-72.3592
31.1552
37.7989
64.6505
92.6696
7.24528
-33.052
32.7935
-52.5364
-2.82353
-12.5686
8.58204
-5.38829
30.6878
-33.2566
-13.3467
-5.69804
29.5741
50.2178
27.0914
-25.6781
80.9271
43.4277
-12.4858
24.2564
-41.7009
14.8867
-17.0155
18.9824
-38.1429
-59.3282
-39.5089
10.3032
8.90966
9.10752
11.4582
21.5696
-11.123
45.9724
-13.6881
-39.0734
18.4566
-7.32371
-29.6714
1.95865
-47.0076
-2.3925
7.67471
-32.6471
-28.2526
27.1139
78.6569
78.6038
-18.0742
-117.75
-1.16193
-1.92606
-33.8866
-9.2956
-6.86588
-41.4257
4.55391
-42.3623
-35.4416
-20.5935
34.0304
38.8216
23.4154
-3
44.3282
35.3716
-16.8536
66.266
21.4794
16.4196
10.0835
-37.8003
71.2491
37.1296
56.8141
8.79617
66.1898
21.6227
54.3411
19.1144
-58.7549
-22.2573
21.3748
1.48093
6.48451
13.8211
-8.64557
21.7774
67.6553
-13.0864
7.33119
-22.4262
-3.50161
36.912
47.9378
14.2057
-23.6359
43.0532
24.2286
2.13806
7.09091
-11.4965
45.0492
21.5472
7.63787
20.4997
-30.8068
19.6529
40.5178
9.87166
-28.8215
39.0622
18.2627
78.7351
-26.6248
-14.5674
-11.3382
-4.08903
43.5098
36.3148
12.8422
-63.9447
-33.6302
-53.628
36.2494
71.6563
-74.005
-10.4965
-54.7681
-42.8074
-22.6263
-39.7542
5.3044
69.3772
31.7652
74.5989
-21.0081
31.983
23.4593
-2.38339
-17.2591
-7.60822
22.5785
-28.1758
-25.4261
-7.21701
40.6991
19.4478
67.1333
28.3415
5.1155
-2.40667
-16.582
-1.42016
-19.0454
54.9712
9.17193
4.86783
12.4274
-37.9744
-24.0138
1.39759
8.75361
68.3737
41.191
11.6286
43.6186
-0.534091
114.705
24.3799
4.13359
-3.743
44.8513
30.7153
-5.04287
70.4218
-11.5022
-39.444
-24.3818
4.1968
15.2827
16.2033
-4.91822
23.7506
31.7829
-73.4143
-19.9213
11.6524
17.6309
-78.1811
-29.2409
-43.8887
32.8018
53.5246
-51.5741
-42.7286
10.927
-17.5411
20.6683
-3.88811
-30.5167
17.0924
51.4668
55.9135
46.4987
-42.4327
-29.4342
-46.9329
-42.2037
-30.4446
5.92888
-45.5253
-60.5608
-37.029
-14.0946
-28.3462
-75.3412
-43.6569
9.14867
-57.8517
23.4322
-28.5487
-16.284
64.4379
53.3836
-46.7028
-56.6102
-22.1826
42.447
34.0026
-5.26894
83.9732
-9.65729
8.23352
24.3852
-57.3915
-20.0012
10.671
46.3116
19.7868
-27.8402
-68.2603
-52.8686
-143.356
-69.1953
28.8538
24.7001
-30.7898
0.81961
-7.21667
27.5712
44.5091
39.8422
100.019
10.5159
5.37122
-115.713
21.9145
-22.8949
39.7548
41.9533
-9.87234
-18.0194
28.8681
34.1289
12.3742
-12.2229
-38.7733
64.6839
69.8881
20.6408
86.7209
58.0413
-25.2747
93.0963
8.9156
58.0396
-44.603
-47.5102
-89.4831
-16.7132
-34.6911
-4.57895
-27.2301
23.2253
-18.0539
-11.7997
-41.2465
-38.6752
-63.2008
2.71782
23.855
59.9724
36.9516
-70.6738
-49.1258
22.9641
15.4664
-24.7795
88.7955
108.698
-10.0854
56.8725
51.4949
21.8132
-57.7852
-24.2452
39.7333
-44.6563
-68.559
10.4626
15.0442
4.62362
45.7774
-22.3687
7.3978
-25.9899
5.65799
-24.6414
-61.767
-128.956
-4.46341
2.90061
30.3665
28.925
-23.9519
-25.7783
-73.7508
-3.35606
6.28571
-12.2647
7.91774
75.7928
-16.9192
-53.6454
-14.5129
-52.8273
-14.4861
40.5467
-17.9838
44.225
-19.5954
3.21886
-21.3414
61.2647
-22.568
0.282971
65.2763
-20.6163
14.7911
59.9427
-8.13583
36.9536
-13.8826
34.8289
43.7379
63.7797
-1.63363
-32.5245
-74.9905
-29.4862
4.68072
-15.2256
31.9777
-21.6152
12.6145
-27.6633
-58.8684
-34.5799
37.2801
61.7431
109.754
-15.8598
-35.7463
-33.713
-12.8959
-26.1614
-67.3329
4.55054
48.7748
29.7371
33.11
-18.8881
24.8027
-90.8105
16.6068
9.68387
-59.3636
22.3977
-65.7206
4.33559
-46.3077
-24.0887
8.4156
52.9463
-30.5866
-73.4145
-77.3011
-37.9474
5.73359
9.60744
162.989
82.1648
39.0125
-10.7057
4.05912
11.3464
33.711
-6.88341
14.9636
-41.6155
-19.0681
54.5766
28.2497
-12.5698
-46.6822
13.2479
-19.9561
95.5847
12.7023
-33.8635
4.19846
-46.0036
1.29288
22.2752
54.301
-68.5351
-62.4821
33.3709
-35.9406
-35.7545
62.2906
0
-62.9304
-61.0566
-10.0198
45.598
5.81531
6.61019
17.7969
-10.2904
-61.2148
22.3671
23.1017
-34.4917
11.3739
46.2632
94.8952
41.0979
39.7716
34.4446
-30.2683
-7.38972
-22.6423
14.2343
20.1535
-30.0291
-20.8475
-4.49265
-15.3209
-22.0013
-24.8662
-34.0012
21.2348
-7.57116
-66.0025
-48.729
16.9279
-49.945
-74.2038
-86.6444
-25.6463
16.6411
-61.6159
-59.3957
-59.4932
-57.011
54.4215
1.62662
-17.5239
-12.7621
-84.9904
-33.7478
-45.6204
-39.0489
14.6655
47.6526
-0.563914
50.1881
38.1778
48.0077
5.38452
10.8618
-22.234
-4.95836
6.81784
-26.8305
-54.7137
-13.9032
-23.2764
16.0986
-35.0214
38.6239
22.3268
21.323
-32.083
-65.8534
49.4696
48.9918
70.927
2.10031
-43.5106
24.6238
-16.7452
-60.8128
-52.3302
-11.7879
7.24937
-0.186398
-6.07364
108.011
38.2004
-49.1962
-75.1119
-4.12987
-18.8356
-14.2508
14.914
56.8453
-12.4173
-10.7102
-37.7477
59.7338
14.6115
-18.1319
113.525
81.9792
86.7313
-59.3346
-3.28448
60.9302
17.0888
43.4442
65.4393
77.91
24.1511
57.1011
47.303
2.94669
-5.08078
-54.0089
92.8522
-60.5345
-7.94434
24.5769
41.3266
1.93637
-32.6629
-68.0164
-1.72554
54.6826
-65.6738
17.1078
-49.8429
6.85842
7.89948
63.8832
4.50062
20.7651
0.772036
-60.2916
1.68136
19.8846
39.4166
43.0584
19.7514
-38.7985
-39.5043
-12.0514
60.9758
50.5078
51.233
-21.1443
-39.1765
-22.423
32.6465
24.8061
-24.1341
-64.3125
-33.4274
28.0799
-58.837
-0.709229
39.0898
24.9866
-2.30189
17.1924
-15.7444
23.6695
13.0312
8.99568
-5.74221
-4.19238
-40.1689
-93.0473
42.3024
26.9515
27.3595
55.5299
51.4874
-11.9415
-1.11945
115.907
76.0137
-61.5058
-73.2687
53.3749
-6.49281
-17.908
-3.40943
15.6267
8.66912
-3.35593
-5.64041
-52.1896
-43.7666
-96.015
-50.0347
-7.38783
31.915
