329
21
-240.667
-22.6
602.667
-165
-249
-935.5
94
-40
-442.8
848.667
-92.5
638
38.5
-101
-639.333
-115
17
9
549
-90
472
148
78
-634
84
-99
-19
91
-576.667
-32
-322.4
-606
81
-725.5
-332
-507.143
486
-583
-23
-478
-181
-251
7.81818
-448.4
200.5
1000
-470.667
67
19
-1049.6
698.667
-630.667
1113.33
609.333
-13
76
-48
678
-864.5
676
40
-15
95
-60
-1000.5
-426.667
7
551
-481.333
-524.667
-648
450
580
-652.667
348
622.6
-67
-116
371.333
-396
-166
25
628
638.667
183
746
602
-608
106.25
-83
115.111
151
633.333
-1156.5
-916
1066.67
-164
-901.143
534.5
680.667
-560
-64
-15
-125.2
555
-235
268
182
849.5
117.6
730
448.4
-560
376
630.667
-846.5
-42
-383
1028.86
-63
201
912
-380.4
9
-657.333
1243.33
70
-326.4
-691.333
8
266.667
105
88
-554
-453.333
-586.5
-595.2
362
-256
-24
101
-416
-8
-43
12
-462.667
115
194.25
-618
401.778
-48
606.667
146
24.5
-49
-650
53
-173
-191
-818
-54
-536
676
-312
159
-730.667
-155
-83
627.333
44
-69
20
-1313.8
59
-184
591.333
-25
-99
-294
-81.1429
-160.4
738
817
-472.4
94
-68
-556
1022.8
-372
-352
689.5
8
69
-189
-32
816.5
-411.333
-71
1004.8
-578
-317.333
10
-838
-66
-405
-742
1015.33
-670
-555.5
887.6
24.5
-1
276
-150
25
38
501.333
-581.6
166
79
-64
992.4
174
-778.5
-852.8
127
-241
-290.667
442
-648.667
-920
71
240
223
-456.667
-590.667
664
-646
326
-700.667
-521.333
-567.333
-694.667
62
490
514.4
27
-547.333
91
-474
884.5
-734.667
337
670
344
26
764.5
176
-163.2
985
488.667
173
648
-629.333
-44
192
-86
-34
708
-783
508.857
44
293
537.333
-186
-76
-189
-241
745
78
553.333
-550.667
476.667
180.429
347.333
51
-517.2
568.667
622.667
999
-638
117
336
-21
-632
1216.67
180
619.333
-919.2
-390.667
-899.5
-49
-708
-11
56
692
613.6
103
-1133.56
-224.667
912.4
524.667
510.667
550
108
505.333
-491.333
918
12
794.5
656.4
-1
31
845.5
168.8
25
-685.333
-49
560
97
-26
107.5
-238.444
899
-710
67
-465.333
660.667
45
-318
-650
-29.5
57
-687
498
535
-579
868
-361.333
179
-41
333
-438.667
47
-576.857
-735
-22
15
10
-652
-667.333
-94
-10
27
-558
40
673.333
-12.8
286
-166.667
-569.333
-669.333
-161
-470.667
-825.5
517
607.333
-507.333
-14
887
-305.6
-1018.8
-943.5
-1302.33
396
514
806.4
-182
-600
-52
-76
382
36
-115
-41
18
-145
49
72
-179
577.333
588.667
335.667
-231
-370.833
22
-625.333
-127
-55
-155
1051
-127
-77.5
-938.5
736.667
-845.5
-689.5
244.667
-240
-270.8
-742
575.333
36
-552
-544.667
-362
496
-188
534
230
24
-982
282
632.333
468.667
-318
821
33
-158
4
49
44
-34
-15
-452
344
-760
99
-81
494
-211.333
841.333
572
121
-124
396
91
1249
663.333
-24
21
8
23
566.667
18
-89
869
534.667
226.5
42
153
712.667
84
824
763.6
115
532
163
606
-116
31
616.667
-388
1194.4
-160
-590
610.333
499.333
-58
305.5
-1025.5
-957
463.333
-131.714
563.333
-144
-482.667
121.5
890
-547
226.8
147
-538
2
-582.667
-883.5
10
-150
-294
-312
545.6
647.333
82
-652
-730.667
-652
396.667
681.6
7
638.667
58
564.667
603.333
813.5
-545.333
-61
1201.14
580.333
-177
457.333
218.364
-252
948.8
74
518
-1070.33
572
290
227
582.667
930.5
704
61
-96
-356.667
-802
364.667
-657.333
549.333
972.5
-577.333
570
-21
-211
520
917
-591.333
-798
-385
-100
-619.333
-218
-335
-309
-70
-25
463
-664.667
-420
515.333
62
-151
523.143
-248
556.5
552
-157
-63.3333
660.667
-432.333
470
-107
-61
-512
506
-554
-893.5
-16
226
33
64
-198
286.667
-573.6
48.5
49
137
-768
221
234.667
-10.8
-516
-666
64
502.667
64.5
983.667
172.667
-713.429
32
-592
318.667
-546.667
600
-26
14
-190.857
536.667
830.25
-633.75
54
216
-678.5
-61
-23
596.667
541.333
-530.667
370
-640
-173
31
-82
114
557.333
-1149.6
-346
616.333
148.5
-710.333
-63
-1027.6
815.333
11
-21
1002
153
-378
-745
548.667
-102
153
20
48
635.333
588.667
-56
-621.333
-52.4
-196
929.5
229.714
1119.2
-157
-132
-713
-228
425.333
146
-157
768
517.333
209.778
17.2
-836
1103.6
565.714
-50.3333
-120
98
53
-194
-544.667
-147
-55
-836.5
16
949
-577.333
-234
-251.2
448.667
49.5
-110
-101
-366
203
29.1429
196.75
833
-118
41.2
-560
73
-21.5
-142
-303.6
1
-434.667
-19
-720.667
181
420
33
319.75
-302.667
367
13
-666
643.333
90
-101
40
38
1199.67
-61.3333
-584.667
-77
616
-37
358.8
130
115
-176
13.6667
35.3333
873.5
-684.5
142
-221
749.5
-2
167
-967
-406
294
19
748.5
485.6
1
1039.5
-613.143
-13.5
15
50
-571.333
-981
-290
-717.714
518.667
134
46
394.667
-82
25
-522
62
23
53.75
831.2
-548.667
854
47.5
183
-669
-1317.43
398.4
32
-24
164
595.333
32
-42
232
78
869.5
6
720
165
-512.667
-981
-732.4
-108
493.333
85
-821
-331
-420.4
936.5
-489.333
1076
-89.3333
-81
109
-50
-681.333
14
798
-181.5
17
-2
160
-243
-931.5
38
-15
-600
327.333
682
-754
15
-243.333
-678.667
-93
125
50
-378
-47
110
-966
-652
-26
-488
-653.75
-52
-25.1429
897.2
631.333
199.5
1086.8
64
-24
148
584.667
-42
527.333
-919.143
-136
572
-639
-33
420
-396
-283
-127
-588
-524
-140
564
-28
-514
-979.6
-1492.67
-23
-80
5
90
-805.5
-899.2
655.143
264
-412.667
-18
556.667
806.5
-75
-1145.43
363.6
-227.2
-951
154.5
-730
592
-586.667
640
645.5
-109
-656.667
19
899.5
-86.6667
991.6
642.667
-76
-48
314.667
834
468
848
-72
360
70.8
534.667
-44.5
124
-40
-1
-32
-315.2
36
-40
-463.6
-99
-560
48
-590
1002
-23
618
-274
-550.667
-659
-569.333
-392
-242
-489.333
91
-867
801.111
-51
-598.667
-67
416
-420.667
6
-502.667
-679.667
89
406.4
-688
44.4
335
728
639.333
-592
-55.5
645.333
-589.333
56.5
-330
-132
29
-668
41
-58
54.6667
575
-709.333
-1023.5
127
-100
-71
925.6
-332
-707.5
495.333
-588.667
-1
-204
89.2
-95
835.5
988
-219
158
-31
-596
174
-80
116
123.5
287
471.333
-1024.57
-471.333
-169
-683.333
-578.667
-129
486
293
54
-576.667
269
464.2
-578
-519.5
-192.4
54
84
476.667
856
-852
14.5
555.333
0
-310
-539.429
98
-592
284.667
292.667
-619.6
-82
743.5
-58
1060
596.667
708
927.6
70
-766.5
-82
461
26
-570.5
-573
-3
-394
-528.667
429.714
-985.6
-33
648
-293
446
818
-1032.5
-561.333
60
-119
-626.667
-564
863
104
87
798.571
71
-125
493.6
-343
81
58
428.667
681.429
-677
606
-2
-238
-10
-560
672
607.333
-142
443.333
613.333
-864
37.5
-10
76
36
12
1052.4
221
92
-122
-21
11
-79
-3
586
183
449.333
740.5
91
1262.8
-1092
151
-402
314.5
-469.833
-136
-91
-59
-738
495.333
502.8
-304.8
-611.2
57
-100
-159
-131.5
45
198.4
519.333
-629.25
701.556
416.667
-976.5
804
436
408
20
-636
-9
-677
28
-659.6
12
-257
547
-397.667
-546
-80
-1001
-328.8
-1049.33
-503.333
117
368
-876.286
-804.333
440
-194
702.667
-766.5
584
-14.5
579
-84
-58
731
600.667
348.667
405.333
-905.5
-1
4
-591.333
944.5
498
-101
-611.333
879
-35
-665.333
653.333
-65.4286
226
143
-591.333
-25
933.273
-459.714
-116
475
-991.5
-735
173
-524
-73.5
-366
-34
282
-423
791
-349.333
624.667
220
34
-1047.33
164.333
380.667
-177.667
-226
216
127
-1024
-10
921.5
158
-704.667
50
561.333
-924.4
641.333
-961.5
-532
991.667
635.333
622.667
-156
582.667
-572
114
-55
-136
233
-69
-34
-48
-103
-30
-153.333
16
86
-74
-516.667
573.429
926.667
-895
-151
-70.1538
464.889
361
-176
-544.667
-353.333
25
310.667
-141.2
-815
-668.667
-412.667
-145
25
-958
-934.8
532
1071
59
642.667
124
787
551.6
-43
89
-116.667
234
-590.667
116
-805.6
92
-495
80
-178
86
-510
550.667
-426
337
54
352
-265.333
-383.333
168
833.333
-303.333
-282.4
522
-70
81
-380
41
-633.333
797.333
402
1154.67
-594
-315.333
-122.5
-397.333
-28
493
-67
-628.667
-334
-318.8
-62
-60
-110
-808.5
271.714
-124.4
-683.333
662.667
-47
260.667
-677.333
4
-927
4
734
-170
-158
537.333
-59
264
516.667
-217
130
-888
-965
47
918.5
394.4
-833.333
42
697.333
-30
714
654.667
-24
383.333
-726.667
69
123
506.667
-602.5
642
-530
-139
-115
110
25
-375
-326.4
-92
-58
178
-80
1096
883
-21
-85
107
56.5
-190
39
26
-258
-101.5
58
34.5
13
-119
7
-657.333
350.4
-414.667
265
-157
-35
22
-94
-333.333
66
-59
124
22
4.5
-67
647.333
23
-191
-453.2
-476.667
-1207.67
-439
338.8
238
-192
-209
438.667
313.5
-598
-396
566
537
3
-540
-94
30
-414
-308.571
369.333
-17
-540
-151
-713.333
-369.818
-122.5
348
410
-164.5
707.333
6
629.333
-342
-1
239
-420
-219.429
854.4
68.4
235
-1061.67
-880.5
-448.8
-73
380
-538.5
-22
38
-74
79
159
-983.6
-966.4
770
24
280.8
22
-379.333
892
-428
38
862
-662.667
-154
87.5
-455.333
-213
554.5
-192.5
378
1151.6
-768
-934.5
63
-268
-90
-881
316
-695.333
-58
44
-627.333
-8
-55
-19
37
20
-640
945
-12
-666.667
-14
-670.667
72
-668
28
649.714
-7
-403.5
-52
36
44
-467
-7
-257
-476
176
-990
-7.33333
-271
-101.5
-588.667
-11
1144.8
-62
312
39
-120
-26
-99
400
-19
90.4
-231.667
908.667
446.667
79
-578
925.5
185
249
-110.222
-49
-747.333
16
-8
-572
-1114.8
282.8
-627
127
-448.667
345.333
-415.333
640
552
-44
-135
-430
510
601.333
-474
-412
688
207
335.333
498.8
-16
43
58
-311.2
582.667
-69
579.2
545
-112
43
738.667
-607.333
20
-618.667
-656.667
61
438.667
-778.667
14
-51
-672
-264.4
-933.333
290
115
807
-377.5
143
642.667
103
-583.333
665.333
16
-518
-32
-885
588.667
-17
670
-491
-216
-228
-425.75
-372.8
-732.667
790.333
296.333
-381
1050.67
-877
-9
42
320.667
-702.667
-747.333
-618
54
107
-174
508
654.667
-578
-61
515.333
-8
-25
283.778
86.8571
573.333
-291
-491.333
616.667
263
-666.667
-91
-17
-588.4
-584
-332
-412.667
261
-11
232.5
210.4
45
5
-95
-72
-730.667
-836
-9
-590.667
640
-395.6
978
-169
-600
572
514
105
765.5
-336
-228
-722.5
757
54.8
-9
698.667
-654
-14
-648
-91
-112
-1226.33
45
-13
713.333
387.2
468.889
417.667
510
417.333
-150
-21
-149
506.667
74
-280.333
-692
417.333
515.333
76.8571
-364
-583.333
586.667
0
3
-22
-44
-37
-376.8
28
699.333
-243.2
229.333
107
923
235
399.6
626.667
362
-9
-60
520.667
-51
-62
121
5
442
171
37.1429
110
-324.667
575.333
277
60.5
-203
95
350.667
-188
-702
134
684.667
-779
-684.667
-31
895
-39
595.333
-13
133
868.5
77
-502
897.5
-634
666.667
1210.8
-192
-586.667
-648
-265
-162
-1043.11
74
203.333
-1025.33
13.2
509.333
77
-122
-317.333
588.667
1064
63
30
219
441.333
-952.5
-752.667
635.333
-482
852.909
-244
-22.3333
-50
-47
-87
55
-24
-13
-534.667
-16
-757.333
464.667
1077.6
77
-889
244
300
-97
-33.1429
-767.5
1025
54
34
773
428
-332
-104
-837.5
-117
-651.333
-634
94
613.333
712
-673.6
-154
-103
-988
-70
-81.5
-1006.5
128
-643.5
-678
-790
-46
-157
74
532.667
255
562.4
763.6
-250.4
51.3333
17.4286
-839.5
-172.667
578
-118
-411.667
447.333
-604
42.6667
-135
69
5
191
632.4
313.5
428.75
-14
-612
480
-69
-24
-90
662.667
-419
-30
141.2
-46
-358
-732
-716.5
-456.667
-666
698.5
767.6
-430
-40
906.8
792
-89
44.6667
959
219
-770
60
-95
146
85
61
-849
-464.667
-12
104
33
579.333
-934.5
-927
239.2
970.5
692.667
81
-276.4
-391.667
589.333
-373.333
580
662.667
680
-291.333
137.143
1052
640
-188
353
15.1429
-861.333
140
72
118
131
46
175
-392.4
-598.667
-35
719.333
900.5
-105
-2
393.6
766.8
-378.286
18
-92
-578
-564.667
-12
533
366.8
319.5
1019
-598
21
-510.667
67
125
554.667
-218
-8
15
106.571
91
-90
-41
76
611.333
605.333
69
-81
60
-1056
417
377.5
609.6
664.5
-30
-76.6667
475.333
-121
-1156
21
-704.5
610.667
1082
567
34
-21.3333
-14
588
76
655.333
30.5
-989
75
715.333
-211
330.4
-588
489.143
59
-484.667
-81
431.333
-58
-639.333
511.333
-561.333
4
3
-574
-3
44
-15
-17
-566
-1100
133
-835.5
90
-39
253
784
-640
-139.75
374.667
-18
24
-710.667
-129
-1017
197
150
-274.667
-1019.33
1132
-589.333
641.333
-370.286
-996
481.333
-716
-32
445.333
219
814.667
23
30
706.8
